2.117500901222229004e-01 -8.898883461952209473e-01 4.526547193527221680e-01 9.414790868759155273e-01 -2.291583269834518433e-01 -8.380176424980163574e-01 2.782081663608551025e-01 7.854763418436050415e-02 -6.896681189537048340e-01 5.521737933158874512e-01 8.646080493927001953e-01 -6.041484475135803223e-01 4.573992192745208740e-01 3.263933211565017700e-02 8.854715824127197266e-01 8.593091964721679688e-01
2.208014726638793945e-01 -8.957731723785400391e-01 3.234769105911254883e-01 9.409142732620239258e-01 -3.730139732360839844e-01 -8.413978815078735352e-01 1.047009229660034180e-01 -6.663461029529571533e-02 -7.025541067123413086e-01 5.519985556602478027e-01 8.827022314071655273e-01 -4.603899419307708740e-01 5.513040423393249512e-01 1.144623458385467529e-01 8.884620070457458496e-01 9.151550531387329102e-01
2.277991026639938354e-01 -8.989732265472412109e-01 1.580846011638641357e-01 9.327246546745300293e-01 -5.009170770645141602e-01 -8.417652845382690430e-01 -7.623285055160522461e-02 -2.125758677721023560e-01 -7.116996645927429199e-01 5.458557009696960449e-01 8.965682983398437500e-01 -2.596560716629028320e-01 6.279676556587219238e-01 1.870349645614624023e-01 8.902675509452819824e-01 9.476506710052490234e-01
2.332089990377426147e-01 -8.949033617973327637e-01 -3.759266436100006104e-02 9.121344685554504395e-01 -6.100980639457702637e-01 -8.374294042587280273e-01 -2.569634616374969482e-01 -3.523966670036315918e-01 -7.183234691619873047e-01 5.341616272926330566e-01 9.060961008071899414e-01 -4.471585154533386230e-03 6.902577877044677734e-01 2.509152591228485107e-01 8.906252384185791016e-01 9.652218222618103027e-01
2.374152690172195435e-01 -8.691607117652893066e-01 -2.496730238199234009e-01 8.690189123153686523e-01 -7.001824975013732910e-01 -8.252205252647399902e-01 -4.271312952041625977e-01 -4.806119203567504883e-01 -7.232218384742736816e-01 5.172702074050903320e-01 9.106676578521728516e-01 2.784429490566253662e-01 7.408070564270019531e-01 3.071594238281250000e-01 8.888980746269226074e-01 9.740312695503234863e-01
2.407637387514114380e-01 -7.856605648994445801e-01 -4.552720189094543457e-01 7.871290445327758789e-01 -7.724628448486328125e-01 -8.003076314926147461e-01 -5.758309960365295410e-01 -5.928096771240234375e-01 -7.269228100776672363e-01 4.951117634773254395e-01 9.087445735931396484e-01 5.409160852432250977e-01 7.816646695137023926e-01 3.572098016738891602e-01 8.838164210319519043e-01 9.778256416320800781e-01
2.435851693153381348e-01 -5.975593328475952148e-01 -6.288713812828063965e-01 6.538441777229309082e-01 -8.294330835342407227e-01 -7.573881149291992188e-01 -6.964006423950195312e-01 -6.862258315086364746e-01 -7.297565937042236328e-01 4.664461910724639893e-01 8.966578245162963867e-01 7.405928373336791992e-01 8.143706321716308594e-01 4.028188586235046387e-01 8.730589747428894043e-01 9.784938097000122070e-01
2.461541444063186646e-01 -3.088465034961700439e-01 -7.559789419174194336e-01 4.794991314411163330e-01 -8.739949464797973633e-01 -6.925970911979675293e-01 -7.885322570800781250e-01 -7.607698440551757812e-01 -7.318879365921020508e-01 4.286347031593322754e-01 8.660365343093872070e-01 8.660835623741149902e-01 8.402079343795776367e-01 4.457139074802398682e-01 8.524095416069030762e-01 9.766258001327514648e-01
2.485742866992950439e-01 1.550090312957763672e-02 -8.395391106605529785e-01 2.944091558456420898e-01 -9.083362817764282227e-01 -6.051137447357177734e-01 -8.555983304977416992e-01 -8.182426691055297852e-01 -7.333523035049438477e-01 3.793644011020660400e-01 8.038454651832580566e-01 9.328894019126892090e-01 8.602336049079895020e-01 4.869539141654968262e-01 8.154724240303039551e-01 9.719034433364868164e-01
2.506620883941650391e-01 3.119733929634094238e-01 -8.916141986846923828e-01 1.218572556972503662e-01 -9.338803291320800781e-01 -4.961261153221130371e-01 -9.022820591926574707e-01 -8.609398603439331055e-01 -7.340478897094726562e-01 3.186503648757934570e-01 7.036424279212951660e-01 9.642048478126525879e-01 8.751227259635925293e-01 5.265101194381713867e-01 7.558052539825439453e-01 9.632225036621093750e-01
2.518947720527648926e-01 5.486875176429748535e-01 -9.236921072006225586e-01 -3.114036470651626587e-02 -9.519904851913452148e-01 -3.666616678237915039e-01 -9.335557818412780762e-01 -8.912603855133056641e-01 -7.336468100547790527e-01 2.484440952539443970e-01 5.749202966690063477e-01 9.779361486434936523e-01 8.850135207176208496e-01 5.632449984550476074e-01 6.696361899375915527e-01 9.483667612075805664e-01
2.513777017593383789e-01 7.202082872390747070e-01 -9.436272382736206055e-01 -1.657466441392898560e-01 -9.641699790954589844e-01 -2.178313434123992920e-01 -9.538781642913818359e-01 -9.115698337554931641e-01 -7.314630150794982910e-01 1.712404787540435791e-01 4.326068758964538574e-01 9.840791225433349609e-01 8.893614411354064941e-01 5.949983596801757812e-01 5.569341778755187988e-01 9.233177900314331055e-01
2.477649897336959839e-01 8.354214429855346680e-01 -9.561811685562133789e-01 -2.848388552665710449e-01 -9.718146324157714844e-01 -5.216728150844573975e-02 -9.667840600013732910e-01 -9.239164590835571289e-01 -7.262926697731018066e-01 8.928506821393966675e-02 2.866682708263397217e-01 9.871577024459838867e-01 8.867927789688110352e-01 6.187786459922790527e-01 4.209862351417541504e-01 8.812600374221801758e-01
2.390754073858261108e-01 9.080651998519897461e-01 -9.641300439834594727e-01 -3.908202350139617920e-01 -9.759908914566040039e-01 1.251903921365737915e-01 -9.748153686523437500e-01 -9.297841787338256836e-01 -7.161744832992553711e-01 4.297807812690734863e-03 1.417841017246246338e-01 9.889398217201232910e-01 8.748230934143066406e-01 6.309243440628051758e-01 2.671368718147277832e-01 8.117959499359130859e-01
2.223247587680816650e-01 9.513336420059204102e-01 -9.690628051757812500e-01 -4.852479100227355957e-01 -9.773473143577575684e-01 3.057866692543029785e-01 -9.796421527862548828e-01 -9.299374818801879883e-01 -6.979975104331970215e-01 -8.259282261133193970e-02 -2.654865384101867676e-04 9.900285005569458008e-01 8.494118452072143555e-01 6.270241737365722656e-01 1.015157252550125122e-01 7.023947834968566895e-01
1.928709149360656738e-01 9.756850004196166992e-01 -9.718483090400695801e-01 -5.689970850944519043e-01 -9.760630130767822266e-01 4.782579541206359863e-01 -9.822431802749633789e-01 -9.242478609085083008e-01 -6.668652892112731934e-01 -1.707578152418136597e-01 -1.389714777469635010e-01 9.905672669410705566e-01 8.046579957008361816e-01 6.015771031379699707e-01 -6.970895826816558838e-02 5.453692078590393066e-01
1.434627771377563477e-01 9.885412454605102539e-01 -9.729191064834594727e-01 -6.425344944000244141e-01 -9.717199802398681641e-01 6.305754780769348145e-01 -9.830399155616760254e-01 -9.114166498184204102e-01 -6.152063012123107910e-01 -2.596781551837921143e-01 -2.740436196327209473e-01 9.905009269714355469e-01 7.336769104003906250e-01 5.477930903434753418e-01 -2.404876947402954102e-01 3.490398526191711426e-01
6.356967240571975708e-02 9.948177337646484375e-01 -9.725145697593688965e-01 -7.061721682548522949e-01 -9.629786610603332520e-01 7.537112236022949219e-01 -9.819161891937255859e-01 -8.886267542839050293e-01 -5.321696400642395020e-01 -3.481550216674804688e-01 -4.044349789619445801e-01 9.896548986434936523e-01 6.323320269584655762e-01 4.586292207241058350e-01 -4.046943783760070801e-01 1.402204781770706177e-01
-5.908079817891120911e-02 9.976068735122680664e-01 -9.709405899047851562e-01 -7.602713108062744141e-01 -9.468718171119689941e-01 8.445490598678588867e-01 -9.780562520027160645e-01 -8.512628078460693359e-01 -4.049732983112335205e-01 -4.335313439369201660e-01 -5.277249217033386230e-01 9.877343177795410156e-01 5.045061111450195312e-01 3.299660086631774902e-01 -5.560116171836853027e-01 -5.059328675270080566e-02
-2.311608642339706421e-01 9.987136721611022949e-01 -9.687457084655761719e-01 -8.053864836692810059e-01 -9.175062775611877441e-01 9.059444665908813477e-01 -9.694525003433227539e-01 -7.929213047027587891e-01 -2.243937700986862183e-01 -5.117518305778503418e-01 -6.404491066932678223e-01 9.842436313629150391e-01 3.618536293506622314e-01 1.646225154399871826e-01 -6.882859468460083008e-01 -2.058853358030319214e-01
-4.380883574485778809e-01 9.990630149841308594e-01 -9.665817022323608398e-01 -8.423271179199218750e-01 -8.643636703491210938e-01 9.442370533943176270e-01 -9.517757296562194824e-01 -7.064224481582641602e-01 5.973339080810546875e-03 -5.784259438514709473e-01 -7.390122413635253906e-01 9.782510995864868164e-01 2.168338894844055176e-01 -2.602018415927886963e-02 -7.963792085647583008e-01 -3.234764635562896729e-01
-6.314890384674072266e-01 9.990410804748535156e-01 -9.646749496459960938e-01 -8.721423149108886719e-01 -7.723880410194396973e-01 9.662573337554931641e-01 -9.165484905242919922e-01 -5.876053571701049805e-01 2.627998590469360352e-01 -6.302701234817504883e-01 -8.203668594360351562e-01 9.677705168724060059e-01 7.733213156461715698e-02 -2.252311855554580688e-01 -8.772766590118408203e-01 -4.091253876686096191e-01
-7.535844445228576660e-01 9.987409114837646484e-01 -9.622923135757446289e-01 -8.960388898849487305e-01 -6.297267079353332520e-01 9.773499965667724609e-01 -8.508102297782897949e-01 -4.417339861392974854e-01 5.074568986892700195e-01 -6.665359735488891602e-01 -8.826476335525512695e-01 9.482420682907104492e-01 -5.414202809333801270e-02 -4.168719351291656494e-01 -9.310565590858459473e-01 -4.698771238327026367e-01
-7.870368361473083496e-01 9.980872869491577148e-01 -9.577166438102722168e-01 -9.152022600173950195e-01 -4.429885149002075195e-01 9.804952740669250488e-01 -7.437307834625244141e-01 -2.840258479118347168e-01 7.039891481399536133e-01 -6.897883415222167969e-01 -9.262127280235290527e-01 9.098255634307861328e-01 -1.784134358167648315e-01 -5.875579118728637695e-01 -9.611266851425170898e-01 -5.118821859359741211e-01
-7.491014003753662109e-01 9.968504905700683594e-01 -9.485507607460021973e-01 -9.305962324142456055e-01 -2.380548417568206787e-01 9.757944345474243164e-01 -5.979185104370117188e-01 -1.305429637432098389e-01 8.369871377944946289e-01 -7.048945426940917969e-01 -9.540485739707946777e-01 8.356513977050781250e-01 -2.961287498474121094e-01 -7.265237569808959961e-01 -9.731907844543457031e-01 -5.406524538993835449e-01
-6.518408060073852539e-01 9.944986104965209961e-01 -9.314787387847900391e-01 -9.428762197494506836e-01 -4.011495411396026611e-02 9.596098661422729492e-01 -4.297333657741546631e-01 7.576294243335723877e-03 9.134099483489990234e-01 -7.171667814254760742e-01 -9.703990817070007324e-01 7.069719433784484863e-01 -4.058511257171630859e-01 -8.289967179298400879e-01 -9.726255536079406738e-01 -5.607985854148864746e-01
-4.955871403217315674e-01 9.897221326828002930e-01 -9.011464118957519531e-01 -9.523217678070068359e-01 1.381317824125289917e-01 9.228254556655883789e-01 -2.567760646343231201e-01 1.242626160383224487e-01 9.515776634216308594e-01 -7.308931350708007812e-01 -9.788922071456909180e-01 5.202224254608154297e-01 -5.051652193069458008e-01 -8.977991938591003418e-01 -9.610904455184936523e-01 -5.755076408386230469e-01
-2.856554090976715088e-01 9.792254567146301270e-01 -8.493670821189880371e-01 -9.586087465286254883e-01 2.931737899780273438e-01 8.488738536834716797e-01 -8.973763883113861084e-02 2.181067168712615967e-01 9.690843820571899414e-01 -7.473487854003906250e-01 -9.816771745681762695e-01 3.044029474258422852e-01 -5.923119783401489258e-01 -9.402847290039062500e-01 -9.338033199310302734e-01 -5.866698026657104492e-01
-4.855267703533172607e-02 9.552312493324279785e-01 -7.678493261337280273e-01 -9.603954553604125977e-01 4.246907234191894531e-01 7.181577086448669434e-01 6.602159887552261353e-02 2.913629114627838135e-01 9.768044948577880859e-01 -7.623627185821533203e-01 -9.795601367950439453e-01 1.037531346082687378e-01 -6.663371324539184570e-01 -9.645774364471435547e-01 -8.784561157226562500e-01 -5.953401327133178711e-01
1.751669496297836304e-01 9.013960957527160645e-01 -6.549778580665588379e-01 -9.547976851463317871e-01 5.333256125450134277e-01 5.266309976577758789e-01 2.079261243343353271e-01 3.481191396713256836e-01 9.795506000518798828e-01 -7.668522000312805176e-01 -9.726582765579223633e-01 -5.979534983634948730e-02 -7.256014347076416016e-01 -9.775010347366333008e-01 -7.784585952758789062e-01 -6.021619439125061035e-01
3.558574914932250977e-01 7.904185056686401367e-01 -5.182945728302001953e-01 -9.366372823715209961e-01 6.207889318466186523e-01 2.991304099559783936e-01 3.349876105785369873e-01 3.925832509994506836e-01 9.789708256721496582e-01 -7.517619132995605469e-01 -9.608769416809082031e-01 -1.876399517059326172e-01 -7.663216590881347656e-01 -9.839527606964111328e-01 -6.214511990547180176e-01 -6.075803637504577637e-01
4.820637404918670654e-01 6.008663177490234375e-01 -3.692099153995513916e-01 -8.978002071380615234e-01 6.896958351135253906e-01 7.415640354156494141e-02 4.460486769676208496e-01 4.283238947391510010e-01 9.752513170242309570e-01 -7.110503315925598145e-01 -9.436972737312316895e-01 -2.878078818321228027e-01 -7.837707996368408203e-01 -9.869877099990844727e-01 -4.118324518203735352e-01 -6.118777394294738770e-01
5.555592179298400879e-01 3.557292819023132324e-01 -2.177312076091766357e-01 -8.283739089965820312e-01 7.431750297546386719e-01 -1.199619844555854797e-01 5.398043394088745117e-01 4.581421911716461182e-01 9.675642251968383789e-01 -6.405254602432250977e-01 -9.195894598960876465e-01 -3.674218654632568359e-01 -7.765082120895385742e-01 -9.882327914237976074e-01 -1.789187639951705933e-01 -6.151905059814453125e-01
5.854468345642089844e-01 1.117816269397735596e-01 -7.199256122112274170e-02 -7.218707203865051270e-01 7.845348715782165527e-01 -2.734806537628173828e-01 6.164802312850952148e-01 4.841453433036804199e-01 9.542525410652160645e-01 -5.399153828620910645e-01 -8.854939937591552734e-01 -4.318016171455383301e-01 -7.495401501655578613e-01 -9.883945584297180176e-01 3.882618248462677002e-02 -6.175262928009033203e-01
5.829525589942932129e-01 -9.506029635667800903e-02 6.148315966129302979e-02 -5.810731053352355957e-01 8.167524337768554688e-01 -3.903102576732635498e-01 6.781830787658691406e-01 5.078563094139099121e-01 9.329837560653686523e-01 -4.167663156986236572e-01 -8.363962173461914062e-01 -4.848368167877197266e-01 -7.116591930389404297e-01 -9.876668453216552734e-01 2.205078005790710449e-01 -6.187339425086975098e-01
5.577939748764038086e-01 -2.586918175220489502e-01 1.790510565042495728e-01 -4.160619378089904785e-01 8.420342803001403809e-01 -4.790307581424713135e-01 7.274996042251586914e-01 5.302637815475463867e-01 9.003523588180541992e-01 -2.828994691371917725e-01 -7.652083635330200195e-01 -5.292184948921203613e-01 -6.699970960617065430e-01 -9.859760403633117676e-01 3.649821281433105469e-01 -6.183848977088928223e-01
5.169984102249145508e-01 -3.854787945747375488e-01 2.799135446548461914e-01 -2.379753738641738892e-01 8.617605566978454590e-01 -5.474065542221069336e-01 7.664623260498046875e-01 5.518810153007507324e-01 8.510721921920776367e-01 -1.488936841487884521e-01 -6.636306643486022949e-01 -5.667441487312316895e-01 -6.278724074363708496e-01 -9.830396771430969238e-01 4.785363078117370605e-01 -6.155690550804138184e-01
4.655816256999969482e-01 -4.838220477104187012e-01 3.649869561195373535e-01 -5.587738752365112305e-02 8.765662312507629395e-01 -6.011090874671936035e-01 7.963942289352416992e-01 5.728118419647216797e-01 7.771330475807189941e-01 -2.209207788109779358e-02 -5.245625972747802734e-01 -5.986322760581970215e-01 -5.857580304145812988e-01 -9.782649874687194824e-01 5.678150057792663574e-01 -6.085613965988159180e-01
4.078944921493530273e-01 -5.609246492385864258e-01 4.359239935874938965e-01 1.227632462978363037e-01 8.862588405609130859e-01 -6.440300941467285156e-01 8.180577754974365234e-01 5.927504897117614746e-01 6.676682233810424805e-01 9.333334863185882568e-02 -3.469597995281219482e-01 -6.257454752922058105e-01 -5.427329540252685547e-01 -9.704990983009338379e-01 6.380403041839599609e-01 -5.942484140396118164e-01
3.490582704544067383e-01 -6.223111152648925781e-01 4.945731163024902344e-01 2.904970049858093262e-01 8.893898725509643555e-01 -6.788195371627807617e-01 8.317825794219970703e-01 6.108861565589904785e-01 5.123069882392883301e-01 1.955872178077697754e-01 -1.422309875488281250e-01 -6.487392783164978027e-01 -4.974434375762939453e-01 -9.575874805450439453e-01 6.929796934127807617e-01 -5.673279166221618652e-01
2.956370115280151367e-01 -6.720489859580993652e-01 5.427255034446716309e-01 4.398876726627349854e-01 8.823764920234680176e-01 -7.073327302932739258e-01 8.375308513641357422e-01 6.257701516151428223e-01 3.117091655731201172e-01 2.842303812503814697e-01 6.510166078805923462e-02 -6.681519746780395508e-01 -4.484400749206542969e-01 -9.358053803443908691e-01 7.353824377059936523e-01 -5.199082493782043457e-01
2.541861534118652344e-01 -7.129927873611450195e-01 5.819414258003234863e-01 5.657572746276855469e-01 8.586557507514953613e-01 -7.309536933898925781e-01 8.349509239196777344e-01 6.353095173835754395e-01 8.831945806741714478e-02 3.593439459800720215e-01 2.497453987598419189e-01 -6.844066381454467773e-01 -3.935745954513549805e-01 -8.997560143470764160e-01 7.676334381103515625e-01 -4.431319832801818848e-01
2.283755242824554443e-01 -7.469860911369323730e-01 6.133189797401428223e-01 6.669539213180541992e-01 8.097621202468872070e-01 -7.507733106613159180e-01 8.233706951141357422e-01 6.369437575340270996e-01 -1.228893175721168518e-01 4.212914109230041504e-01 3.996405601501464844e-01 -6.977124214172363281e-01 -3.288504183292388916e-01 -8.439815640449523926e-01 7.922025918960571289e-01 -3.314089775085449219e-01
2.178858369588851929e-01 -7.751961946487426758e-01 6.372243165969848633e-01 7.456015348434448242e-01 7.295213341712951660e-01 -7.676329016685485840e-01 8.015319705009460449e-01 6.277241110801696777e-01 -2.974527478218078613e-01 4.709716439247131348e-01 5.160778164863586426e-01 -7.079098224639892578e-01 -2.487345933914184570e-01 -7.661288380622863770e-01 8.114261627197265625e-01 -1.857181489467620850e-01
2.196201682090759277e-01 -7.985112667083740234e-01 6.530396342277526855e-01 8.052893877029418945e-01 6.175954341888427734e-01 -7.821311354637145996e-01 7.670972347259521484e-01 6.041161417961120605e-01 -4.293127954006195068e-01 5.098336338996887207e-01 6.057961583137512207e-01 -7.142705321311950684e-01 -1.488645821809768677e-01 -6.685637235641479492e-01 8.270217180252075195e-01 -1.311616599559783936e-02
2.292649745941162109e-01 -8.177586793899536133e-01 6.588860750198364258e-01 8.497601151466369629e-01 4.787511229515075684e-01 -7.946652770042419434e-01 7.163651585578918457e-01 5.619044899940490723e-01 -5.236345529556274414e-01 5.394868850708007812e-01 6.755790710449218750e-01 -7.151962518692016602e-01 -2.959248423576354980e-02 -5.569939613342285156e-01 8.399781584739685059e-01 1.750790029764175415e-01
2.425240427255630493e-01 -8.337326645851135254e-01 6.512981653213500977e-01 8.822717666625976562e-01 3.203440904617309570e-01 -8.054840564727783203e-01 6.447342038154602051e-01 4.968049228191375732e-01 -5.889960527420043945e-01 5.613167285919189453e-01 7.306435108184814453e-01 -7.077679038047790527e-01 1.021738052368164062e-01 -4.382342994213104248e-01 8.507841825485229492e-01 3.645560741424560547e-01
2.561027407646179199e-01 -8.471520543098449707e-01 6.250512599945068359e-01 9.053772687911987305e-01 1.509267240762710571e-01 -8.147213459014892578e-01 5.482691526412963867e-01 4.060537815093994141e-01 -6.335507035255432129e-01 5.763212442398071289e-01 7.746758460998535156e-01 -6.871375441551208496e-01 2.351752072572708130e-01 -3.187768161296844482e-01 8.596946597099304199e-01 5.398004055023193359e-01
2.681673169136047363e-01 -8.586043715476989746e-01 5.736043453216552734e-01 9.208923578262329102e-01 -2.047854661941528320e-02 -8.224036693572998047e-01 4.257950484752655029e-01 2.903537154197692871e-01 -6.637982726097106934e-01 5.851457118988037109e-01 8.102151155471801758e-01 -6.458619236946105957e-01 3.589174747467041016e-01 -2.040391862392425537e-01 8.668915629386901855e-01 6.874002218246459961e-01
2.781169712543487549e-01 -8.684662580490112305e-01 4.904951453208923340e-01 9.298740625381469727e-01 -1.854518949985504150e-01 -8.284277319908142090e-01 2.798743247985839844e-01 1.546775698661804199e-01 -6.844584941864013672e-01 5.881946086883544922e-01 8.389827609062194824e-01 -5.734995603561401367e-01 4.672484099864959717e-01 -9.783566743135452271e-02 8.725371956825256348e-01 7.998404502868652344e-01
