1.304507255554199219e-01 9.861103296279907227e-01
2.518552839756011963e-01 9.630590677261352539e-01
3.722266554832458496e-01 9.276463985443115234e-01
4.889473915100097656e-01 8.759646415710449219e-01
5.971086025238037109e-01 8.063689470291137695e-01
6.935943365097045898e-01 7.211416959762573242e-01
7.785429954528808594e-01 6.236809492111206055e-01
8.527277708053588867e-01 5.170289278030395508e-01
9.148126840591430664e-01 4.033645391464233398e-01
9.614109992980957031e-01 2.838963270187377930e-01
9.897298812866210938e-01 1.596508175134658813e-01
9.997887611389160156e-01 3.239692002534866333e-02
9.938335418701171875e-01 -9.540822356939315796e-02
9.740065336227416992e-01 -2.213270068168640137e-01
9.401249885559082031e-01 -3.436712920665740967e-01
8.894284963607788086e-01 -4.616678655147552490e-01
8.205174803733825684e-01 -5.738231539726257324e-01
7.371994853019714355e-01 -6.761188507080078125e-01
6.446461081504821777e-01 -7.645438909530639648e-01
5.446836352348327637e-01 -8.380949497222900391e-01
4.363548755645751953e-01 -8.979609012603759766e-01
3.185766637325286865e-01 -9.453227519989013672e-01
1.924912333488464355e-01 -9.798998832702636719e-01
6.221085041761398315e-02 -9.996782541275024414e-01
-6.713799387216567993e-02 -1.001895308494567871e+00
-1.923822462558746338e-01 -9.849277734756469727e-01
-3.132293224334716797e-01 -9.495435953140258789e-01
-4.306320548057556152e-01 -8.982918262481689453e-01
-5.439283251762390137e-01 -8.337727785110473633e-01
-6.494159698486328125e-01 -7.574482560157775879e-01
-7.426230311393737793e-01 -6.700088977813720703e-01
-8.213880658149719238e-01 -5.721861720085144043e-01
-8.858623504638671875e-01 -4.647610485553741455e-01
-9.366545677185058594e-01 -3.485412001609802246e-01
-9.735231399536132812e-01 -2.249176800251007080e-01
-9.952701330184936523e-01 -9.636133909225463867e-02
-1.000481128692626953e+00 3.383849561214447021e-02
-9.883804917335510254e-01 1.623896360397338867e-01
-9.591836333274841309e-01 2.866441011428833008e-01
-9.138876199722290039e-01 4.047585129737854004e-01
-8.538377285003662109e-01 5.155350565910339355e-01
-7.803602218627929688e-01 6.181564331054687500e-01
-6.945573687553405762e-01 7.119117975234985352e-01
-5.972988009452819824e-01 7.959251403808593750e-01
-4.894931912422180176e-01 8.688614368438720703e-01
-3.726823031902313232e-01 9.286235570907592773e-01
-2.496295273303985596e-01 9.723138213157653809e-01
-1.240234076976776123e-01 9.971619844436645508e-01
1.188792288303375244e-03 1.002723693847656250e+00
1.253769993782043457e-01 9.920448064804077148e-01
