-1.920287907123565674e-01 -3.334425091743469238e-01 4.614674448966979980e-01 7.646224498748779297e-01 -1.842133700847625732e-01 -3.827224969863891602e-01 7.442758232355117798e-02 -8.786430209875106812e-02 -8.493099212646484375e-01 7.754719853401184082e-01 7.571287155151367188e-01 -3.053006529808044434e-02 5.675651431083679199e-01 -1.642091870307922363e-01 -6.642740219831466675e-02 7.357531785964965820e-01
-1.416515707969665527e-01 -1.092839911580085754e-01 3.204219639301300049e-01 6.951618790626525879e-01 -2.922153174877166748e-01 -3.363555967807769775e-01 3.134018927812576294e-02 -6.686528027057647705e-02 -8.457604646682739258e-01 7.208298444747924805e-01 7.562400698661804199e-01 8.544699102640151978e-02 5.696756839752197266e-01 -4.902157187461853027e-02 -9.701038897037506104e-02 6.433247923851013184e-01
-1.263053864240646362e-01 5.360579490661621094e-02 2.091276943683624268e-01 6.284248232841491699e-01 -3.783865869045257568e-01 -2.790923416614532471e-01 -4.154160618782043457e-02 -6.759150326251983643e-02 -8.361502289772033691e-01 6.546513438224792480e-01 7.457550168037414551e-01 1.776964366436004639e-01 5.683197379112243652e-01 4.985540732741355896e-02 -1.316076815128326416e-01 5.737901926040649414e-01
-1.343785673379898071e-01 1.724531650543212891e-01 1.168236210942268372e-01 5.630679130554199219e-01 -4.453430175781250000e-01 -2.152145802974700928e-01 -1.190537512302398682e-01 -8.524008095264434814e-02 -8.228889703750610352e-01 5.851501822471618652e-01 7.263886928558349609e-01 2.533911466598510742e-01 5.611701011657714844e-01 1.291592121124267578e-01 -1.687945425510406494e-01 5.159699320793151855e-01
-1.565497517585754395e-01 2.610225081443786621e-01 3.723194077610969543e-02 4.989114105701446533e-01 -4.969622492790222168e-01 -1.505889594554901123e-01 -1.894613802433013916e-01 -1.114528179168701172e-01 -8.070718050003051758e-01 5.174071788787841797e-01 6.985387206077575684e-01 3.166521787643432617e-01 5.476973056793212891e-01 1.890280693769454956e-01 -2.072871327400207520e-01 4.637305140495300293e-01
-1.858487576246261597e-01 3.287153542041778564e-01 -3.312199935317039490e-02 4.360918700695037842e-01 -5.364373326301574707e-01 -9.034529328346252441e-02 -2.483961582183837891e-01 -1.388406455516815186e-01 -7.891098856925964355e-01 4.538965225219726562e-01 6.625360250473022461e-01 3.698149323463439941e-01 5.281850695610046387e-01 2.315120697021484375e-01 -2.457746863365173340e-01 4.140511751174926758e-01
-2.172486186027526855e-01 3.814723491668701172e-01 -9.601405262947082520e-02 3.747525513172149658e-01 -5.660421252250671387e-01 -3.776410222053527832e-02 -2.951797544956207275e-01 -1.627648770809173584e-01 -7.690401077270507812e-01 3.954994082450866699e-01 6.187494397163391113e-01 4.142471253871917725e-01 5.032530426979064941e-01 2.594526410102844238e-01 -2.829759120941162109e-01 3.658024668693542480e-01
-2.472928166389465332e-01 4.229393601417541504e-01 -1.522585749626159668e-01 3.149619698524475098e-01 -5.873354673385620117e-01 5.847407504916191101e-03 -3.307755589485168457e-01 -1.811857223510742188e-01 -7.466924190521240234e-01 3.422753214836120605e-01 5.676420927047729492e-01 4.508267045021057129e-01 4.736477732658386230e-01 2.757528424263000488e-01 -3.177459239959716797e-01 3.188916444778442383e-01
-2.737863063812255859e-01 4.553871154785156250e-01 -2.021867930889129639e-01 2.567220628261566162e-01 -6.013964414596557617e-01 4.068843647837638855e-02 -3.567172884941101074e-01 -1.937667131423950195e-01 -7.217822074890136719e-01 2.939122319221496582e-01 5.098102092742919922e-01 4.801868200302124023e-01 4.401472210884094238e-01 2.829737663269042969e-01 -3.491585254669189453e-01 2.736754417419433594e-01
-2.955096065998077393e-01 4.803043007850646973e-01 -2.459341287612915039e-01 2.000039964914321899e-01 -6.089897751808166504e-01 6.781876087188720703e-02 -3.745836019515991211e-01 -2.010004967451095581e-01 -6.939615607261657715e-01 2.499573379755020142e-01 4.460068941116333008e-01 5.028245449066162109e-01 4.035121202468872070e-01 2.831700742244720459e-01 -3.765423297882080078e-01 2.305987179279327393e-01
-3.119483590126037598e-01 4.987363517284393311e-01 -2.835938930511474609e-01 1.447859704494476318e-01 -6.106634140014648438e-01 8.860613405704498291e-02 -3.857668936252593994e-01 -2.036378979682922363e-01 -6.628519296646118164e-01 2.099277526140213013e-01 3.771490454673767090e-01 5.191430449485778809e-01 3.644610941410064697e-01 2.778791189193725586e-01 -3.994743824005126953e-01 1.900097578763961792e-01
-3.230552077293395996e-01 5.114641189575195312e-01 -3.152868151664733887e-01 9.108418226242065430e-02 -6.068042516708374023e-01 1.043677031993865967e-01 -3.913942575454711914e-01 -2.024128735065460205e-01 -6.280710697174072266e-01 1.733613014221191406e-01 3.043079376220703125e-01 5.294659137725830078e-01 3.236609697341918945e-01 2.681908607482910156e-01 -4.177446365356445312e-01 1.520964801311492920e-01
-3.290595114231109619e-01 5.190964937210083008e-01 -3.411830067634582520e-01 3.897368535399436951e-02 -5.976740121841430664e-01 1.161922961473464966e-01 -3.923248052597045898e-01 -1.979564726352691650e-01 -5.892630219459533691e-01 1.398383677005767822e-01 2.286853045225143433e-01 5.340446233749389648e-01 2.817275822162628174e-01 2.548481523990631104e-01 -4.313066601753234863e-01 1.168917343020439148e-01
-3.303286731243133545e-01 5.221210718154907227e-01 -3.614997267723083496e-01 -1.140015572309494019e-02 -5.834389925003051758e-01 1.248878091573715210e-01 -3.891812562942504883e-01 -1.907997131347656250e-01 -5.461343526840209961e-01 1.089894697070121765e-01 1.515798270702362061e-01 5.330650806427001953e-01 2.392327338457107544e-01 2.383475601673126221e-01 -4.402275085449218750e-01 8.431066572666168213e-02
-3.272755742073059082e-01 5.209355354309082031e-01 -3.764876127243041992e-01 -5.981913581490516663e-02 -5.642000436782836914e-01 1.309991776943206787e-01 -3.823953270912170410e-01 -1.814030557870864868e-01 -4.984970092773437500e-01 8.049541711807250977e-02 7.434634119272232056e-02 5.266572833061218262e-01 1.967134326696395874e-01 2.190273404121398926e-01 -4.446440935134887695e-01 5.419640243053436279e-02
-3.203020691871643066e-01 5.158705115318298340e-01 -3.864121437072753906e-01 -1.059970706701278687e-01 -5.400260686874389648e-01 1.348586082458496094e-01 -3.722561895847320557e-01 -1.701842546463012695e-01 -4.463137984275817871e-01 5.408431217074394226e-02 -1.648474484682083130e-03 5.149076581001281738e-01 1.546805649995803833e-01 1.971383094787597656e-01 -4.447307288646697998e-01 2.636273950338363647e-02
-3.097684383392333984e-01 5.072076916694641113e-01 -3.915340602397918701e-01 -1.495907604694366455e-01 -5.109912157058715820e-01 1.366452276706695557e-01 -3.589567840099334717e-01 -1.575360000133514404e-01 -3.897401094436645508e-01 2.952714264392852783e-02 -7.507174462080001831e-02 4.978747367858886719e-01 1.136250272393226624e-01 1.728981137275695801e-01 -4.406778812408447266e-01 6.287656724452972412e-04
-2.959810495376586914e-01 4.951944649219512939e-01 -3.920917809009552002e-01 -1.902150511741638184e-01 -4.772143959999084473e-01 1.364425718784332275e-01 -3.426364660263061523e-01 -1.438331902027130127e-01 -3.291542232036590576e-01 6.633562967181205750e-03 -1.446690410375595093e-01 4.756082892417907715e-01 7.402079552412033081e-02 1.465310901403427124e-01 -4.326805472373962402e-01 -2.315562963485717773e-02
-2.791930139064788818e-01 4.800555109977722168e-01 -3.882880210876464844e-01 -2.274603396654129028e-01 -4.388976693153381348e-01 1.342886090278625488e-01 -3.234190046787261963e-01 -1.294327676296234131e-01 -2.651680707931518555e-01 -1.475157774984836578e-02 -2.093053460121154785e-01 4.481722414493560791e-01 3.632506728172302246e-02 1.182952821254730225e-01 -4.209341406822204590e-01 -4.509325325489044189e-02
-2.596139907836914062e-01 4.620009064674377441e-01 -3.802836537361145020e-01 -2.609104216098785400e-01 -3.963592052459716797e-01 1.302161216735839844e-01 -3.014450073242187500e-01 -1.146691590547561646e-01 -1.986134797334671021e-01 -3.475049883127212524e-02 -2.679999172687530518e-01 4.156706035137176514e-01 9.761787950992584229e-04 8.849822729825973511e-02 -4.056348800659179688e-01 -6.523144990205764771e-02
-2.374275326728820801e-01 4.412311613559722900e-01 -3.682006597518920898e-01 -2.901589870452880859e-01 -3.500558435916900635e-01 1.242826879024505615e-01 -2.768976688385009766e-01 -9.984788298606872559e-02 -1.305023729801177979e-01 -5.345343425869941711e-02 -3.199520707130432129e-01 3.782769143581390381e-01 -3.160982206463813782e-02 5.750200897455215454e-02 -3.869825899600982666e-01 -8.356168866157531738e-02
-2.128134518861770630e-01 4.179394245147705078e-01 -3.521362841129302979e-01 -3.148237466812133789e-01 -3.005908131599426270e-01 1.165900677442550659e-01 -2.500209212303161621e-01 -8.523894101381301880e-02 -6.196626275777816772e-02 -7.091818749904632568e-02 -3.645557761192321777e-01 3.362641334533691406e-01 -6.104307249188423157e-02 2.571826800704002380e-02 -3.651842474937438965e-01 -1.000261604785919189e-01
-1.859728246927261353e-01 3.923124074935913086e-01 -3.321885764598846436e-01 -3.345586955547332764e-01 -2.487049549818038940e-01 1.072931438684463501e-01 -2.211283594369888306e-01 -7.107109576463699341e-02 5.815871059894561768e-03 -8.716870844364166260e-02 -4.014011025428771973e-01 2.900334596633911133e-01 -8.696388453245162964e-02 -6.405167281627655029e-03 -3.404577076435089111e-01 -1.145305037498474121e-01
-1.571517437696456909e-01 3.645316362380981445e-01 -3.084914386272430420e-01 -3.490647077560424805e-01 -1.952527463436126709e-01 9.659937024116516113e-02 -1.906029284000396729e-01 -5.752787739038467407e-02 7.169028371572494507e-02 -1.021931767463684082e-01 -4.302632212638854980e-01 2.401372045278549194e-01 -1.090466678142547607e-01 -3.840359300374984741e-02 -3.130357861518859863e-01 -1.269609034061431885e-01
-1.266601383686065674e-01 3.347765207290649414e-01 -2.812552750110626221e-01 -3.581009507179260254e-01 -1.411665678024291992e-01 8.476017415523529053e-02 -1.588887423276901245e-01 -4.474587738513946533e-02 1.345909237861633301e-01 -1.159429401159286499e-01 -4.510806202888488770e-01 1.872915029525756836e-01 -1.270038038492202759e-01 -6.981727480888366699e-02 -2.831714749336242676e-01 -1.372035294771194458e-01
-9.488177299499511719e-02 3.032308816909790039e-01 -2.508064806461334229e-01 -3.614987730979919434e-01 -8.741458505392074585e-02 7.205654680728912354e-02 -1.264766007661819458e-01 -3.281560540199279785e-02 1.935849040746688843e-01 -1.283336877822875977e-01 -4.639273881912231445e-01 1.323738396167755127e-01 -1.405901610851287842e-01 -1.002122238278388977e-01 -2.511449456214904785e-01 -1.451639235019683838e-01
-6.227311491966247559e-02 2.700926065444946289e-01 -2.176179587841033936e-01 -3.591802716255187988e-01 -3.495736420154571533e-02 5.878165736794471741e-02 -9.388662129640579224e-02 -2.178519777953624725e-02 2.478984296321868896e-01 -1.392504721879959106e-01 -4.689840674400329590e-01 7.640194892883300781e-02 -1.496086418628692627e-01 -1.291969716548919678e-01 -2.172715365886688232e-01 -1.507843136787414551e-01
-2.935032732784748077e-02 2.355851680040359497e-01 -1.823226511478424072e-01 -3.511812686920166016e-01 1.529269292950630188e-02 4.522326961159706116e-02 -6.165048107504844666e-02 -1.166673935949802399e-02 2.969250082969665527e-01 -1.485579311847686768e-01 -4.665133357048034668e-01 2.049339935183525085e-02 -1.539177000522613525e-01 -1.564335823059082031e-01 -1.819101423025131226e-01 -1.540568172931671143e-01
3.333887085318565369e-03 1.999695301055908203e-01 -1.457041651010513306e-01 -3.376777768135070801e-01 6.250649690628051758e-02 3.164861723780632019e-02 -3.029518574476242065e-02 -2.444921527057886124e-03 3.402205109596252441e-01 -1.561159044504165649e-01 -4.568439722061157227e-01 -3.419157117605209351e-02 -1.534414738416671753e-01 -1.816430389881134033e-01 -1.454695165157318115e-01 -1.550312936305999756e-01
3.521998599171638489e-02 1.635532528162002563e-01 -1.086628437042236328e-01 -3.190110325813293457e-01 1.059667021036148071e-01 1.829359680414199829e-02 -3.291703760623931885e-04 5.912799388170242310e-03 3.774897456169128418e-01 -1.617993414402008057e-01 -4.403666555881500244e-01 -8.651690930128097534e-02 -1.481828987598419189e-01 -2.046056091785430908e-01 -1.084101423621177673e-01 -1.538175195455551147e-01
6.577337533235549927e-02 1.266949027776718140e-01 -7.216120511293411255e-02 -2.957050502300262451e-01 1.450884640216827393e-01 5.357068963348865509e-03 2.776921913027763367e-02 1.344552543014287949e-02 4.085699915885925293e-01 -1.655198633670806885e-01 -4.175406992435455322e-01 -1.354379951953887939e-01 -1.382395625114440918e-01 -2.251585125923156738e-01 -7.123992592096328735e-02 -1.505814641714096069e-01
9.451361745595932007e-02 8.980238437652587891e-02 -3.715740516781806946e-02 -2.684694528579711914e-01 1.794323474168777466e-01 -6.999699864536523819e-03 5.356179177761077881e-02 2.018907293677330017e-02 4.334147572517395020e-01 -1.672456413507461548e-01 -3.889099955558776855e-01 -1.800592541694641113e-01 -1.238207817077636719e-01 -2.431917786598205566e-01 -3.450314700603485107e-02 -1.455366164445877075e-01
1.210372224450111389e-01 5.332487076520919800e-02 -4.537990316748619080e-03 -2.381824105978012085e-01 2.087094485759735107e-01 -1.864949986338615417e-02 7.665959000587463379e-02 2.616804838180541992e-02 4.520798325538635254e-01 -1.670157015323638916e-01 -3.551230430603027344e-01 -2.196738421916961670e-01 -1.052629649639129639e-01 -2.586441338062286377e-01 1.236552372574806213e-03 -1.389316022396087646e-01
1.450319886207580566e-01 1.773955300450325012e-02 2.493930794298648834e-02 -2.058524042367935181e-01 2.327794134616851807e-01 -2.949296310544013977e-02 9.673169255256652832e-02 3.139093518257141113e-02 4.647127985954284668e-01 -1.649461239576339722e-01 -3.169504702091217041e-01 -2.537821233272552490e-01 -8.303926885128021240e-02 -2.714992761611938477e-01 3.541713953018188477e-02 -1.310358643531799316e-01
1.662823855876922607e-01 -1.646494679152965546e-02 5.068531632423400879e-02 -1.725625395774841309e-01 2.516422867774963379e-01 -3.945142775774002075e-02 1.135137155652046204e-01 3.584877774119377136e-02 4.715459942817687988e-01 -1.612267047166824341e-01 -2.752926945686340332e-01 -2.820894122123718262e-01 -5.775911360979080200e-02 -2.817828357219696045e-01 6.750039756298065186e-02 -1.221251711249351501e-01
1.846668422222137451e-01 -4.880662262439727783e-02 7.229880988597869873e-02 -1.394053399562835693e-01 2.654259204864501953e-01 -4.846027866005897522e-02 1.268156766891479492e-01 3.951736167073249817e-02 4.728923141956329346e-01 -1.561091542243957520e-01 -2.311712503433227539e-01 -3.044881522655487061e-01 -3.015391528606414795e-02 -2.895600795745849609e-01 9.699277579784393311e-02 -1.124688982963562012e-01
2.001491189002990723e-01 -7.882779836654663086e-02 8.956686407327651978e-02 -1.074176877737045288e-01 2.743703126907348633e-01 -5.646397173404693604e-02 1.365286409854888916e-01 4.236233979463577271e-02 4.691425561904907227e-01 -1.498887538909912109e-01 -1.856999993324279785e-01 -3.210305571556091309e-01 -1.047814264893531799e-03 -2.949337661266326904e-01 1.234628930687904358e-01 -1.023203581571578979e-01
2.127656638622283936e-01 -1.061114519834518433e-01 1.024500280618667603e-01 -7.752528041601181030e-02 2.788099646568298340e-01 -6.341321766376495361e-02 1.426291763782501221e-01 4.434619843959808350e-02 4.607626795768737793e-01 -1.428829878568649292e-01 -1.400372833013534546e-01 -3.318988084793090820e-01 2.868488058447837830e-02 -2.980425655841827393e-01 1.465543955564498901e-01 -9.191105514764785767e-02
2.226113826036453247e-01 -1.302953064441680908e-01 1.110574975609779358e-01 -5.050187185406684875e-02 2.791552245616912842e-01 -6.926449388265609741e-02 1.451810151338577271e-01 4.543571546673774719e-02 4.482892155647277832e-01 -1.354103833436965942e-01 -9.532558172941207886e-02 -3.373771309852600098e-01 5.817028880119323730e-02 -2.990587651729583740e-01 1.659940183162689209e-01 -8.144877851009368896e-02
2.298252880573272705e-01 -1.510833799839019775e-01 1.156170740723609924e-01 -2.694585919380187988e-02 2.758729457855224609e-01 -7.398149371147155762e-02 1.443332135677337646e-01 4.560879617929458618e-02 4.323212504386901855e-01 -1.277721226215362549e-01 -5.262852832674980164e-02 -3.378286659717559814e-01 8.658642321825027466e-02 -2.981858551502227783e-01 1.815949529409408569e-01 -7.111879438161849976e-02
2.345771193504333496e-01 -1.682548820972442627e-01 1.164441704750061035e-01 -7.272964343428611755e-03 2.694672346115112305e-01 -7.753805071115493774e-02 1.403146535158157349e-01 4.485985264182090759e-02 4.135077893733978271e-01 -1.202383786439895630e-01 -1.287619024515151978e-02 -3.336781263351440430e-01 1.132081449031829834e-01 -2.956547737121582031e-01 1.932566761970520020e-01 -6.108687445521354675e-02
2.370563447475433350e-01 -1.816701591014862061e-01 1.139129400253295898e-01 8.278062567114830017e-03 2.604606747627258301e-01 -7.992179691791534424e-02 1.334251761436462402e-01 4.320335388183593750e-02 3.925310671329498291e-01 -1.130397021770477295e-01 2.317301183938980103e-02 -3.253989517688751221e-01 1.374396979808807373e-01 -2.917193174362182617e-01 2.009619772434234619e-01 -5.150277167558670044e-02
2.374632954597473145e-01 -1.912738531827926636e-01 1.084314286708831787e-01 1.963055878877639771e-02 2.493773102760314941e-01 -8.113805204629898071e-02 1.240237653255462646e-01 4.067567735910415649e-02 3.700867891311645508e-01 -1.063631698489189148e-01 5.495017766952514648e-02 -3.135042488574981689e-01 1.588321030139923096e-01 -2.866498827934265137e-01 2.047725021839141846e-01 -4.250290989875793457e-02
2.360030114650726318e-01 -1.970952153205871582e-01 1.004218459129333496e-01 2.684953995048999786e-02 2.367281019687652588e-01 -8.121331036090850830e-02 1.125147566199302673e-01 3.733552619814872742e-02 3.468630015850067139e-01 -1.003523319959640503e-01 8.207473158836364746e-02 -2.985390424728393555e-01 1.770857870578765869e-01 -2.807261943817138672e-01 2.048235535621643066e-01 -3.421150520443916321e-02
2.328816950321197510e-01 -1.992459595203399658e-01 9.030611813068389893e-02 3.011868521571159363e-02 2.229993939399719238e-01 -8.019793033599853516e-02 9.933298081159591675e-02 3.326317295432090759e-02 3.235193192958831787e-01 -9.510964900255203247e-02 1.043387800455093384e-01 -2.810726165771484375e-01 1.920413374900817871e-01 -2.742290496826171875e-01 2.013186812400817871e-01 -2.673995867371559143e-02
2.283053100109100342e-01 -1.979156434535980225e-01 7.849618792533874512e-02 2.971680089831352234e-02 2.086448520421981812e-01 -7.816749066114425659e-02 8.492866903543472290e-02 2.855890803039073944e-02 3.006688058376312256e-01 -9.070038795471191406e-02 1.216831579804420471e-01 -2.616899013519287109e-01 2.036622464656829834e-01 -2.674318850040435791e-01 1.945242583751678467e-01 -2.018486894667148590e-02
2.224795371294021606e-01 -1.933651864528656006e-01 6.538820266723632812e-02 2.599514648318290710e-02 1.940802037715911865e-01 -7.522281259298324585e-02 6.975301355123519897e-02 2.334070764482021332e-02 2.788630723953247070e-01 -8.715707063674926758e-02 1.341707408428192139e-01 -2.409813702106475830e-01 2.120137512683868408e-01 -2.605924606323242188e-01 1.847638487815856934e-01 -1.462517306208610535e-02
2.156109213829040527e-01 -1.859185993671417236e-01 5.135947838425636292e-02 1.935629360377788544e-02 1.796807348728179932e-01 -7.148825377225875854e-02 5.424486100673675537e-02 1.774118468165397644e-02 2.585816085338592529e-01 -8.448402583599090576e-02 1.419612169265747070e-01 -2.195313125848770142e-01 2.172411978244781494e-01 -2.539456188678741455e-01 1.724118590354919434e-01 -1.011919137090444565e-02
2.079081237316131592e-01 -1.759530007839202881e-01 3.676717355847358704e-02 1.023497432470321655e-02 1.657803207635879517e-01 -6.710840761661529541e-02 3.881916031241416931e-02 1.190381962805986404e-02 2.402251958847045898e-01 -8.266170322895050049e-02 1.452899575233459473e-01 -1.979054808616638184e-01 2.195499241352081299e-01 -2.476974129676818848e-01 1.578860282897949219e-01 -6.702164653688669205e-03
1.995828747749328613e-01 -1.638873666524887085e-01 2.194768935441970825e-02 -9.189243428409099579e-04 1.526714861392974854e-01 -6.224329024553298950e-02 2.385725826025009155e-02 5.978442728519439697e-03 2.241128981113433838e-01 -8.165074884891510010e-02 1.444515585899353027e-01 -1.766386777162551880e-01 2.191881835460662842e-01 -2.420209646224975586e-01 1.416383385658264160e-01 -4.384661093354225159e-03
