8.052671551704406738e-01 -6.321384906768798828e-01 -8.112851977348327637e-01 2.193988859653472900e-01 -5.812052488327026367e-01 -6.424433588981628418e-01 -8.466966152191162109e-01 -5.672243237495422363e-01 5.398935079574584961e-01 -2.886787354946136475e-01 7.623676061630249023e-01 6.152028441429138184e-01 9.496567249298095703e-01 -1.289992630481719971e-01 8.949030041694641113e-01 9.174761772155761719e-01
8.047343492507934570e-01 -4.932503104209899902e-01 -8.648608326911926270e-01 4.518116265535354614e-02 -6.252791285514831543e-01 -5.815374255180358887e-01 -8.838102221488952637e-01 -6.204779148101806641e-01 5.297521948814392090e-01 -3.136055469512939453e-01 7.019093632698059082e-01 7.414660453796386719e-01 9.521623849868774414e-01 -1.522953957319259644e-01 8.734498620033264160e-01 9.271023273468017578e-01
8.038905262947082520e-01 -2.852238416671752930e-01 -9.032561779022216797e-01 -1.204419881105422974e-01 -6.637125015258789062e-01 -5.013164281845092773e-01 -9.109320044517517090e-01 -6.662393212318420410e-01 5.202199220657348633e-01 -3.507471680641174316e-01 6.128506064414978027e-01 8.265104889869689941e-01 9.523230791091918945e-01 -1.884144991636276245e-01 8.380973339080810547e-01 9.326865673065185547e-01
8.023871779441833496e-01 -3.094470500946044922e-02 -9.294528961181640625e-01 -2.677489519119262695e-01 -6.962047219276428223e-01 -3.998592495918273926e-01 -9.309713244438171387e-01 -7.050435543060302734e-01 5.115814208984375000e-01 -3.996330797672271729e-01 4.907329678535461426e-01 8.785619735717773438e-01 9.502815008163452148e-01 -2.400850951671600342e-01 7.800526618957519531e-01 9.351841211318969727e-01
7.995294332504272461e-01 2.295995354652404785e-01 -9.470603466033935547e-01 -3.940865099430084229e-01 -7.215656638145446777e-01 -2.766546607017517090e-01 -9.456403255462646484e-01 -7.373250722885131836e-01 5.042958259582519531e-01 -4.574631154537200928e-01 3.419120609760284424e-01 9.080496430397033691e-01 9.457240104675292969e-01 -3.088325858116149902e-01 6.868057250976562500e-01 9.351512193679809570e-01
7.940214276313781738e-01 4.601940512657165527e-01 -9.590466022491455078e-01 -5.009835362434387207e-01 -7.374200820922851562e-01 -1.333121508359909058e-01 -9.559547305107116699e-01 -7.632986307144165039e-01 4.989379942417144775e-01 -5.192636847496032715e-01 1.817670613527297974e-01 9.238824844360351562e-01 9.375452995300292969e-01 -3.932398557662963867e-01 5.451447367668151855e-01 9.328002929687500000e-01
7.835811972618103027e-01 6.419103741645812988e-01 -9.674429893493652344e-01 -5.913448333740234375e-01 -7.402395606040954590e-01 2.623911201953887939e-02 -9.626184701919555664e-01 -7.830653190612792969e-01 4.961411058902740479e-01 -5.793844461441040039e-01 2.399305999279022217e-02 9.323521852493286133e-01 9.235007166862487793e-01 -4.878811240196228027e-01 3.481060266494750977e-01 9.279664754867553711e-01
7.644137740135192871e-01 7.727422714233398438e-01 -9.734998345375061035e-01 -6.678894758224487305e-01 -7.251353859901428223e-01 1.957721859216690063e-01 -9.661856293678283691e-01 -7.966939210891723633e-01 4.966402351856231689e-01 -6.331763267517089844e-01 -1.242873892188072205e-01 9.372996091842651367e-01 8.996839523315429688e-01 -5.845794081687927246e-01 1.028682738542556763e-01 9.200128316879272461e-01
7.307368516921997070e-01 8.606303930282592773e-01 -9.779245853424072266e-01 -7.326111793518066406e-01 -6.861135363578796387e-01 3.666389584541320801e-01 -9.670372009277343750e-01 -8.041217327117919922e-01 5.014368891716003418e-01 -6.779139637947082520e-01 -2.603392004966735840e-01 9.405977725982666016e-01 8.598740100860595703e-01 -6.751277446746826172e-01 -1.659695208072662354e-01 9.078503251075744629e-01
6.748069524765014648e-01 9.166844487190246582e-01 -9.810804128646850586e-01 -7.868111133575439453e-01 -6.181455850601196289e-01 5.278520584106445312e-01 -9.652823805809020996e-01 -8.048826456069946289e-01 5.119243860244750977e-01 -7.127526998519897461e-01 -3.829421401023864746e-01 9.426950216293334961e-01 7.954398393630981445e-01 -7.535280585289001465e-01 -4.226449728012084961e-01 8.904618620872497559e-01
5.877010822296142578e-01 9.511003494262695312e-01 -9.831309914588928223e-01 -8.313973546028137207e-01 -5.207870602607727051e-01 6.675555706024169922e-01 -9.606373310089111328e-01 -7.977799177169799805e-01 5.298036932945251465e-01 -7.380129694938659668e-01 -4.911841750144958496e-01 9.432064294815063477e-01 6.972910761833190918e-01 -8.168445825576782227e-01 -6.347047686576843262e-01 8.680478930473327637e-01
4.608619511127471924e-01 9.716370105743408203e-01 -9.841433763504028320e-01 -8.672240376472473145e-01 -3.998535871505737305e-01 7.764407992362976074e-01 -9.522786140441894531e-01 -7.807131409645080566e-01 5.567250251770019531e-01 -7.542852759361267090e-01 -5.845522284507751465e-01 9.414963722229003906e-01 5.606682300567626953e-01 -8.649029731750488281e-01 -7.863305807113647461e-01 8.424999713897705078e-01
2.894536852836608887e-01 9.836128950119018555e-01 -9.841594099998474121e-01 -8.953050374984741211e-01 -2.645771503448486328e-01 8.512033224105834961e-01 -9.386355876922607422e-01 -7.508603334426879883e-01 5.937011837959289551e-01 -7.617670893669128418e-01 -6.633689403533935547e-01 9.370689988136291504e-01 3.897635638713836670e-01 -8.994534611701965332e-01 -8.810018301010131836e-01 8.161280751228332520e-01
7.999604940414428711e-02 9.904589653015136719e-01 -9.832297563552856445e-01 -9.168308973312377930e-01 -1.232634484767913818e-01 8.949357271194458008e-01 -9.170929789543151855e-01 -7.053237557411193848e-01 6.403800845146179199e-01 -7.600311040878295898e-01 -7.288562059402465820e-01 9.296241998672485352e-01 1.973648667335510254e-01 -9.232368469238281250e-01 -9.335570335388183594e-01 7.903315424919128418e-01
-1.381797343492507935e-01 9.943013191223144531e-01 -9.813876748085021973e-01 -9.330440163612365723e-01 1.848603785037994385e-02 9.140862226486206055e-01 -8.838175535202026367e-01 -6.423869729042053223e-01 6.942909955978393555e-01 -7.483617663383483887e-01 -7.827259302139282227e-01 9.187309145927429199e-01 2.552866935729980469e-04 -9.391912221908569336e-01 -9.600871801376342773e-01 7.655487060546875000e-01
-3.120708167552947998e-01 9.964105486869812012e-01 -9.785195589065551758e-01 -9.450916051864624023e-01 1.569194197654724121e-01 9.146776199340820312e-01 -8.345851302146911621e-01 -5.634483098983764648e-01 7.504858970642089844e-01 -7.268955111503601074e-01 -8.266565799713134766e-01 9.030930995941162109e-01 -1.853431165218353271e-01 -9.499838948249816895e-01 -9.723258018493652344e-01 7.418709993362426758e-01
-3.962908387184143066e-01 9.975156784057617188e-01 -9.741524457931518555e-01 -9.539272785186767578e-01 2.885602116584777832e-01 8.999568223953247070e-01 -7.675808668136596680e-01 -4.743131995201110840e-01 8.025558590888977051e-01 -6.982909440994262695e-01 -8.620135784149169922e-01 8.796516656875610352e-01 -3.470026850700378418e-01 -9.578123092651367188e-01 -9.768335819244384766e-01 7.195580005645751953e-01
-3.882157802581787109e-01 9.980119466781616211e-01 -9.673497676849365234e-01 -9.602538347244262695e-01 4.094498455524444580e-01 8.698432445526123047e-01 -6.859186887741088867e-01 -3.832260966300964355e-01 8.453093171119689941e-01 -6.680159568786621094e-01 -8.899170160293579102e-01 8.434090614318847656e-01 -4.777542352676391602e-01 -9.641994833946228027e-01 -9.764373302459716797e-01 6.990451812744140625e-01
-3.145526647567749023e-01 9.980865716934204102e-01 -9.568531513214111328e-01 -9.644932746887207031e-01 5.161205530166625977e-01 8.218545913696289062e-01 -5.957558155059814453e-01 -2.968850135803222656e-01 8.768968582153320312e-01 -6.419900655746459961e-01 -9.114210605621337891e-01 7.885433435440063477e-01 -5.754306316375732422e-01 -9.698452949523925781e-01 -9.718752503395080566e-01 6.805724501609802246e-01
-2.007972300052642822e-01 9.977797269821166992e-01 -9.412335157394409180e-01 -9.667775034904479980e-01 6.071170568466186523e-01 7.525502443313598633e-01 -5.025420188903808594e-01 -2.188508957624435425e-01 8.985174894332885742e-01 -6.240926980972290039e-01 -9.275162220001220703e-01 7.099092006683349609e-01 -6.408240795135498047e-01 -9.748399257659912109e-01 -9.626509547233581543e-01 6.640408039093017578e-01
-6.321828067302703857e-02 9.969849586486816406e-01 -9.188313484191894531e-01 -9.669120311737060547e-01 6.831008195877075195e-01 6.585766077041625977e-01 -4.095311462879180908e-01 -1.503966301679611206e-01 9.127647280693054199e-01 -6.155454516410827637e-01 -9.390044808387756348e-01 6.043863296508789062e-01 -6.758409738540649414e-01 -9.790593385696411133e-01 -9.470158815383911133e-01 6.491713523864746094e-01
8.667719364166259766e-02 9.953699111938476562e-01 -8.876712918281555176e-01 -9.642475843429565430e-01 7.458063364028930664e-01 5.378195047378540039e-01 -3.180600702762603760e-01 -9.156948328018188477e-02 9.221510887145996094e-01 -6.153256297111511230e-01 -9.464052915573120117e-01 4.727046787738800049e-01 -6.819100975990295410e-01 -9.824094772338867188e-01 -9.214531183242797852e-01 6.356639266014099121e-01
2.379715740680694580e-01 9.921602606773376465e-01 -8.457400202751159668e-01 -9.574177265167236328e-01 7.970180511474609375e-01 3.917702436447143555e-01 -2.284068763256072998e-01 -4.174601286649703979e-02 9.283986091613769531e-01 -6.206878423690795898e-01 -9.499291181564331055e-01 3.213316500186920166e-01 -6.589168906211853027e-01 -9.848890304565429688e-01 -8.800683021545410156e-01 6.232665181159973145e-01
3.793325126171112061e-01 9.856721162796020508e-01 -7.919356226921081543e-01 -9.439757466316223145e-01 8.380977511405944824e-01 2.284483164548873901e-01 -1.409121155738830566e-01 1.429878175258636475e-04 9.323912858963012695e-01 -6.277518272399902344e-01 -9.495102167129516602e-01 1.620227843523025513e-01 -6.051427125930786133e-01 -9.865689277648925781e-01 -8.146910667419433594e-01 6.117995381355285645e-01
5.010933876037597656e-01 9.724819660186767578e-01 -7.273756861686706543e-01 -9.201719164848327637e-01 8.700391650199890137e-01 6.212870776653289795e-02 -5.710287764668464661e-02 3.546333312988281250e-02 9.344596862792968750e-01 -6.324143409729003906e-01 -9.448852539062500000e-01 7.609359920024871826e-03 -5.188260674476623535e-01 -9.875535964965820312e-01 -7.170191407203674316e-01 6.011643409729003906e-01
5.982620716094970703e-01 9.463857412338256836e-01 -6.557663679122924805e-01 -8.813208937644958496e-01 8.937497735023498535e-01 -9.236130118370056152e-02 1.981278508901596069e-02 6.567097455263137817e-02 9.346958398818969727e-01 -6.314471960067749023e-01 -9.356405735015869141e-01 -1.328222900629043579e-01 -4.010759592056274414e-01 -9.879469275474548340e-01 -5.828804373741149902e-01 5.913432240486145020e-01
6.711862087249755859e-01 8.981894254684448242e-01 -5.819631218910217285e-01 -8.229208588600158691e-01 9.102104902267456055e-01 -2.258233129978179932e-01 8.556683361530303955e-02 9.208155423402786255e-02 9.331216216087341309e-01 -6.230403184890747070e-01 -9.211064577102661133e-01 -2.553459405899047852e-01 -2.579220235347747803e-01 -9.878274202346801758e-01 -4.156689643859863281e-01 5.823918581008911133e-01
7.235199213027954102e-01 8.187210559844970703e-01 -5.099083781242370605e-01 -7.419510483741760254e-01 9.203944206237792969e-01 -3.359010219573974609e-01 1.361921131610870361e-01 1.157242357730865479e-01 9.296998977661132812e-01 -6.063249111175537109e-01 -9.000617861747741699e-01 -3.596540689468383789e-01 -9.965635091066360474e-02 -9.872332811355590820e-01 -2.263568639755249023e-01 5.744331479072570801e-01
7.598304748535156250e-01 7.062018513679504395e-01 -4.416971206665039062e-01 -6.377307176589965820e-01 9.250773191452026367e-01 -4.245689511299133301e-01 1.692708879709243774e-01 1.373069733381271362e-01 9.242901206016540527e-01 -5.805005431175231934e-01 -8.703341484069824219e-01 -4.471178054809570312e-01 6.153337284922599792e-02 -9.861520528793334961e-01 -3.102796524763107300e-02 5.676508545875549316e-01
7.843056917190551758e-01 5.714379549026489258e-01 -3.780472278594970703e-01 -5.124877691268920898e-01 9.246770143508911133e-01 -4.953857660293579102e-01 1.845783144235610962e-01 1.572283506393432617e-01 9.166304469108581543e-01 -5.447174310684204102e-01 -8.284649848937988281e-01 -5.196372270584106445e-01 2.141194045543670654e-01 -9.845050573348999023e-01 1.531785577535629272e-01 5.622791051864624023e-01
8.003696203231811523e-01 4.318572282791137695e-01 -3.192619979381561279e-01 -3.716320693492889404e-01 9.191375374794006348e-01 -5.519610047340393066e-01 1.839879453182220459e-01 1.755755543708801270e-01 9.063657522201538086e-01 -4.990432262420654297e-01 -7.697490453720092773e-01 -5.791617631912231445e-01 3.495972156524658203e-01 -9.821248054504394531e-01 3.135089874267578125e-01 5.585977435111999512e-01
8.106297254562377930e-01 3.008470237255096436e-01 -2.657814621925354004e-01 -2.227686345577239990e-01 9.078175425529479980e-01 -5.974292755126953125e-01 1.705887317657470703e-01 1.920991390943527222e-01 8.930791020393371582e-01 -4.453125596046447754e-01 -6.889981627464294434e-01 -6.274827122688293457e-01 4.639618396759033203e-01 -9.787325859069824219e-01 4.449927508831024170e-01 5.569483041763305664e-01
8.169410228729248047e-01 1.842256784439086914e-01 -2.182151973247528076e-01 -7.350283861160278320e-02 8.893511295318603516e-01 -6.343358755111694336e-01 1.473351418972015381e-01 2.061794549226760864e-01 8.763159513473510742e-01 -3.867663741111755371e-01 -5.821536183357238770e-01 -6.661089658737182617e-01 5.574246048927307129e-01 -9.739056825637817383e-01 5.490880012512207031e-01 5.577580332756042480e-01
8.205626010894775391e-01 8.267159014940261841e-02 -1.772372424602508545e-01 7.016648352146148682e-02 8.614753484725952148e-01 -6.646335721015930176e-01 1.160369142889976501e-01 2.167970091104507446e-01 8.556738495826721191e-01 -3.270154595375061035e-01 -4.485068023204803467e-01 -6.962046027183532715e-01 6.327825784683227539e-01 -9.670199751853942871e-01 6.301752924919128418e-01 5.615490078926086426e-01
8.223469853401184082e-01 -5.374059081077575684e-03 -1.435433179140090942e-01 2.039303481578826904e-01 8.209584355354309082e-01 -6.897435784339904785e-01 7.727265357971191406e-02 2.225450426340103149e-01 8.310205936431884766e-01 -2.692517340183258057e-01 -2.926737368106842041e-01 -7.185722589492797852e-01 6.936377286911010742e-01 -9.571889638900756836e-01 6.930199265480041504e-01 5.689119696617126465e-01
8.228981494903564453e-01 -8.209393918514251709e-02 -1.178676038980484009e-01 3.245403170585632324e-01 7.640129327774047852e-01 -7.106638550758361816e-01 3.107785433530807495e-02 2.217688709497451782e-01 8.027836084365844727e-01 -2.159629613161087036e-01 -1.247213557362556458e-01 -7.336421608924865723e-01 7.432328462600708008e-01 -9.432531595230102539e-01 7.417132854461669922e-01 5.804339647293090820e-01
8.226691484451293945e-01 -1.496314108371734619e-01 -1.010306105017662048e-01 4.295566678047180176e-01 6.876089572906494141e-01 -7.280927300453186035e-01 -2.226793952286243439e-02 2.128846049308776855e-01 7.720876932144165039e-01 -1.689534783363342285e-01 4.264473170042037964e-02 -7.414265871047973633e-01 7.840251922607421875e-01 -9.238849878311157227e-01 7.794694304466247559e-01 5.965828299522399902e-01
8.220039606094360352e-01 -2.098616212606430054e-01 -9.397709369659423828e-02 5.176193118095397949e-01 5.913684964179992676e-01 -7.425380349159240723e-01 -8.196942508220672607e-02 1.947635114192962646e-01 7.405199408531188965e-01 -1.294242292642593384e-01 1.983304023742675781e-01 -7.414094209671020508e-01 8.177602291107177734e-01 -8.978170156478881836e-01 8.087487220764160156e-01 6.175756454467773438e-01
8.211503624916076660e-01 -2.643270492553710938e-01 -9.773821383714675903e-02 5.886224508285522461e-01 4.786218404769897461e-01 -7.543908357620239258e-01 -1.469794213771820068e-01 1.669583916664123535e-01 7.096357345581054688e-01 -9.801466017961502075e-02 3.354862928390502930e-01 -7.323790192604064941e-01 8.457148075103759766e-01 -8.641244173049926758e-01 8.314383029937744141e-01 6.432667970657348633e-01
8.202693462371826172e-01 -3.142432570457458496e-01 -1.132939159870147705e-01 6.434134244918823242e-01 3.555302321910858154e-01 -7.639573216438293457e-01 -2.163167595863342285e-01 1.296931803226470947e-01 6.805769801139831543e-01 -7.485572248697280884e-02 4.514836370944976807e-01 -7.122528553009033203e-01 8.688914775848388672e-01 -8.224765062332153320e-01 8.489919304847717285e-01 6.730787754058837891e-01
8.194507360458374023e-01 -3.605425357818603516e-01 -1.413950771093368530e-01 6.832087039947509766e-01 2.289856076240539551e-01 -7.714550495147705078e-01 -2.891020774841308594e-01 8.372011780738830566e-02 6.539791822433471680e-01 -5.967942625284194946e-02 5.465358495712280273e-01 -6.779526472091674805e-01 8.881162405014038086e-01 -7.733058929443359375e-01 8.625196814537048340e-01 7.059928774833679199e-01
8.187322616577148438e-01 -4.039267599582672119e-01 -1.824191510677337646e-01 7.090238928794860840e-01 1.048226356506347656e-01 -7.769884467124938965e-01 -3.643764257431030273e-01 3.014924749732017517e-02 6.300668716430664062e-01 -5.195489153265953064e-02 6.223185658454895020e-01 -6.253893971443176270e-01 9.040755629539489746e-01 -7.178573608398437500e-01 8.728482723236083984e-01 7.406212687492370605e-01
8.181179165840148926e-01 -4.448947310447692871e-01 -2.362763881683349609e-01 7.212082743644714355e-01 -1.293622702360153198e-02 -7.805103063583374023e-01 -4.409106373786926270e-01 -2.970889210700988770e-02 6.087918281555175781e-01 -5.100512504577636719e-02 6.810345649719238281e-01 -5.496702790260314941e-01 9.173305034637451172e-01 -6.580939888954162598e-01 8.805640935897827148e-01 7.753642201423645020e-01
8.175922036170959473e-01 -4.836997091770172119e-01 -3.023275434970855713e-01 7.190244793891906738e-01 -1.220152527093887329e-01 -7.817670106887817383e-01 -5.171285271644592285e-01 -9.447103738784790039e-02 5.899453163146972656e-01 -5.609391629695892334e-02 7.248606681823730469e-01 -4.457585811614990234e-01 9.283269643783569336e-01 -5.964863300323486328e-01 8.860408067703247070e-01 8.086240887641906738e-01
8.171307444572448730e-01 -5.201596021652221680e-01 -3.792443871498107910e-01 7.002059221267700195e-01 -2.214518189430236816e-01 -7.802144289016723633e-01 -5.911513566970825195e-01 -1.627566367387771606e-01 5.732346177101135254e-01 -6.650103628635406494e-02 7.556242942810058594e-01 -3.099316656589508057e-01 9.374064207077026367e-01 -5.357419848442077637e-01 8.894465565681457520e-01 8.390243053436279297e-01
8.167070150375366211e-01 -5.531521439552307129e-01 -4.647424817085266113e-01 6.605739593505859375e-01 -3.110898137092590332e-01 -7.748960256576538086e-01 -6.609263420104980469e-01 -2.331900745630264282e-01 5.583308935165405273e-01 -8.161072432994842529e-02 7.745922803878784180e-01 -1.422691345214843750e-01 9.448146820068359375e-01 -4.785433709621429443e-01 8.907231092453002930e-01 8.655779957771301270e-01
8.162959814071655273e-01 -5.794821977615356445e-01 -5.551984310150146484e-01 5.942214131355285645e-01 -3.911301493644714355e-01 -7.643004059791564941e-01 -7.244247794151306152e-01 -3.043213486671447754e-01 5.448998808860778809e-01 -1.010348200798034668e-01 7.822908163070678711e-01 5.037190020084381104e-02 9.507063627243041992e-01 -4.273484051227569580e-01 8.895272016525268555e-01 8.877655863761901855e-01
8.158749341964721680e-01 -5.918021798133850098e-01 -6.454105377197265625e-01 4.954325556755065918e-01 -4.618196487426757812e-01 -7.462781667709350586e-01 -7.799406051635742188e-01 -3.745121061801910400e-01 5.326231122016906738e-01 -1.247735992074012756e-01 7.782834768295288086e-01 2.529339492321014404e-01 9.551489353179931641e-01 -3.843027949333190918e-01 8.851253986358642578e-01 9.055120944976806641e-01
8.154186606407165527e-01 -5.762354731559753418e-01 -7.290815114974975586e-01 3.631998300552368164e-01 -5.233770608901977539e-01 -7.181414961814880371e-01 -8.264770507812500000e-01 -4.419266581535339355e-01 5.212224721908569336e-01 -1.533784866333007812e-01 7.608228921890258789e-01 4.449663162231445312e-01 9.581348896026611328e-01 -3.513033688068389893e-01 8.762303590774536133e-01 9.190886616706848145e-01
8.148865103721618652e-01 -5.131311416625976562e-01 -8.004269599914550781e-01 2.056729495525360107e-01 -5.761737823486328125e-01 -6.769432425498962402e-01 -8.640383481979370117e-01 -5.047861337661743164e-01 5.104984045028686523e-01 -1.880172193050384521e-01 7.263247370719909668e-01 6.076768040657043457e-01 9.596201181411743164e-01 -3.301900625228881836e-01 8.607277870178222656e-01 9.289777278900146484e-01
