7.722674608230590820e-01 -6.032287478446960449e-01 -7.948180437088012695e-01 1.882843971252441406e-01 -5.899032354354858398e-01 -6.239632368087768555e-01 -8.462208509445190430e-01 -6.118294000625610352e-01 4.518892467021942139e-01 -1.799760162830352783e-01 7.540321946144104004e-01 6.102230548858642578e-01 9.511458277702331543e-01 -4.011280834674835205e-02 8.851346373558044434e-01 9.082204699516296387e-01
7.720313072204589844e-01 -4.567455947399139404e-01 -8.490188121795654297e-01 1.954519003629684448e-02 -6.316901445388793945e-01 -5.620732903480529785e-01 -8.813771009445190430e-01 -6.608481407165527344e-01 4.413954913616180420e-01 -2.191528081893920898e-01 6.871690750122070312e-01 7.308460474014282227e-01 9.527090787887573242e-01 -5.084250867366790771e-02 8.647251725196838379e-01 9.184083938598632812e-01
7.714717388153076172e-01 -2.479156851768493652e-01 -8.884187936782836914e-01 -1.410928368568420410e-01 -6.680554151535034180e-01 -4.803932905197143555e-01 -9.078538417816162109e-01 -7.024528980255126953e-01 4.316571056842803955e-01 -2.714901864528656006e-01 5.891120433807373047e-01 8.122403621673583984e-01 9.521627426147460938e-01 -7.665479183197021484e-02 8.316668272018432617e-01 9.237705469131469727e-01
7.702050209045410156e-01 -1.184001564979553223e-03 -9.157913923263549805e-01 -2.846354842185974121e-01 -6.985304355621337891e-01 -3.773131370544433594e-01 -9.278033971786499023e-01 -7.369933128356933594e-01 4.229657948017120361e-01 -3.358914852142333984e-01 4.564172923564910889e-01 8.626329898834228516e-01 9.495697021484375000e-01 -1.213347762823104858e-01 7.783796787261962891e-01 9.252324700355529785e-01
7.674616575241088867e-01 2.470275312662124634e-01 -9.345496892929077148e-01 -4.084846377372741699e-01 -7.215758562088012695e-01 -2.528566718101501465e-01 -9.425047636032104492e-01 -7.646504640579223633e-01 4.158203303813934326e-01 -4.087411761283874512e-01 2.966969013214111328e-01 8.917574882507324219e-01 9.445307254791259766e-01 -1.876179724931716919e-01 6.941965222358703613e-01 9.232979416847229004e-01
7.618190050125122070e-01 4.660609960556030273e-01 -9.475723505020141602e-01 -5.138092637062072754e-01 -7.345429658889770508e-01 -1.091607883572578430e-01 -9.527446031570434570e-01 -7.853983044624328613e-01 4.109122753143310547e-01 -4.844351410865783691e-01 1.256195902824401855e-01 9.077217578887939453e-01 9.359151124954223633e-01 -2.751010060310363770e-01 5.673791766166687012e-01 9.181242585182189941e-01
7.508093118667602539e-01 6.403487920761108398e-01 -9.568862915039062500e-01 -6.030539274215698242e-01 -7.338193058967590332e-01 4.943813383579254150e-02 -9.591082334518432617e-01 -7.991783618927001953e-01 4.090895354747772217e-01 -5.570384860038757324e-01 -4.288952052593231201e-02 9.162259101867675781e-01 9.215617179870605469e-01 -3.786305785179138184e-01 3.899359107017517090e-01 9.095178246498107910e-01
7.303741574287414551e-01 7.681154012680053711e-01 -9.637622237205505371e-01 -6.785838603973388672e-01 -7.146292924880981445e-01 2.165220081806182861e-01 -9.620628356933593750e-01 -8.060328960418701172e-01 4.113880097866058350e-01 -6.218813657760620117e-01 -2.008414864540100098e-01 9.208397865295410156e-01 8.978073596954345703e-01 -4.890445172786712646e-01 1.640878617763519287e-01 8.968696594238281250e-01
6.943194866180419922e-01 8.558104634284973145e-01 -9.689118862152099609e-01 -7.422124147415161133e-01 -6.712573766708374023e-01 3.836967051029205322e-01 -9.618827104568481445e-01 -8.060535788536071777e-01 4.191832244396209717e-01 -6.763501167297363281e-01 -3.444940447807312012e-01 9.234594106674194336e-01 8.588885664939880371e-01 -5.960152745246887207e-01 -9.280846267938613892e-02 8.792220950126647949e-01
6.343099474906921387e-01 9.128990173339843750e-01 -9.726732969284057617e-01 -7.952135801315307617e-01 -5.990307331085205078e-01 5.408134460449218750e-01 -9.585187435150146484e-01 -7.991142272949218750e-01 4.343252480030059814e-01 -7.197903990745544434e-01 -4.719350337982177734e-01 9.246813058853149414e-01 7.968223094940185547e-01 -6.910841464996337891e-01 -3.499256074428558350e-01 8.558124899864196777e-01
5.410901904106140137e-01 9.485274553298950195e-01 -9.751626253128051758e-01 -8.385571241378784180e-01 -4.979935884475708008e-01 6.771112680435180664e-01 -9.514518976211547852e-01 -7.844792008399963379e-01 4.590356349945068359e-01 -7.528111338615417480e-01 -5.819690823554992676e-01 9.241870641708374023e-01 7.031450867652893066e-01 -7.693532109260559082e-01 -5.737344026565551758e-01 8.271066546440124512e-01
4.074216187000274658e-01 9.700241684913635254e-01 -9.763994216918945312e-01 -8.731830716133117676e-01 -3.749196529388427734e-01 7.839577198028564453e-01 -9.395335912704467773e-01 -7.605546712875366211e-01 4.953976273536682129e-01 -7.764306068420410156e-01 -6.741548776626586914e-01 9.212494492530822754e-01 5.734365582466125488e-01 -8.295873403549194336e-01 -7.423192262649536133e-01 7.951710224151611328e-01
2.336366623640060425e-01 9.826379418373107910e-01 -9.764019250869750977e-01 -9.001762866973876953e-01 -2.404268980026245117e-01 8.580126762390136719e-01 -9.208129644393920898e-01 -7.250837683677673340e-01 5.444388389587402344e-01 -7.914525270462036133e-01 -7.491697669029235840e-01 9.151936769485473633e-01 4.119381904602050781e-01 -8.733478784561157227e-01 -8.526945114135742188e-01 7.624747157096862793e-01
3.641188144683837891e-02 9.898633956909179688e-01 -9.752187728881835938e-01 -9.207748174667358398e-01 -1.037331894040107727e-01 9.020209312438964844e-01 -8.924216032028198242e-01 -6.759206056594848633e-01 6.050317287445068359e-01 -7.982815504074096680e-01 -8.087693452835083008e-01 9.054927825927734375e-01 2.312678098678588867e-01 -9.038037061691284180e-01 -9.164113998413085938e-01 7.306033372879028320e-01
-1.453775018453598022e-01 9.939073324203491211e-01 -9.728444814682006836e-01 -9.362493157386779785e-01 3.001353144645690918e-02 9.222407341003417969e-01 -8.509275913238525391e-01 -6.123856306076049805e-01 6.730720400810241699e-01 -7.972555160522460938e-01 -8.552513122558593750e-01 8.913024663925170898e-01 4.743072390556335449e-02 -9.246232509613037109e-01 -9.493905305862426758e-01 7.002277970314025879e-01
-2.645533382892608643e-01 9.961003661155700684e-01 -9.690020084381103516e-01 -9.477548003196716309e-01 1.588004827499389648e-01 9.247260093688964844e-01 -7.939436435699462891e-01 -5.368312597274780273e-01 7.416967749595642090e-01 -7.894356250762939453e-01 -8.908718824386596680e-01 8.705610036849975586e-01 -1.252899765968322754e-01 -9.391954541206359863e-01 -9.644771814346313477e-01 6.717481017112731934e-01
-2.987156808376312256e-01 9.972071647644042969e-01 -9.629325866699218750e-01 -9.562207460403442383e-01 2.812414765357971191e-01 9.128917455673217773e-01 -7.225006818771362305e-01 -4.548510313034057617e-01 8.033015727996826172e-01 -7.772747874259948730e-01 -9.175891280174255371e-01 8.393719792366027832e-01 -2.770538330078125000e-01 -9.501366615295410156e-01 -9.693312644958496094e-01 6.456665992736816406e-01
-2.607507705688476562e-01 9.976379871368408203e-01 -9.534138441085815430e-01 -9.622930288314819336e-01 3.949771523475646973e-01 8.869896531105041504e-01 -6.410869359970092773e-01 -3.729224503040313721e-01 8.525867462158203125e-01 -7.641460299491882324e-01 -9.370889067649841309e-01 7.925685644149780273e-01 -4.024992883205413818e-01 -9.589927196502685547e-01 -9.674784541130065918e-01 6.223779916763305664e-01
-1.758110970258712769e-01 9.975765943527221680e-01 -9.389562606811523438e-01 -9.663254618644714355e-01 4.973605871200561523e-01 8.448801636695861816e-01 -5.547678470611572266e-01 -2.957820594310760498e-01 8.881824016571044922e-01 -7.529369592666625977e-01 -9.508217573165893555e-01 7.251551151275634766e-01 -4.993759691715240479e-01 -9.663534760475158691e-01 -9.598823189735412598e-01 6.018788814544677734e-01
-6.325604021549224854e-02 9.970358610153198242e-01 -9.178955554962158203e-01 -9.683833718299865723e-01 5.869019031524658203e-01 7.830561995506286621e-01 -4.670205712318420410e-01 -2.258959114551544189e-01 9.119006395339965820e-01 -7.451243996620178223e-01 -9.599490165710449219e-01 6.335658431053161621e-01 -5.673063397407531738e-01 -9.723336696624755859e-01 -9.457615613937377930e-01 5.838384628295898438e-01
6.472682952880859375e-02 9.958428740501403809e-01 -8.883491754531860352e-01 -9.681980609893798828e-01 6.635784506797790527e-01 6.974676847457885742e-01 -3.794763684272766113e-01 -1.641666740179061890e-01 9.268859624862670898e-01 -7.407093048095703125e-01 -9.652853012084960938e-01 5.167947411537170410e-01 -6.067374348640441895e-01 -9.769759178161621094e-01 -9.225754737854003906e-01 5.678231716156005859e-01
1.992649435997009277e-01 9.935247898101806641e-01 -8.482960462570190430e-01 -9.650210738182067871e-01 7.282112240791320801e-01 5.847682952880859375e-01 -2.925000190734863281e-01 -1.106100827455520630e-01 9.360718131065368652e-01 -7.384849786758422852e-01 -9.672865271568298340e-01 3.778302371501922607e-01 -6.178203821182250977e-01 -9.803937077522277832e-01 -8.855241537094116211e-01 5.534399747848510742e-01
3.319818973541259766e-01 9.890183210372924805e-01 -7.961065769195556641e-01 -9.573487043380737305e-01 7.817819118499755859e-01 4.449285864830017090e-01 -2.060668766498565674e-01 -6.472024321556091309e-02 9.414814710617065430e-01 -7.363249063491821289e-01 -9.660719633102416992e-01 2.245461195707321167e-01 -5.994031429290771484e-01 -9.827598333358764648e-01 -8.271145820617675781e-01 5.403912067413330078e-01
4.543525874614715576e-01 9.800574779510498047e-01 -7.316515445709228516e-01 -9.425620436668395996e-01 8.251183032989501953e-01 2.846183180809020996e-01 -1.208300441503524780e-01 -2.564020454883575439e-02 9.442150592803955078e-01 -7.315190434455871582e-01 -9.614650011062622070e-01 6.823059171438217163e-02 -5.487040281295776367e-01 -9.842607378959655762e-01 -7.380081415176391602e-01 5.284896492958068848e-01
5.591714382171630859e-01 9.621128439903259277e-01 -6.574153900146484375e-01 -9.167442321777343750e-01 8.589439988136291504e-01 1.177118718624114990e-01 -3.909286856651306152e-02 7.720304653048515320e-03 9.447541832923889160e-01 -7.212816476821899414e-01 -9.530264735221862793e-01 -8.030097186565399170e-02 -4.625881910324096680e-01 -9.850616455078125000e-01 -6.108365058898925781e-01 5.176574587821960449e-01
6.427036523818969727e-01 9.272180795669555664e-01 -5.783618688583374023e-01 -8.751624822616577148e-01 8.840531110763549805e-01 -3.995715826749801636e-02 3.489916771650314331e-02 3.653416410088539124e-02 9.432834982872009277e-01 -7.033255100250244141e-01 -9.400054812431335449e-01 -2.140293121337890625e-01 -3.408286571502685547e-01 -9.852870702743530273e-01 -4.463990032672882080e-01 5.079081654548645020e-01
7.052925825119018555e-01 8.645629882812500000e-01 -5.000954270362854004e-01 -8.136035799980163574e-01 9.013569951057434082e-01 -1.775253713130950928e-01 9.581631422042846680e-02 6.187736988067626953e-02 9.398652315139770508e-01 -6.760745644569396973e-01 -9.211130142211914062e-01 -3.301992416381835938e-01 -1.895316094160079956e-01 -9.850101470947265625e-01 -2.569047212600708008e-01 4.993126094341278076e-01
7.499713301658630371e-01 7.662647366523742676e-01 -4.267115890979766846e-01 -7.298581004142761230e-01 9.117449522018432617e-01 -2.914854288101196289e-01 1.390421390533447266e-01 8.458619564771652222e-02 9.344532489776611328e-01 -6.383217573165893555e-01 -8.941049575805664062e-01 -4.288562834262847900e-01 -2.170681208372116089e-02 -9.842448234558105469e-01 -6.177585944533348083e-02 4.919754564762115479e-01
7.806416153907775879e-01 6.366375088691711426e-01 -3.600409328937530518e-01 -6.244853138923645020e-01 9.158743619918823242e-01 -3.834948539733886719e-01 1.625154465436935425e-01 1.051903516054153442e-01 9.268386960029602051e-01 -5.889895558357238770e-01 -8.553045988082885742e-01 -5.113063454627990723e-01 1.460390239953994751e-01 -9.829331636428833008e-01 1.205850392580032349e-01 4.860413968563079834e-01
8.009948730468750000e-01 4.925172030925750732e-01 -3.003992140293121338e-01 -5.008472800254821777e-01 9.139826893806457520e-01 -4.572600722312927246e-01 1.675216555595397949e-01 1.238955259323120117e-01 9.166240692138671875e-01 -5.279548168182373047e-01 -7.993958592414855957e-01 -5.792520046234130859e-01 2.990605831146240234e-01 -9.809243083000183105e-01 2.787719666957855225e-01 4.817284643650054932e-01
8.140757679939270020e-01 3.514564037322998047e-01 -2.476519495248794556e-01 -3.643685579299926758e-01 9.057077169418334961e-01 -5.166288614273071289e-01 1.577632129192352295e-01 1.405710130929946899e-01 9.032473564147949219e-01 -4.573497772216796875e-01 -7.200049161911010742e-01 -6.344244480133056641e-01 4.290757179260253906e-01 -9.779486060142517090e-01 4.094482064247131348e-01 4.793651401996612549e-01
8.221507668495178223e-01 2.232938259840011597e-01 -2.017398476600646973e-01 -2.208926975727081299e-01 8.898892998695373535e-01 -5.648738741874694824e-01 1.372566819190979004e-01 1.547231674194335938e-01 8.860296010971069336e-01 -3.814162313938140869e-01 -6.114605665206909180e-01 -6.783959865570068359e-01 5.346918702125549316e-01 -9.735845327377319336e-01 5.146456956863403320e-01 4.794110655784606934e-01
8.267890810966491699e-01 1.108771115541458130e-01 -1.627801507711410522e-01 -7.539461553096771240e-02 8.643414378166198730e-01 -6.045223474502563477e-01 1.085828095674514771e-01 1.654576808214187622e-01 8.642914891242980957e-01 -3.049358725547790527e-01 -4.716824293136596680e-01 -7.124748229980468750e-01 6.189014911651611328e-01 -9.671980738639831543e-01 5.984424352645874023e-01 4.824583530426025391e-01
8.290617465972900391e-01 1.349567621946334839e-02 -1.310531198978424072e-01 6.776252388954162598e-02 8.256978392601013184e-01 -6.373962163925170898e-01 7.253213971853256226e-02 1.714753359556198120e-01 8.376333117485046387e-01 -2.318906933069229126e-01 -3.052678406238555908e-01 -7.376651167869567871e-01 6.861473917961120605e-01 -9.578639268875122070e-01 6.649716496467590332e-01 4.892096519470214844e-01
8.297372460365295410e-01 -7.083884626626968384e-02 -1.069860756397247314e-01 2.038006782531738281e-01 7.697802186012268066e-01 -6.647573709487915039e-01 2.897983603179454803e-02 1.711979657411575317e-01 8.063612580299377441e-01 -1.650606095790863037e-01 -1.243694722652435303e-01 -7.546502351760864258e-01 7.404315471649169922e-01 -9.443316459655761719e-01 7.176912426948547363e-01 5.004119873046875000e-01
8.294055461883544922e-01 -1.443767845630645752e-01 -9.117455780506134033e-02 3.274630308151245117e-01 6.931307315826416016e-01 -6.874921917915344238e-01 -2.195403538644313812e-02 1.630883812904357910e-01 7.717674970626831055e-01 -1.062265336513519287e-01 5.499260127544403076e-02 -7.637472152709960938e-01 7.846506834030151367e-01 -9.251276254653930664e-01 7.593169808387756348e-01 5.167313814163208008e-01
8.285236358642578125e-01 -2.092285752296447754e-01 -8.441957086324691772e-02 4.343508481979370117e-01 5.954298973083496094e-01 -7.062767744064331055e-01 -7.940797507762908936e-02 1.460379958152770996e-01 7.358590960502624512e-01 -5.646941065788269043e-02 2.192546427249908447e-01 -7.647944092750549316e-01 8.207608461380004883e-01 -8.988177776336669922e-01 7.920034527778625488e-01 5.385934114456176758e-01
8.274211883544921875e-01 -2.671947479248046875e-01 -8.767878264188766479e-02 5.222092866897583008e-01 4.808255136013031006e-01 -7.216783165931701660e-01 -1.421030610799789429e-01 1.195807680487632751e-01 7.006368637084960938e-01 -1.631534658372402191e-02 3.609981536865234375e-01 -7.569844126701354980e-01 8.501939773559570312e-01 -8.643350601196289062e-01 8.175235390663146973e-01 5.660374760627746582e-01
8.263090848922729492e-01 -3.197067379951477051e-01 -1.018843352794647217e-01 5.909521579742431641e-01 3.566287457942962646e-01 -7.341850996017456055e-01 -2.088350951671600342e-01 8.388191461563110352e-02 6.675342321395874023e-01 1.420565042644739151e-02 4.783590137958526611e-01 -7.387170791625976562e-01 8.741320371627807617e-01 -8.212557435035705566e-01 8.373539447784423828e-01 5.986153483390808105e-01
8.253022432327270508e-01 -3.678485155105590820e-01 -1.277238279581069946e-01 6.417795419692993164e-01 2.305537313222885132e-01 -7.441903948783874512e-01 -2.786087691783905029e-01 3.962833061814308167e-02 6.373091936111450195e-01 3.545269742608070374e-02 5.727069973945617676e-01 -7.075324058532714844e-01 8.935924768447875977e-01 -7.699649333953857422e-01 8.526967763900756836e-01 6.353543996810913086e-01
8.244479298591613770e-01 -4.124157428741455078e-01 -1.654942035675048828e-01 6.762065291404724121e-01 1.086571440100669861e-01 -7.519606947898864746e-01 -3.504696488380432129e-01 -1.210213080048561096e-02 6.102038025856018066e-01 4.802159965038299561e-02 6.467410326004028320e-01 -6.601430773735046387e-01 9.094317555427551270e-01 -7.116748094558715820e-01 8.644908666610717773e-01 6.748143434524536133e-01
8.237502574920654297e-01 -4.539625346660614014e-01 -2.150395810604095459e-01 6.953511238098144531e-01 -5.290471017360687256e-03 -7.576043009757995605e-01 -4.233011007308959961e-01 -6.998136639595031738e-02 5.861415266990661621e-01 5.261138826608657837e-02 7.034122943878173828e-01 -5.926091074943542480e-01 9.223418235778808594e-01 -6.482909917831420898e-01 8.734332323074340820e-01 7.152447104454040527e-01
8.231891989707946777e-01 -4.927933514118194580e-01 -2.757223248481750488e-01 6.994453668594360352e-01 -1.094984561204910278e-01 -7.610359787940979004e-01 -4.957430660724639893e-01 -1.325666308403015137e-01 5.648725032806396484e-01 4.993469268083572388e-02 7.453992366790771484e-01 -5.007821917533874512e-01 9.328615069389343262e-01 -5.821746587753295898e-01 8.800058960914611816e-01 7.548124790191650391e-01
8.227336406707763672e-01 -5.288470387458801270e-01 -3.463687300682067871e-01 6.874543428421020508e-01 -2.035438418388366699e-01 -7.619258165359497070e-01 -5.662428140640258789e-01 -1.984030008316040039e-01 5.460634827613830566e-01 4.065857455134391785e-02 7.748593688011169434e-01 -3.812337517738342285e-01 9.413977861404418945e-01 -5.158799886703491211e-01 8.844951391220092773e-01 7.918455600738525391e-01
8.223501443862915039e-01 -5.613785982131958008e-01 -4.251389503479003906e-01 6.567733287811279297e-01 -2.877818346023559570e-01 -7.596174478530883789e-01 -6.331773996353149414e-01 -2.660681009292602539e-01 5.293515920639038086e-01 2.535116299986839294e-02 7.932970523834228516e-01 -2.328702658414840698e-01 9.482475519180297852e-01 -4.519329965114593506e-01 8.869943022727966309e-01 8.250343799591064453e-01
8.220074772834777832e-01 -5.882602930068969727e-01 -5.093026757240295410e-01 6.032117009162902832e-01 -3.628705739974975586e-01 -7.530151605606079102e-01 -6.949900984764099121e-01 -3.341493308544158936e-01 5.143750309944152832e-01 4.411691799759864807e-03 8.014564514160156250e-01 -5.912490934133529663e-02 9.536145925521850586e-01 -3.926876485347747803e-01 8.873817324638366699e-01 8.535473346710205078e-01
8.216782212257385254e-01 -6.046798229217529297e-01 -5.950115919113159180e-01 5.218842029571533203e-01 -4.294323325157165527e-01 -7.404694557189941406e-01 -7.503324747085571289e-01 -4.011763632297515869e-01 5.007925629615783691e-01 -2.203217707574367523e-02 7.991782426834106445e-01 1.302139610052108765e-01 9.576212763786315918e-01 -3.402757048606872559e-01 8.852674961090087891e-01 8.770443797111511230e-01
8.213366866111755371e-01 -6.013466119766235352e-01 -6.773704290390014648e-01 4.098376035690307617e-01 -4.878996014595031738e-01 -7.197390198707580566e-01 -7.982438206672668457e-01 -4.655838608741760254e-01 4.883006513118743896e-01 -5.425529181957244873e-02 7.851638197898864746e-01 3.194093704223632812e-01 9.603195786476135254e-01 -2.966621220111846924e-01 8.799028396606445312e-01 8.956043720245361328e-01
8.209511637687683105e-01 -5.636721849441528320e-01 -7.512094974517822266e-01 2.699557840824127197e-01 -5.386067628860473633e-01 -6.881077289581298828e-01 -8.383575677871704102e-01 -5.258159637451171875e-01 4.766563475131988525e-01 -9.304149448871612549e-02 7.565962672233581543e-01 4.907792508602142334e-01 9.617118835449218750e-01 -2.638084888458251953e-01 8.700312376022338867e-01 9.096015691757202148e-01
8.204662799835205078e-01 -4.751373529434204102e-01 -8.125514388084411621e-01 1.127161756157875061e-01 -5.820434689521789551e-01 -6.426147818565368652e-01 -8.710039258003234863e-01 -5.805976390838623047e-01 4.657143950462341309e-01 -1.396350860595703125e-01 7.086891531944274902e-01 6.308151483535766602e-01 9.617872834205627441e-01 -2.438921034336090088e-01 8.536165356636047363e-01 9.195680618286132812e-01
