-5.101844668388366699e-01 8.888743519783020020e-01
-3.254838287830352783e-01 1.043718695640563965e+00
-1.320915073156356812e-01 1.182833313941955566e+00
7.028564810752868652e-02 1.307010769844055176e+00
2.755643725395202637e-01 1.413001179695129395e+00
4.752919077873229980e-01 1.495296835899353027e+00
6.664038896560668945e-01 1.551139831542968750e+00
8.469766378402709961e-01 1.580521702766418457e+00
1.011832237243652344e+00 1.582178354263305664e+00
1.157511472702026367e+00 1.554876208305358887e+00
1.282908320426940918e+00 1.501415967941284180e+00
1.387990117073059082e+00 1.426642060279846191e+00
1.472800254821777344e+00 1.333553075790405273e+00
1.535863161087036133e+00 1.222228646278381348e+00
1.573621988296508789e+00 1.090493321418762207e+00
1.582520484924316406e+00 9.363233447074890137e-01
1.562512636184692383e+00 7.612400650978088379e-01
1.517306447029113770e+00 5.709705948829650879e-01
1.450649738311767578e+00 3.725776076316833496e-01
1.363764524459838867e+00 1.717147380113601685e-01
1.255604624748229980e+00 -2.823914587497711182e-02
1.123873829841613770e+00 -2.259806245565414429e-01
9.678239822387695312e-01 -4.211936593055725098e-01
7.929673790931701660e-01 -6.120011210441589355e-01
6.087689995765686035e-01 -7.940135598182678223e-01
4.202755689620971680e-01 -9.627467989921569824e-01
2.260066121816635132e-01 -1.115898370742797852e+00
2.492086589336395264e-02 -1.252179861068725586e+00
-1.774820238351821899e-01 -1.367889881134033203e+00
-3.746109604835510254e-01 -1.458299756050109863e+00
-5.650158524513244629e-01 -1.522736310958862305e+00
-7.511740326881408691e-01 -1.563759326934814453e+00
-9.307760000228881836e-01 -1.581156373023986816e+00
-1.093253612518310547e+00 -1.571261525154113770e+00
-1.230450868606567383e+00 -1.533411741256713867e+00
-1.341754674911499023e+00 -1.470886468887329102e+00
-1.430228352546691895e+00 -1.386996984481811523e+00
-1.498877286911010742e+00 -1.282950043678283691e+00
-1.548703670501708984e+00 -1.158069491386413574e+00
-1.577703595161437988e+00 -1.011503577232360840e+00
-1.581238031387329102e+00 -8.446431756019592285e-01
-1.554949283599853516e+00 -6.624585986137390137e-01
-1.498421907424926758e+00 -4.716314673423767090e-01
-1.414901494979858398e+00 -2.766669988632202148e-01
-1.308112740516662598e+00 -7.864049077033996582e-02
-1.180951118469238281e+00 1.222519278526306152e-01
-1.036205887794494629e+00 3.238123059272766113e-01
-8.773611783981323242e-01 5.211648344993591309e-01
-7.083027362823486328e-01 7.084133028984069824e-01
-5.317687988281250000e-01 8.812121152877807617e-01
