2.366501539945602417e-01 -8.754017353057861328e-01 3.915480673313140869e-01 9.346053004264831543e-01 -1.602877527475357056e-01 -8.363695144653320312e-01 3.160684704780578613e-01 5.981164425611495972e-02 -4.845279455184936523e-01 3.134735524654388428e-01 8.616309762001037598e-01 -6.198000311851501465e-01 4.191946983337402344e-01 2.320338785648345947e-02 8.988661766052246094e-01 8.475781679153442383e-01
2.433244884014129639e-01 -8.824197649955749512e-01 2.571087479591369629e-01 9.373643398284912109e-01 -3.069758713245391846e-01 -8.399786353111267090e-01 1.362709254026412964e-01 -9.226107597351074219e-02 -5.053083300590515137e-01 3.191033899784088135e-01 8.822030425071716309e-01 -4.759527444839477539e-01 5.162504911422729492e-01 1.060119643807411194e-01 9.013921618461608887e-01 9.114464521408081055e-01
2.485235780477523804e-01 -8.874547481536865234e-01 8.279753476381301880e-02 9.321062564849853516e-01 -4.418405294418334961e-01 -8.402702212333679199e-01 -4.848099499940872192e-02 -2.439644932746887207e-01 -5.197763442993164062e-01 3.162852525711059570e-01 8.974807262420654297e-01 -2.695925235748291016e-01 5.977712869644165039e-01 1.784175634384155273e-01 9.029000401496887207e-01 9.479925632476806641e-01
2.524968683719635010e-01 -8.865483403205871582e-01 -1.218962967395782471e-01 9.139257669448852539e-01 -5.587754845619201660e-01 -8.352005481719970703e-01 -2.330175340175628662e-01 -3.878758847713470459e-01 -5.300716161727905273e-01 3.070696294307708740e-01 9.076166152954101562e-01 -4.510208964347839355e-03 6.658224463462829590e-01 2.406880408525466919e-01 9.031056761741638184e-01 9.675568342208862305e-01
2.555043101310729980e-01 -8.659688830375671387e-01 -3.384469449520111084e-01 8.718037605285644531e-01 -6.560654640197753906e-01 -8.209018111228942871e-01 -4.062210917472839355e-01 -5.182734131813049316e-01 -5.375770330429077148e-01 2.931761145591735840e-01 9.122609496116638184e-01 2.884330153465270996e-01 7.225798964500427246e-01 2.940583825111389160e-01 9.013461470603942871e-01 9.774963855743408203e-01
2.578115463256835938e-01 -7.888415455818176270e-01 -5.402652025222778320e-01 7.878307104110717773e-01 -7.346692085266113281e-01 -7.916381359100341797e-01 -5.559375882148742676e-01 -6.307103633880615234e-01 -5.432128310203552246e-01 2.755600214004516602e-01 9.102244377136230469e-01 5.567637681961059570e-01 7.696455121040344238e-01 3.403445184230804443e-01 8.962832689285278320e-01 9.821746945381164551e-01
2.596734464168548584e-01 -6.053707003593444824e-01 -7.021068334579467773e-01 6.497182846069335938e-01 -7.971810698509216309e-01 -7.416239976882934570e-01 -6.758884191513061523e-01 -7.226171493530273438e-01 -5.475680232048034668e-01 2.537316381931304932e-01 8.982769846916198730e-01 7.572278976440429688e-01 8.080620169639587402e-01 3.817013800144195557e-01 8.854204416275024414e-01 9.837962985038757324e-01
2.612685561180114746e-01 -3.165392279624938965e-01 -8.139461278915405273e-01 4.719717204570770264e-01 -8.467116355895996094e-01 -6.669813394546508789e-01 -7.672132253646850586e-01 -7.943512797355651855e-01 -5.509643554687500000e-01 2.257888466119766235e-01 8.684263229370117188e-01 8.804572820663452148e-01 8.387058377265930176e-01 4.201976358890533447e-01 8.640865087509155273e-01 9.832102060317993164e-01
2.625916898250579834e-01 1.430015265941619873e-02 -8.834134340286254883e-01 2.873681187629699707e-01 -8.856787681579589844e-01 -5.668225884437561035e-01 -8.344962596893310547e-01 -8.484778404235839844e-01 -5.535328388214111328e-01 1.899545490741729736e-01 8.075792193412780762e-01 9.442307949066162109e-01 8.624475002288818359e-01 4.571978449821472168e-01 8.249705433845520020e-01 9.804120063781738281e-01
2.633574604988098145e-01 3.204219341278076172e-01 -9.246242046356201172e-01 1.177659705281257629e-01 -9.156582355499267578e-01 -4.422476291656494141e-01 -8.827875256538391113e-01 -8.881738781929016113e-01 -5.552402138710021973e-01 1.460417509078979492e-01 7.087571620941162109e-01 9.729930162429809570e-01 8.799750804901123047e-01 4.930288791656494141e-01 7.603502273559570312e-01 9.746557474136352539e-01
2.629577219486236572e-01 5.646142959594726562e-01 -9.490736722946166992e-01 -3.176875412464141846e-02 -9.379845857620239258e-01 -2.946985363960266113e-01 -9.166645407676696777e-01 -9.163964986801147461e-01 -5.558132529258728027e-01 9.520971775054931641e-02 5.821236968040466309e-01 9.849358797073364258e-01 8.914957046508789062e-01 5.269567370414733887e-01 6.652645468711853027e-01 9.641220569610595703e-01
2.604375779628753662e-01 7.387135028839111328e-01 -9.639011025428771973e-01 -1.634868234395980835e-01 -9.540426731109619141e-01 -1.266006678342819214e-01 -9.399608373641967773e-01 -9.356662034988403320e-01 -5.546194314956665039e-01 3.908069804310798645e-02 4.439787566661834717e-01 9.899063110351562500e-01 8.964428305625915527e-01 5.571985244750976562e-01 5.392429828643798828e-01 9.451564550399780273e-01
2.544306516647338867e-01 8.521882295608520508e-01 -9.731258153915405273e-01 -2.806774377822875977e-01 -9.651432037353515625e-01 5.710980296134948730e-02 -9.557464122772216797e-01 -9.479923248291015625e-01 -5.505496263504028320e-01 -2.080084010958671570e-02 3.045566976070404053e-01 9.922196865081787109e-01 8.932431936264038086e-01 5.810507535934448242e-01 3.862690925598144531e-01 9.110009074211120605e-01
2.429957538843154907e-01 9.208767414093017578e-01 -9.789603948593139648e-01 -3.857729434967041016e-01 -9.723408222198486328e-01 2.478717416524887085e-01 -9.663565158843994141e-01 -9.548254609107971191e-01 -5.418493151664733887e-01 -8.321839570999145508e-02 1.679481267929077148e-01 9.935007095336914062e-01 8.789883852005004883e-01 5.950140357017517090e-01 2.133889049291610718e-01 8.506141901016235352e-01
2.232806682586669922e-01 9.598955512046813965e-01 -9.826244115829467773e-01 -4.801444113254547119e-01 -9.763364791870117188e-01 4.334249496459960938e-01 -9.734517335891723633e-01 -9.570224881172180176e-01 -5.258208513259887695e-01 -1.473851799964904785e-01 3.515411168336868286e-02 9.942855834960937500e-01 8.490516543388366699e-01 5.946868658065795898e-01 2.912472188472747803e-02 7.505167126655578613e-01
1.909176260232925415e-01 9.807822704315185547e-01 -9.847781658172607422e-01 -5.643798112869262695e-01 -9.773969650268554688e-01 5.997498035430908203e-01 -9.781199097633361816e-01 -9.547480940818786621e-01 -4.983242154121398926e-01 -2.128835022449493408e-01 -9.403748810291290283e-02 9.947131872177124023e-01 7.971329092979431152e-01 5.744400620460510254e-01 -1.575234085321426392e-01 6.040633320808410645e-01
1.391869038343429565e-01 9.912756681442260742e-01 -9.857656955718994141e-01 -6.386540532112121582e-01 -9.751887917518615723e-01 7.352626323699951172e-01 -9.809742569923400879e-01 -9.472556114196777344e-01 -4.531129896640777588e-01 -2.792831361293792725e-01 -2.199330925941467285e-01 9.947762489318847656e-01 7.167217135429382324e-01 5.274303555488586426e-01 -3.375718891620635986e-01 4.232636094093322754e-01
5.855747312307357788e-02 9.961699247360229492e-01 -9.857898950576782227e-01 -7.030574679374694824e-01 -9.683932065963745117e-01 8.350476622581481934e-01 -9.821989536285400391e-01 -9.325207471847534180e-01 -3.815309405326843262e-01 -3.454008102416992188e-01 -3.419753313064575195e-01 9.944002628326416016e-01 6.047561168670654297e-01 4.471531212329864502e-01 -5.025532245635986328e-01 2.356744408607482910e-01
-6.190662458539009094e-02 9.982687234878540039e-01 -9.850574731826782227e-01 -7.578320503234863281e-01 -9.538861513137817383e-01 9.017557501792907715e-01 -9.814950823783874512e-01 -9.066431522369384766e-01 -2.737407088279724121e-01 -4.086671173572540283e-01 -4.583432674407958984e-01 9.934469461441040039e-01 4.654094874858856201e-01 3.308003246784210205e-01 -6.454303264617919922e-01 6.682509183883666992e-02
-2.287791371345520020e-01 9.990892410278320312e-01 -9.838533401489257812e-01 -8.034977912902832031e-01 -9.252384901046752930e-01 9.427087306976318359e-01 -9.778181314468383789e-01 -8.629811406135559082e-01 -1.226092576980590820e-01 -4.651220440864562988e-01 -5.664656758308410645e-01 9.916666746139526367e-01 3.093263506889343262e-01 1.824251413345336914e-01 -7.616872787475585938e-01 -7.102707028388977051e-02
-4.317046999931335449e-01 9.993605613708496094e-01 -9.824715852737426758e-01 -8.408702015876770020e-01 -8.707651495933532715e-01 9.660141468048095703e-01 -9.686732888221740723e-01 -7.917604446411132812e-01 7.010104507207870483e-02 -5.099810361862182617e-01 -6.637988686561584473e-01 9.885683059692382812e-01 1.484895646572113037e-01 1.320546120405197144e-02 -8.499531149864196777e-01 -1.774379760026931763e-01
-6.304945349693298340e-01 9.993808269500732422e-01 -9.809684753417968750e-01 -8.710044622421264648e-01 -7.736114263534545898e-01 9.781150817871093750e-01 -9.486338496208190918e-01 -6.828906536102294922e-01 2.885600924491882324e-01 -5.386994481086730957e-01 -7.481513023376464844e-01 9.830613732337951660e-01 -8.076518774032592773e-03 -1.628364920616149902e-01 -9.118499159812927246e-01 -2.574223279953002930e-01
-7.694114446640014648e-01 9.992362260818481445e-01 -9.788633584976196289e-01 -8.950985074043273926e-01 -6.201966404914855957e-01 9.830230474472045898e-01 -9.074034094810485840e-01 -5.351829528808593750e-01 5.041751861572265625e-01 -5.490030050277709961e-01 -8.177433013916015625e-01 9.724622368812561035e-01 -1.556277871131896973e-01 -3.350117802619934082e-01 -9.511766433715820312e-01 -3.165432810783386230e-01
-8.235389590263366699e-01 9.989050626754760742e-01 -9.750088453292846680e-01 -9.143357276916503906e-01 -4.169142842292785645e-01 9.822856187820434570e-01 -8.306997418403625488e-01 -3.643268048763275146e-01 6.864454746246337891e-01 -5.434701442718505859e-01 -8.717060685157775879e-01 9.502594470977783203e-01 -2.926762998104095459e-01 -4.967668056488037109e-01 -9.728037118911743164e-01 -3.592810332775115967e-01
-8.068943023681640625e-01 9.982845783233642578e-01 -9.676674604415893555e-01 -9.297052025794982910e-01 -1.924207359552383423e-01 9.747345447540283203e-01 -7.091829776763916016e-01 -1.940003335475921631e-01 8.173674345016479492e-01 -5.299848914146423340e-01 -9.108839035034179688e-01 9.029530286788940430e-01 -4.182538986206054688e-01 -6.412100791931152344e-01 -9.817586541175842285e-01 -3.896096646785736084e-01
-7.331885099411010742e-01 9.971314072608947754e-01 -9.544236660003662109e-01 -9.419165849685668945e-01 2.326336503028869629e-02 9.553856849670410156e-01 -5.495106577873229980e-01 -4.134538024663925171e-02 8.973133563995361328e-01 -5.192967057228088379e-01 -9.377212524414062500e-01 8.095736503601074219e-01 -5.300934314727783203e-01 -7.608414888381958008e-01 -9.822486639022827148e-01 -4.112604856491088867e-01
-5.985251069068908691e-01 9.948244094848632812e-01 -9.313501119613647461e-01 -9.513608217239379883e-01 2.137659490108489990e-01 9.130516052246093750e-01 -3.702911734580993652e-01 8.605742454528808594e-02 9.395414590835571289e-01 -5.219127535820007324e-01 -9.550882577896118164e-01 6.524611711502075195e-01 -6.256716251373291016e-01 -8.515925407409667969e-01 -9.760811328887939453e-01 -4.272002577781677246e-01
-3.944564461708068848e-01 9.896481037139892578e-01 -8.914774060249328613e-01 -9.579204320907592773e-01 3.748313188552856445e-01 8.273924589157104492e-01 -1.880220472812652588e-01 1.871218532323837280e-01 9.601019620895385742e-01 -5.443903207778930664e-01 -9.651470184326171875e-01 4.434123039245605469e-01 -7.039058208465576172e-01 -9.144296646118164062e-01 -9.607651829719543457e-01 -4.393926858901977539e-01
-1.338272094726562500e-01 9.768782258033752441e-01 -8.250249028205871582e-01 -9.604882001876831055e-01 5.073972344398498535e-01 6.740132570266723633e-01 -1.230421662330627441e-02 2.645569741725921631e-01 9.702142477035522461e-01 -5.835258364677429199e-01 -9.688707590103149414e-01 2.303657829761505127e-01 -7.652940750122070312e-01 -9.538303613662719727e-01 -9.274283051490783691e-01 -4.489831328392028809e-01
1.344621032476425171e-01 9.446306228637695312e-01 -7.258004546165466309e-01 -9.562273025512695312e-01 6.136089563369750977e-01 4.527706205844879150e-01 1.512464433908462524e-01 3.231513500213623047e-01 9.749361276626586914e-01 -6.227616071701049805e-01 -9.663838148117065430e-01 5.171480774879455566e-02 -8.101464509963989258e-01 -9.757866859436035156e-01 -8.606556653976440430e-01 -4.566485285758972168e-01
3.572980761528015137e-01 8.683508038520812988e-01 -5.986307859420776367e-01 -9.397061467170715332e-01 6.964456439018249512e-01 2.050671130418777466e-01 2.987493574619293213e-01 3.681661784648895264e-01 9.759851694107055664e-01 -6.422482132911682129e-01 -9.577558040618896484e-01 -8.709149062633514404e-02 -8.364496231079101562e-01 -9.864811897277832031e-01 -7.440910935401916504e-01 -4.629094302654266357e-01
5.126641988754272461e-01 7.182334661483764648e-01 -4.557911455631256104e-01 -9.025426506996154785e-01 7.596197128295898438e-01 -2.211641520261764526e-02 4.265882074832916260e-01 4.041128158569335938e-01 9.738708138465881348e-01 -6.330086588859558105e-01 -9.431070089340209961e-01 -1.943527460098266602e-01 -8.410232067108154297e-01 -9.910655021667480469e-01 -5.706627964973449707e-01 -4.682007133960723877e-01
6.062902212142944336e-01 4.968900680541992188e-01 -3.079696595668792725e-01 -8.346284031867980957e-01 8.070001602172851562e-01 -2.068610936403274536e-01 5.321059823036193848e-01 4.342313110828399658e-01 9.682444334030151367e-01 -5.950670838356018066e-01 -9.218563437461853027e-01 -2.785477638244628906e-01 -8.235850334167480469e-01 -9.927963614463806152e-01 -3.515704274177551270e-01 -4.728217720985412598e-01
6.533220410346984863e-01 2.539058625698089600e-01 -1.622954607009887695e-01 -7.281669378280639648e-01 8.422208428382873535e-01 -3.477922976016998291e-01 6.153829097747802734e-01 4.606530666351318359e-01 9.578834772109985352e-01 -5.309214591979980469e-01 -8.920440673828125000e-01 -3.458722829818725586e-01 -7.885847091674804688e-01 -9.932348728179931641e-01 -1.166199594736099243e-01 -4.768918752670288086e-01
6.675677895545959473e-01 3.602756559848785400e-02 -2.484159171581268311e-02 -5.842880606651306152e-01 8.684086799621582031e-01 -4.524899125099182129e-01 6.791995763778686523e-01 4.848312139511108398e-01 9.409397244453430176e-01 -4.460042119026184082e-01 -8.501445055007934570e-01 -4.007738828659057617e-01 -7.430115938186645508e-01 -9.929459095001220703e-01 1.007592529058456421e-01 -4.803162217140197754e-01
6.587985754013061523e-01 -1.409250646829605103e-01 9.967231750488281250e-02 -4.142099916934967041e-01 8.879470825195312500e-01 -5.304135084152221680e-01 7.273409366607666016e-01 5.077818632125854492e-01 9.149886369705200195e-01 -3.479126691818237305e-01 -7.911211252212524414e-01 -4.464140236377716064e-01 -6.930851340293884277e-01 -9.920389652252197266e-01 2.819050252437591553e-01 -4.827415347099304199e-01
6.334111690521240234e-01 -2.795881927013397217e-01 2.089612782001495361e-01 -2.327140569686889648e-01 9.024169445037841797e-01 -5.894789695739746094e-01 7.632133960723876953e-01 5.301405191421508789e-01 8.765649795532226562e-01 -2.438880950212478638e-01 -7.088226675987243652e-01 -4.849900007247924805e-01 -6.426062583923339844e-01 -9.904083013534545898e-01 4.244650006294250488e-01 -4.834330677986145020e-01
5.956995487213134766e-01 -3.877307474613189697e-01 3.028083443641662598e-01 -5.211790651082992554e-02 9.126689434051513672e-01 -6.353300213813781738e-01 7.893704175949096680e-01 5.521904230117797852e-01 8.204770088195800781e-01 -1.399747729301452637e-01 -5.971261262893676758e-01 -5.180265307426452637e-01 -5.930442810058593750e-01 -9.877593517303466797e-01 5.339528918266296387e-01 -4.810293316841125488e-01
5.489404201507568359e-01 -4.728825092315673828e-01 3.821798861026763916e-01 1.194341480731964111e-01 9.188458323478698730e-01 -6.717662811279296875e-01 8.074716329574584961e-01 5.738792419433593750e-01 7.393202185630798340e-01 -4.068225622177124023e-02 -4.523440003395080566e-01 -5.465895533561706543e-01 -5.442427396774291992e-01 -9.835062026977539062e-01 6.174045801162719727e-01 -4.731404483318328857e-01
4.963854849338531494e-01 -5.410043001174926758e-01 4.485426545143127441e-01 2.768688797950744629e-01 9.201943278312683105e-01 -7.013161778450012207e-01 8.183620572090148926e-01 5.947762131690979004e-01 6.241943836212158203e-01 5.120514333248138428e-02 -2.770458161830902100e-01 -5.714374780654907227e-01 -4.950276017189025879e-01 -9.765306711196899414e-01 6.808991432189941406e-01 -4.557759165763854980e-01
4.421501755714416504e-01 -5.965019464492797852e-01 5.034638047218322754e-01 4.166867733001708984e-01 9.145120978355407715e-01 -7.256770730018615723e-01 8.221700191497802734e-01 6.139249801635742188e-01 4.688912928104400635e-01 1.343566179275512695e-01 -8.343275636434555054e-02 -5.931286811828613281e-01 -4.435659646987915039e-01 -9.647514820098876953e-01 7.290900945663452148e-01 -4.228371083736419678e-01
3.914271593093872070e-01 -6.425201892852783203e-01 5.483822822570800781e-01 5.365542173385620117e-01 8.971633315086364746e-01 -7.460214495658874512e-01 8.184155225753784180e-01 6.295937895774841309e-01 2.785501480102539062e-01 2.082171589136123657e-01 1.085576117038726807e-01 -6.120722293853759766e-01 -3.874428570270538330e-01 -9.445403814315795898e-01 7.654871940612792969e-01 -3.665333092212677002e-01
3.493317961692810059e-01 -6.811978816986083984e-01 5.844234824180603027e-01 6.358141899108886719e-01 8.602931499481201172e-01 -7.632034420967102051e-01 8.061481714248657227e-01 6.390347480773925781e-01 7.484801858663558960e-02 2.723337411880493164e-01 2.802919745445251465e-01 -6.284931898117065430e-01 -3.234526216983795166e-01 -9.104558229446411133e-01 7.929307818412780762e-01 -2.798321247100830078e-01
3.190492391586303711e-01 -7.139078378677368164e-01 6.121599674224853516e-01 7.156475782394409180e-01 7.942793369293212891e-01 -7.778745889663696289e-01 7.840309143066406250e-01 6.384122371673583984e-01 -1.139722764492034912e-01 3.262282013893127441e-01 4.226815700531005859e-01 -6.423049569129943848e-01 -2.476338148117065430e-01 -8.563714623451232910e-01 8.138735294342041016e-01 -1.600674986839294434e-01
3.010085821151733398e-01 -7.415688037872314453e-01 6.312815546989440918e-01 7.784296274185180664e-01 6.925205588340759277e-01 -7.905234694480895996e-01 7.501669526100158691e-01 6.228613853454589844e-01 -2.693664431571960449e-01 3.697877526283264160e-01 5.360640883445739746e-01 -6.528888344764709473e-01 -1.565181612968444824e-01 -7.783203721046447754e-01 8.303035497665405273e-01 -1.046565175056457520e-02
2.934041023254394531e-01 -7.649346590042114258e-01 6.401576399803161621e-01 8.269155621528625488e-01 5.556896328926086426e-01 -8.014916777610778809e-01 7.017584443092346191e-01 5.865845084190368652e-01 -3.870341777801513672e-01 4.034597575664520264e-01 6.251828670501708984e-01 -6.587142944335937500e-01 -4.953085631132125854e-02 -6.771034002304077148e-01 8.435816168785095215e-01 1.608927696943283081e-01
2.932040989398956299e-01 -7.847292423248291016e-01 6.352819800376892090e-01 8.637020587921142578e-01 3.914386034011840820e-01 -8.109982609748840332e-01 6.351155042648315430e-01 5.235391855239868164e-01 -4.714675545692443848e-01 4.280186593532562256e-01 6.952887177467346191e-01 -6.567004919052124023e-01 6.916421651840209961e-02 -5.586537122726440430e-01 8.544863462448120117e-01 3.419325351715087891e-01
2.971913218498229980e-01 -8.016571998596191406e-01 6.107729077339172363e-01 8.909604549407958984e-01 2.112646102905273438e-01 -8.191560506820678711e-01 5.465078949928283691e-01 4.295592606067657471e-01 -5.300752520561218262e-01 4.442651569843292236e-01 7.506851553916931152e-01 -6.413263678550720215e-01 1.914393156766891479e-01 -4.322166442871093750e-01 8.634199500083923340e-01 5.171184539794921875e-01
3.028022944927215576e-01 -8.163617849349975586e-01 5.585718750953674316e-01 9.103199243545532227e-01 2.745264768600463867e-02 -8.259628415107727051e-01 4.336912333965301514e-01 3.053003847599029541e-01 -5.700423717498779297e-01 4.529053568840026855e-01 7.945857048034667969e-01 -6.037420630455017090e-01 3.086123168468475342e-01 -3.074302375316619873e-01 8.706110715866088867e-01 6.702215671539306641e-01
3.084710538387298584e-01 -8.293347358703613281e-01 4.701965153217315674e-01 9.227753281593322754e-01 -1.491512954235076904e-01 -8.312624096870422363e-01 2.969807088375091553e-01 1.574688255786895752e-01 -5.971661210060119629e-01 4.545733034610748291e-01 8.293238878250122070e-01 -5.314869284629821777e-01 4.146763682365417480e-01 -1.916584372520446777e-01 8.762278556823730469e-01 7.897002696990966797e-01
