2.252654135227203369e-01 -8.822559714317321777e-01 4.349347352981567383e-01 9.407984018325805664e-01 -2.076231837272644043e-01 -8.636703491210937500e-01 2.151590138673782349e-01 -2.356231957674026489e-02 -6.130753755569458008e-01 5.665953159332275391e-01 8.469160199165344238e-01 -6.536667943000793457e-01 5.983156561851501465e-01 1.159672439098358154e-01 8.753827214241027832e-01 8.348280191421508789e-01
2.358660995960235596e-01 -8.893556594848632812e-01 3.199039697647094727e-01 9.413067102432250977e-01 -3.430246710777282715e-01 -8.654012680053710938e-01 4.106308519840240479e-02 -1.583824157714843750e-01 -6.259520649909973145e-01 5.716618895530700684e-01 8.697083592414855957e-01 -5.288281440734863281e-01 6.762323379516601562e-01 2.067106515169143677e-01 8.790435194969177246e-01 8.979524374008178711e-01
2.441570311784744263e-01 -8.941100835800170898e-01 1.692383885383605957e-01 9.343353509902954102e-01 -4.658313691616058350e-01 -8.639666438102722168e-01 -1.296867877244949341e-01 -2.911644876003265381e-01 -6.352292299270629883e-01 5.703575015068054199e-01 8.872640728950500488e-01 -3.514779508113861084e-01 7.362689971923828125e-01 2.887753248214721680e-01 8.815349340438842773e-01 9.360626935958862305e-01
2.506999075412750244e-01 -8.933247327804565430e-01 -1.243624091148376465e-02 9.158848524093627930e-01 -5.725564360618591309e-01 -8.577034473419189453e-01 -2.929644584655761719e-01 -4.144533276557922363e-01 -6.421105265617370605e-01 5.631462931632995605e-01 8.996067643165588379e-01 -1.187512427568435669e-01 7.824475765228271484e-01 3.622680604457855225e-01 8.827025294303894043e-01 9.572417140007019043e-01
2.559245526790618896e-01 -8.772664070129394531e-01 -2.137254178524017334e-01 8.772522211074829102e-01 -6.623488068580627441e-01 -8.436603546142578125e-01 -4.435427486896514893e-01 -5.237683057785034180e-01 -6.473590135574340820e-01 5.502486824989318848e-01 9.062005281448364258e-01 1.525883376598358154e-01 8.180669546127319336e-01 4.277548789978027344e-01 8.821178078651428223e-01 9.678150415420532227e-01
2.601957917213439941e-01 -8.205849528312683105e-01 -4.149624705314636230e-01 8.035094141960144043e-01 -7.359894514083862305e-01 -8.175716996192932129e-01 -5.755795836448669434e-01 -6.168351173400878906e-01 -6.514748334884643555e-01 5.315182209014892578e-01 9.055705666542053223e-01 4.228688180446624756e-01 8.456035852432250977e-01 4.860618710517883301e-01 8.788890242576599121e-01 9.718807935714721680e-01
2.638659179210662842e-01 -6.818642020225524902e-01 -5.918645858764648438e-01 6.795831322669982910e-01 -7.953817844390869141e-01 -7.751932740211486816e-01 -6.849997639656066895e-01 -6.931449174880981445e-01 -6.547824144363403320e-01 5.059251785278320312e-01 8.943362236022949219e-01 6.474410295486450195e-01 8.668607473373413086e-01 5.381464362144470215e-01 8.714057803153991699e-01 9.716120362281799316e-01
2.672768235206604004e-01 -4.443644881248474121e-01 -7.268759608268737793e-01 5.082892775535583496e-01 -8.430554866790771484e-01 -7.140503525733947754e-01 -7.714991569519042969e-01 -7.540651559829711914e-01 -6.574647426605224609e-01 4.710417687892913818e-01 8.650478720664978027e-01 8.031527996063232422e-01 8.831971883773803711e-01 5.847508311271667480e-01 8.568521738052368164e-01 9.676896333694458008e-01
2.706810534000396729e-01 -1.488080471754074097e-01 -8.181624412536621094e-01 3.163856863975524902e-01 -8.810861110687255859e-01 -6.339952945709228516e-01 -8.374440670013427734e-01 -8.019218444824218750e-01 -6.595873236656188965e-01 4.239280521869659424e-01 8.049106597900390625e-01 8.948555588722229004e-01 8.956429362297058105e-01 6.257550120353698730e-01 8.307096958160400391e-01 9.596145749092102051e-01
2.741172313690185547e-01 1.457553803920745850e-01 -8.754343986511230469e-01 1.316498965024948120e-01 -9.105986356735229492e-01 -5.362131595611572266e-01 -8.859697580337524414e-01 -8.385278582572937012e-01 -6.611056923866271973e-01 3.633518218994140625e-01 7.036179900169372559e-01 9.419878721237182617e-01 9.048542380332946777e-01 6.597607135772705078e-01 7.875112891197204590e-01 9.459076523780822754e-01
2.773213386535644531e-01 4.005508422851562500e-01 -9.102783799171447754e-01 -3.368543088436126709e-02 -9.324620962142944336e-01 -4.215372800827026367e-01 -9.203849434852600098e-01 -8.651629090309143066e-01 -6.618034839630126953e-01 2.905049622058868408e-01 5.659531354904174805e-01 9.640139341354370117e-01 9.110445976257324219e-01 6.841922998428344727e-01 7.225700616836547852e-01 9.239633083343505859e-01
2.796650528907775879e-01 6.007574796676635742e-01 -9.314107894897460938e-01 -1.784234941005706787e-01 -9.477927684783935547e-01 -2.904350161552429199e-01 -9.438929557800292969e-01 -8.831157684326171875e-01 -6.611588597297668457e-01 2.078952789306640625e-01 4.076451361179351807e-01 9.739372730255126953e-01 9.139140248298645020e-01 6.956113576889038086e-01 6.331323385238647461e-01 8.896461725234985352e-01
2.800562083721160889e-01 7.470537424087524414e-01 -9.443563222885131836e-01 -3.049214482307434082e-01 -9.578108787536621094e-01 -1.440857797861099243e-01 -9.593327045440673828e-01 -8.936862945556640625e-01 -6.581676602363586426e-01 1.182618960738182068e-01 2.426124662160873413e-01 9.785447120666503906e-01 9.125497341156005859e-01 6.901625394821166992e-01 5.187572240829467773e-01 8.369796276092529297e-01
2.767449319362640381e-01 8.476505279541015625e-01 -9.523789286613464355e-01 -4.158035516738891602e-01 -9.635307788848876953e-01 1.464198529720306396e-02 -9.689973592758178711e-01 -8.978812098503112793e-01 -6.510981321334838867e-01 2.406664192676544189e-02 7.892933487892150879e-02 9.808108806610107422e-01 9.052000641822814941e-01 6.638968586921691895e-01 3.811419606208801270e-01 7.584204673767089844e-01
2.669672369956970215e-01 9.130483865737915039e-01 -9.573385715484619141e-01 -5.130901336669921875e-01 -9.655621051788330078e-01 1.805600821971893311e-01 -9.745361804962158203e-01 -8.961662054061889648e-01 -6.371079087257385254e-01 -7.266391813755035400e-02 -7.943282276391983032e-02 9.818481802940368652e-01 8.888199329376220703e-01 6.127098798751831055e-01 2.236641049385070801e-01 6.468991637229919434e-01
2.463777363300323486e-01 9.531916379928588867e-01 -9.602633118629455566e-01 -5.981427431106567383e-01 -9.639809727668762207e-01 3.460480868816375732e-01 -9.769351482391357422e-01 -8.882987499237060547e-01 -6.116570830345153809e-01 -1.702634245157241821e-01 -2.304369807243347168e-01 9.819462299346923828e-01 8.584637641906738281e-01 5.321525335311889648e-01 5.102853477001190186e-02 5.007470846176147461e-01
2.083686888217926025e-01 9.762924909591674805e-01 -9.617288708686828613e-01 -6.718406677246093750e-01 -9.581357240676879883e-01 5.018481016159057617e-01 -9.765085577964782715e-01 -8.731983900070190430e-01 -5.677405595779418945e-01 -2.670988738536834717e-01 -3.725158572196960449e-01 9.810130596160888672e-01 8.072162270545959473e-01 4.179968237876892090e-01 -1.307372748851776123e-01 3.294784426689147949e-01
1.437748223543167114e-01 9.886153936386108398e-01 -9.621440172195434570e-01 -7.347992658615112305e-01 -9.462389945983886719e-01 6.389620900154113770e-01 -9.728027582168579102e-01 -8.489212989807128906e-01 -4.953133165836334229e-01 -3.610696494579315186e-01 -5.036796927452087402e-01 9.787312746047973633e-01 7.284662127494812012e-01 2.687034904956817627e-01 -3.139772415161132812e-01 1.534169614315032959e-01
4.216827452182769775e-02 9.946480989456176758e-01 -9.619457721710205078e-01 -7.875766754150390625e-01 -9.246114492416381836e-01 7.510637044906616211e-01 -9.643209576606750488e-01 -8.128800392150878906e-01 -3.820459246635437012e-01 -4.493404030799865723e-01 -6.213136911392211914e-01 9.745895266532897949e-01 6.212017536163330078e-01 8.948294073343276978e-02 -4.891980290412902832e-01 -6.261803209781646729e-03
-1.030836254358291626e-01 9.973447322845458984e-01 -9.616162776947021484e-01 -8.308542966842651367e-01 -8.867030143737792969e-01 8.361011743545532227e-01 -9.479668140411376953e-01 -7.623794674873352051e-01 -2.174520790576934814e-01 -5.287430882453918457e-01 -7.227715253829956055e-01 9.678232073783874512e-01 4.928079843521118164e-01 -1.056331619620323181e-01 -6.456851959228515625e-01 -1.379409134387969971e-01
-2.838106751441955566e-01 9.984200000762939453e-01 -9.614825248718261719e-01 -8.655505180358886719e-01 -8.228496909141540527e-01 8.960930109024047852e-01 -9.181363582611083984e-01 -6.953788399696350098e-01 -1.553907990455627441e-03 -5.966215133666992188e-01 -8.062112331390380859e-01 9.572018384933471680e-01 3.542520999908447266e-01 -2.976622581481933594e-01 -7.735884189605712891e-01 -2.408418953418731689e-01
-4.649879038333892822e-01 9.987201094627380371e-01 -9.614171981811523438e-01 -8.928342461585998535e-01 -7.228251099586486816e-01 9.354078769683837891e-01 -8.659725189208984375e-01 -6.113990545272827148e-01 2.464085966348648071e-01 -6.515057086944580078e-01 -8.710187673568725586e-01 9.404401779174804688e-01 2.137404978275299072e-01 -4.705047309398651123e-01 -8.671095967292785645e-01 -3.196190595626831055e-01
-5.931588411331176758e-01 9.985706210136413574e-01 -9.606381654739379883e-01 -9.140394926071166992e-01 -5.823202729225158691e-01 9.587318897247314453e-01 -7.814428806304931641e-01 -5.126443505287170410e-01 4.896248579025268555e-01 -6.935767531394958496e-01 -9.179545640945434570e-01 9.128085374832153320e-01 7.491100579500198364e-02 -6.157729625701904297e-01 -9.267665147781372070e-01 -3.793592751026153564e-01
-6.344119906425476074e-01 9.980037212371826172e-01 -9.576926827430725098e-01 -9.304898977279663086e-01 -4.090487062931060791e-01 9.695683121681213379e-01 -6.614308357238769531e-01 -4.044964015483856201e-01 6.903728842735290527e-01 -7.250246405601501465e-01 -9.492999315261840820e-01 8.649603128433227539e-01 -6.149221956729888916e-02 -7.314947843551635742e-01 -9.586390256881713867e-01 -4.239749014377593994e-01
-5.918514728546142578e-01 9.968479275703430176e-01 -9.505027532577514648e-01 -9.432923793792724609e-01 -2.205232083797454834e-01 9.691625833511352539e-01 -5.161585807800292969e-01 -2.941104173660278320e-01 8.294593095779418945e-01 -7.494851350784301758e-01 -9.685527682304382324e-01 7.820973396301269531e-01 -1.946975588798522949e-01 -8.187202215194702148e-01 -9.708958864212036133e-01 -4.568074941635131836e-01
-4.813967347145080566e-01 9.946641921997070312e-01 -9.360688924789428711e-01 -9.532082080841064453e-01 -3.398776054382324219e-02 9.553614854812622070e-01 -3.616795241832733154e-01 -1.883888840675354004e-01 9.110112190246582031e-01 -7.704522013664245605e-01 -9.793716669082641602e-01 6.485187411308288574e-01 -3.219981193542480469e-01 -8.804919123649597168e-01 -9.698465466499328613e-01 -4.809930026531219482e-01
-3.160618543624877930e-01 9.904149770736694336e-01 -9.095662832260131836e-01 -9.605789780616760254e-01 1.402856856584548950e-01 9.209334850311279297e-01 -2.085611373186111450e-01 -9.256207942962646484e-02 9.523635506629943848e-01 -7.900636196136474609e-01 -9.845271706581115723e-01 4.596002697944641113e-01 -4.393202662467956543e-01 -9.217268228530883789e-01 -9.571463465690612793e-01 -4.990746676921844482e-01
-1.120016127824783325e-01 9.815646409988403320e-01 -8.635613322257995605e-01 -9.651591777801513672e-01 2.975922524929046631e-01 8.514093160629272461e-01 -6.018215417861938477e-02 -9.357593953609466553e-03 9.713068008422851562e-01 -8.083065748214721680e-01 -9.855378866195678711e-01 2.363773882389068604e-01 -5.427466630935668945e-01 -9.479639530181884766e-01 -9.279676675796508789e-01 -5.128113031387329102e-01
1.029549837112426758e-01 9.621518850326538086e-01 -7.898547649383544922e-01 -9.657565355300903320e-01 4.349936246871948242e-01 7.272316217422485352e-01 8.211339265108108521e-02 6.094010919332504272e-02 9.794814586639404297e-01 -8.221012353897094727e-01 -9.828886985778808594e-01 2.028813958168029785e-02 -6.290127038955688477e-01 -9.640437364578247070e-01 -8.701857328414916992e-01 -5.233562588691711426e-01
2.952364981174468994e-01 9.195945262908935547e-01 -6.855267286300659180e-01 -9.597430825233459473e-01 5.502769947052001953e-01 5.400053262710571289e-01 2.155800312757492065e-01 1.197143942117691040e-01 9.824488162994384766e-01 -8.255313634872436523e-01 -9.765841960906982422e-01 -1.594997048377990723e-01 -6.946715116500854492e-01 -9.735971689224243164e-01 -7.681342959403991699e-01 -5.315110683441162109e-01
4.426961541175842285e-01 8.322282433509826660e-01 -5.568097829818725586e-01 -9.425638318061828613e-01 6.431604027748107910e-01 3.111258447170257568e-01 3.369542360305786133e-01 1.691055297851562500e-01 9.823064804077148438e-01 -8.122559785842895508e-01 -9.666109681129455566e-01 -2.990345358848571777e-01 -7.354094982147216797e-01 -9.791126251220703125e-01 -6.129906773567199707e-01 -5.378603339195251465e-01
5.395203232765197754e-01 6.786378622055053711e-01 -4.152148663997650146e-01 -9.076672792434692383e-01 7.156062126159667969e-01 8.099681884050369263e-02 4.431654214859008789e-01 2.114515006542205811e-01 9.795908927917480469e-01 -7.772952318191528320e-01 -9.528095722198486328e-01 -4.057796597480773926e-01 -7.481351494789123535e-01 -9.821888208389282227e-01 -4.145641028881072998e-01 -5.428044795989990234e-01
5.905756354331970215e-01 4.657291173934936523e-01 -2.713932991027832031e-01 -8.478180766105651855e-01 7.709708213806152344e-01 -1.194697320461273193e-01 5.319914221763610840e-01 2.489618211984634399e-01 9.739838242530822754e-01 -7.164331078529357910e-01 -9.343091249465942383e-01 -4.880430102348327637e-01 -7.353482246398925781e-01 -9.837615489959716797e-01 -2.022754549980163574e-01 -5.466055274009704590e-01
6.052182912826538086e-01 2.343720495700836182e-01 -1.327871978282928467e-01 -7.581681013107299805e-01 8.129978775978088379e-01 -2.799086868762969971e-01 6.035645604133605957e-01 2.834635674953460693e-01 9.644873142242431641e-01 -6.270552873611450195e-01 -9.089589118957519531e-01 -5.523559451103210449e-01 -7.059314846992492676e-01 -9.842875599861145020e-01 -6.326586008071899414e-03 -5.494191646575927734e-01
5.929068922996520996e-01 2.260375022888183594e-02 -4.311308264732360840e-03 -6.392076015472412109e-01 8.450011610984802246e-01 -4.037052989006042480e-01 6.604580879211425781e-01 3.163065910339355469e-01 9.494148492813110352e-01 -5.118197202682495117e-01 -8.729442358016967773e-01 -6.035066843032836914e-01 -6.697176694869995117e-01 -9.839041233062744141e-01 1.598704457283020020e-01 -5.512601137161254883e-01
5.611170530319213867e-01 -1.546554118394851685e-01 1.112076118588447571e-01 -4.961836338043212891e-01 8.694502115249633789e-01 -4.987455904483795166e-01 7.059476971626281738e-01 3.483884632587432861e-01 9.260789155960083008e-01 -3.790249824523925781e-01 -8.205462694168090820e-01 -6.448572874069213867e-01 -6.323516964912414551e-01 -9.825519323348999023e-01 2.969574332237243652e-01 -5.519189834594726562e-01
5.151848793029785156e-01 -2.975887656211853027e-01 2.127669155597686768e-01 -3.359540700912475586e-01 8.879756927490234375e-01 -5.724214315414428711e-01 7.425425052642822266e-01 3.802108168601989746e-01 8.901757001876831055e-01 -2.388198077678680420e-01 -7.441642284393310547e-01 -6.786891818046569824e-01 -5.950362086296081543e-01 -9.800138473510742188e-01 4.098677039146423340e-01 -5.508444905281066895e-01
4.591018557548522949e-01 -4.114927649497985840e-01 3.006069064140319824e-01 -1.648924350738525391e-01 9.015039205551147461e-01 -6.303366422653198242e-01 7.716491222381591797e-01 4.119186699390411377e-01 8.349252939224243164e-01 -1.000799015164375305e-01 -6.350609660148620605e-01 -7.065415978431701660e-01 -5.565372109413146973e-01 -9.758467674255371094e-01 5.031508207321166992e-01 -5.469379425048828125e-01
3.965020775794982910e-01 -5.022517442703247070e-01 3.756442666053771973e-01 1.110351830720901489e-02 9.102711677551269531e-01 -6.764672994613647461e-01 7.937970161437988281e-01 4.432757496833801270e-01 7.501113414764404297e-01 3.076456114649772644e-02 -4.860162734985351562e-01 -7.294645309448242188e-01 -5.147282481193542480e-01 -9.691951274871826172e-01 5.801547169685363770e-01 -5.381549596786499023e-01
3.317956030368804932e-01 -5.749785900115966797e-01 4.391003549098968506e-01 1.853153258562088013e-01 9.135664105415344238e-01 -7.135909795761108398e-01 8.089032173156738281e-01 4.735361933708190918e-01 6.225076913833618164e-01 1.497365832328796387e-01 -2.974814772605895996e-01 -7.481889724731445312e-01 -4.673832952976226807e-01 -9.584259986877441406e-01 6.432268023490905762e-01 -5.207986831665039062e-01
2.712487876415252686e-01 -6.338061094284057617e-01 4.923058152198791504e-01 3.492915034294128418e-01 9.090182781219482422e-01 -7.436685562133789062e-01 8.164275288581848145e-01 5.012232065200805664e-01 4.424659013748168945e-01 2.547624409198760986e-01 -8.521042764186859131e-02 -7.632443904876708984e-01 -4.126604199409484863e-01 -9.405169486999511719e-01 6.940196752548217773e-01 -4.886057972908020020e-01
2.225989997386932373e-01 -6.819484829902648926e-01 5.365867018699645996e-01 4.943374991416931152e-01 8.913908600807189941e-01 -7.681535482406616211e-01 8.154832124710083008e-01 5.239822864532470703e-01 2.199462652206420898e-01 3.449655175209045410e-01 1.218513697385787964e-01 -7.750282883644104004e-01 -3.490807414054870605e-01 -9.104287028312683105e-01 7.339496016502380371e-01 -4.326669573783874512e-01
1.918353289365768433e-01 -7.217294573783874512e-01 5.730923414230346680e-01 6.149200797080993652e-01 8.521058559417724609e-01 -7.882138490676879883e-01 8.049767017364501953e-01 5.387708544731140137e-01 -8.702620863914489746e-03 4.202010631561279297e-01 2.992574274539947510e-01 -7.838029265403747559e-01 -2.741469442844390869e-01 -8.617057204246520996e-01 7.648124694824218750e-01 -3.443461358547210693e-01
1.799838840961456299e-01 -7.546846866607666016e-01 6.025032997131347656e-01 7.102528810501098633e-01 7.824040651321411133e-01 -8.048126697540283203e-01 7.835592627525329590e-01 5.422044992446899414e-01 -2.056902945041656494e-01 4.811109304428100586e-01 4.397929310798645020e-01 -7.896091341972351074e-01 -1.830063164234161377e-01 -7.897342443466186523e-01 7.888946533203125000e-01 -2.205433547496795654e-01
1.836829781532287598e-01 -7.818999886512756348e-01 6.247220039367675781e-01 7.829351425170898438e-01 6.790084242820739746e-01 -8.186839818954467773e-01 7.490810751914978027e-01 5.305052995681762695e-01 -3.556517958641052246e-01 5.292180776596069336e-01 5.482912063598632812e-01 -7.921175956726074219e-01 -7.091520726680755615e-02 -6.950061321258544922e-01 8.082712888717651367e-01 -6.570154428482055664e-02
1.975299715995788574e-01 -8.043289184570312500e-01 6.385954618453979492e-01 8.369108438491821289e-01 5.455954074859619141e-01 -8.303369283676147461e-01 6.980491876602172852e-01 4.992143809795379639e-01 -4.617957174777984619e-01 5.664858222007751465e-01 6.324138641357421875e-01 -7.904080152511596680e-01 6.139107793569564819e-02 -5.823884010314941406e-01 8.242644667625427246e-01 1.102690026164054871e-01
2.159204483032226562e-01 -8.228808641433715820e-01 6.415997743606567383e-01 8.761178255081176758e-01 3.899665176868438721e-01 -8.401107192039489746e-01 6.260690689086914062e-01 4.435465931892395020e-01 -5.340027809143066406e-01 5.947297811508178711e-01 6.985602378845214844e-01 -7.826400399208068848e-01 2.046771943569183350e-01 -4.584193825721740723e-01 8.375470042228698730e-01 2.941081225872039795e-01
2.344792187213897705e-01 -8.383877277374267578e-01 6.295285820960998535e-01 9.038789272308349609e-01 2.216344773769378662e-01 -8.482209444046020508e-01 5.297417640686035156e-01 3.600315749645233154e-01 -5.822460055351257324e-01 6.153291463851928711e-01 7.512792348861694336e-01 -7.655584812164306641e-01 3.445645570755004883e-01 -3.297002613544464111e-01 8.484730720520019531e-01 4.708545506000518799e-01
2.508126497268676758e-01 -8.515545129776000977e-01 5.965053439140319824e-01 9.227349758148193359e-01 5.043473839759826660e-02 -8.547728657722473145e-01 4.090880453586578369e-01 2.490215599536895752e-01 -6.144419908523559570e-01 6.292507052421569824e-01 7.936815619468688965e-01 -7.338286638259887695e-01 4.689714908599853516e-01 -2.022617757320404053e-01 8.573073148727416992e-01 6.264368295669555664e-01
2.642237544059753418e-01 -8.629050850868225098e-01 5.357929468154907227e-01 9.344296455383300781e-01 -1.149045526981353760e-01 -8.597420454025268555e-01 2.682904899120330811e-01 1.161888539791107178e-01 -6.361900568008422852e-01 6.371923089027404785e-01 8.279002904891967773e-01 -6.793652772903442383e-01 5.724084973335266113e-01 -8.093709498643875122e-02 8.643037676811218262e-01 7.511356472969055176e-01
