-4.396992027759552002e-01 9.828155040740966797e-01
-2.859535813331604004e-01 1.097274661064147949e+00
-1.187209933996200562e-01 1.204375386238098145e+00
6.162336468696594238e-02 1.303619027137756348e+00
2.537179887294769287e-01 1.393380761146545410e+00
4.531575441360473633e-01 1.470225691795349121e+00
6.522843241691589355e-01 1.529399037361145020e+00
8.426128029823303223e-01 1.566479802131652832e+00
1.017184853553771973e+00 1.578488945960998535e+00
1.170802593231201172e+00 1.563519358634948730e+00
1.299442052841186523e+00 1.519980311393737793e+00
1.400546908378601074e+00 1.446856141090393066e+00
1.474315166473388672e+00 1.345228075981140137e+00
1.524117946624755859e+00 1.219218969345092773e+00
1.554259300231933594e+00 1.074468255043029785e+00
1.566448688507080078e+00 9.155006408691406250e-01
1.558292746543884277e+00 7.447099685668945312e-01
1.525022506713867188e+00 5.631422996520996094e-01
1.462646484375000000e+00 3.717762529850006104e-01
1.370312929153442383e+00 1.726502031087875366e-01
1.251021504402160645e+00 -3.056595474481582642e-02
1.110727906227111816e+00 -2.330065816640853882e-01
9.560748338699340820e-01 -4.299603998661041260e-01
7.913875579833984375e-01 -6.183239817619323730e-01
6.168867349624633789e-01 -7.971556186676025391e-01
4.307187795639038086e-01 -9.658020138740539551e-01
2.330714613199234009e-01 -1.120844960212707520e+00
2.728687413036823273e-02 -1.256806731224060059e+00
-1.820801496505737305e-01 -1.370360374450683594e+00
-3.899737596511840820e-01 -1.461129546165466309e+00
-5.900564789772033691e-01 -1.528082728385925293e+00
-7.757170200347900391e-01 -1.568184018135070801e+00
-9.426928758621215820e-01 -1.579134106636047363e+00
-1.090092301368713379e+00 -1.561942934989929199e+00
-1.219281911849975586e+00 -1.520238161087036133e+00
-1.332303524017333984e+00 -1.457495689392089844e+00
-1.430502176284790039e+00 -1.375149846076965332e+00
-1.513062834739685059e+00 -1.272995114326477051e+00
-1.575671195983886719e+00 -1.150937199592590332e+00
-1.610737204551696777e+00 -1.009850859642028809e+00
-1.610430717468261719e+00 -8.504594564437866211e-01
-1.571020245552062988e+00 -6.725957989692687988e-01
-1.495612144470214844e+00 -4.773218631744384766e-01
-1.393273115158081055e+00 -2.696131169795989990e-01
-1.274358391761779785e+00 -5.781995505094528198e-02
-1.146316051483154297e+00 1.491062790155410767e-01
-1.013272523880004883e+00 3.440123200416564941e-01
-8.772895336151123047e-01 5.226895809173583984e-01
-7.389116287231445312e-01 6.838211417198181152e-01
-5.971944928169250488e-01 8.283197283744812012e-01
