-2.064271867275238037e-01 2.945531904697418213e-02 -1.884858012199401855e-01 6.444002985954284668e-01 -5.688983798027038574e-01 -3.581964075565338135e-01 -6.444676518440246582e-01 -5.416249632835388184e-01 -6.143337488174438477e-01 4.602794647216796875e-01 8.321959376335144043e-01 6.641272306442260742e-01 9.170819520950317383e-01 2.523044347763061523e-01 -2.205320596694946289e-01 8.092525005340576172e-01
-2.878135740756988525e-01 1.852195560932159424e-01 -3.284656405448913574e-01 5.466135144233703613e-01 -6.478037834167480469e-01 -2.612757682800292969e-01 -7.221484184265136719e-01 -6.183636188507080078e-01 -6.394785642623901367e-01 4.606348872184753418e-01 7.941548824310302734e-01 7.489478588104248047e-01 9.199283719062805176e-01 3.413259983062744141e-01 -3.498274683952331543e-01 7.907592654228210449e-01
-3.637235164642333984e-01 3.301285207271575928e-01 -4.607640504837036133e-01 4.247343540191650391e-01 -7.155838608741760254e-01 -1.453314721584320068e-01 -7.816447615623474121e-01 -6.825765371322631836e-01 -6.608992815017700195e-01 4.542848467826843262e-01 7.353494167327880859e-01 8.134673833847045898e-01 9.196996688842773438e-01 4.234666824340820312e-01 -4.617729187011718750e-01 7.614974975585937500e-01
-4.319049715995788574e-01 4.570169150829315186e-01 -5.793894529342651367e-01 2.811513543128967285e-01 -7.720005512237548828e-01 -1.468985527753829956e-02 -8.261276483535766602e-01 -7.323912382125854492e-01 -6.791759133338928223e-01 4.399511218070983887e-01 6.502336859703063965e-01 8.613409996032714844e-01 9.155739545822143555e-01 4.932230710983276367e-01 -5.546178817749023438e-01 7.183658480644226074e-01
-4.904319643974304199e-01 5.638865232467651367e-01 -6.809084415435791016e-01 1.218986436724662781e-01 -8.177396059036254883e-01 1.247086077928543091e-01 -8.583128452301025391e-01 -7.675510048866271973e-01 -6.943265199661254883e-01 4.160836935043334961e-01 5.354143977165222168e-01 8.961770534515380859e-01 9.059699773788452148e-01 5.447949767112731934e-01 -6.295322775840759277e-01 6.580380797386169434e-01
-5.378834009170532227e-01 6.517348885536193848e-01 -7.640738487243652344e-01 -4.423087835311889648e-02 -8.539060354232788086e-01 2.658960819244384766e-01 -8.807224035263061523e-01 -7.887080907821655273e-01 -7.053701877593994141e-01 3.810753524303436279e-01 3.918138444423675537e-01 9.209840297698974609e-01 8.881283998489379883e-01 5.726435184478759766e-01 -6.891427040100097656e-01 5.783580541610717773e-01
-5.734152793884277344e-01 7.227683663368225098e-01 -8.292801380157470703e-01 -2.077336907386779785e-01 -8.816547393798828125e-01 4.015697836875915527e-01 -8.954316973686218262e-01 -7.966924905776977539e-01 -7.095248103141784668e-01 3.335909545421600342e-01 2.255638688802719116e-01 9.380405545234680176e-01 8.576717376708984375e-01 5.721755027770996094e-01 -7.364228367805480957e-01 4.802186489105224609e-01
-5.968247652053833008e-01 7.794182300567626953e-01 -8.780647516250610352e-01 -3.603437244892120361e-01 -9.019330739974975586e-01 5.250087976455688477e-01 -9.038964509963989258e-01 -7.920029163360595703e-01 -7.010015249252319336e-01 2.728956043720245361e-01 4.665504395961761475e-02 9.489477872848510742e-01 8.085795044898986816e-01 5.404684543609619141e-01 -7.740758657455444336e-01 3.683882951736450195e-01
-6.086242794990539551e-01 8.239352703094482422e-01 -9.126906394958496094e-01 -4.960585832595825195e-01 -9.152569770812988281e-01 6.311200857162475586e-01 -9.068810939788818359e-01 -7.745758295059204102e-01 -6.699687242507934570e-01 1.990621089935302734e-01 -1.337745785713195801e-01 9.547260999679565430e-01 7.343517541885375977e-01 4.766867756843566895e-01 -8.042790293693542480e-01 2.500466406345367432e-01
-6.100851297378540039e-01 8.582848906517028809e-01 -9.357543587684631348e-01 -6.113903522491455078e-01 -9.214076995849609375e-01 7.171915769577026367e-01 -9.043922424316406250e-01 -7.437706589698791504e-01 -6.033027768135070801e-01 1.129958853125572205e-01 -3.058161735534667969e-01 9.558762311935424805e-01 6.307638883590698242e-01 3.818417787551879883e-01 -8.286247253417968750e-01 1.320750564336776733e-01
-6.031510233879089355e-01 8.841543197631835938e-01 -9.498132467269897461e-01 -7.052668929100036621e-01 -9.188916683197021484e-01 7.829538583755493164e-01 -8.955686688423156738e-01 -6.985223293304443359e-01 -4.887387156486511230e-01 1.632967591285705566e-02 -4.620298147201538086e-01 9.523608088493347168e-01 4.990288317203521729e-01 2.581278979778289795e-01 -8.481343388557434082e-01 1.923036575317382812e-02
-5.900576114654541016e-01 9.029765129089355469e-01 -9.570911526679992676e-01 -7.787171006202697754e-01 -9.039514064788818359e-01 8.299474716186523438e-01 -8.785429000854492188e-01 -6.376666426658630371e-01 -3.214002847671508789e-01 -8.863731473684310913e-02 -5.976477265357971191e-01 9.434781074523925781e-01 3.467903137207031250e-01 1.089098900556564331e-01 -8.632719516754150391e-01 -8.608300983905792236e-02
-5.725445151329040527e-01 9.159481525421142578e-01 -9.592909812927246094e-01 -8.342800140380859375e-01 -8.690797686576843262e-01 8.605419993400573730e-01 -8.503704071044921875e-01 -5.604891777038574219e-01 -1.089003384113311768e-01 -1.988159418106079102e-01 -7.101842164993286133e-01 9.276136159896850586e-01 1.856015026569366455e-01 -5.969021469354629517e-02 -8.739296197891235352e-01 -1.831323802471160889e-01
-5.507147312164306641e-01 9.240409731864929199e-01 -9.574229717254638672e-01 -8.752105832099914551e-01 -8.020919561386108398e-01 8.769572973251342773e-01 -8.072800636291503906e-01 -4.675325155258178711e-01 1.281965076923370361e-01 -3.100888729095458984e-01 -7.989824414253234863e-01 9.018930196762084961e-01 2.665667980909347534e-02 -2.366821318864822388e-01 -8.794022798538208008e-01 -2.720713615417480469e-01
-5.217829942703247070e-01 9.280217885971069336e-01 -9.514781236648559570e-01 -9.047393798828125000e-01 -6.894314885139465332e-01 8.804231882095336914e-01 -7.456951141357421875e-01 -3.614435493946075439e-01 3.614827096462249756e-01 -4.172353446483612061e-01 -8.650320768356323242e-01 8.618766069412231445e-01 -1.222712546586990356e-01 -4.068036675453186035e-01 -8.784201145172119141e-01 -3.533838689327239990e-01
-4.794016182422637939e-01 9.284663200378417969e-01 -9.398159980773925781e-01 -9.256016016006469727e-01 -5.265244841575622559e-01 8.704952001571655273e-01 -6.642475128173828125e-01 -2.472476214170455933e-01 5.641260147094726562e-01 -5.143825411796569824e-01 -9.109452962875366211e-01 8.016473650932312012e-01 -2.573819160461425781e-01 -5.553255081176757812e-01 -8.693066239356994629e-01 -4.275492727756500244e-01
-4.150403439998626709e-01 9.256768822669982910e-01 -9.182509183883666992e-01 -9.398534893989562988e-01 -3.256767392158508301e-01 8.447955250740051270e-01 -5.656741261482238770e-01 -1.315825581550598145e-01 7.201474308967590332e-01 -5.962067246437072754e-01 -9.406097531318664551e-01 7.148076295852661133e-01 -3.775459527969360352e-01 -6.735485792160034180e-01 -8.501232266426086426e-01 -4.948744475841522217e-01
-3.221793174743652344e-01 9.194172024726867676e-01 -8.788090944290161133e-01 -9.488536119461059570e-01 -1.093334928154945374e-01 7.998207807540893555e-01 -4.561884403228759766e-01 -2.106660604476928711e-02 8.277679085731506348e-01 -6.594333052635192871e-01 -9.582694172859191895e-01 5.965741276741027832e-01 -4.827471375465393066e-01 -7.607036828994750977e-01 -8.183715343475341797e-01 -5.555021166801452637e-01
-2.008441239595413208e-01 9.084808826446533203e-01 -8.083631992340087891e-01 -9.532710909843444824e-01 1.019674167037010193e-01 7.328873276710510254e-01 -3.421358764171600342e-01 7.943857461214065552e-02 8.954962491989135742e-01 -7.034748792648315430e-01 -9.675048589706420898e-01 4.463598132133483887e-01 -5.733669996261596680e-01 -8.217343688011169434e-01 -7.699920535087585449e-01 -6.095317006111145020e-01
-5.890709906816482544e-02 8.899971246719360352e-01 -6.894661188125610352e-01 -9.530161619186401367e-01 2.944373190402984619e-01 6.440521478652954102e-01 -2.273588627576828003e-01 1.676679402589797974e-01 9.353079199790954590e-01 -7.295652031898498535e-01 -9.707074165344238281e-01 2.698970437049865723e-01 -6.500544548034667969e-01 -8.634565472602844238e-01 -6.978905200958251953e-01 -6.571050882339477539e-01
9.050871431827545166e-02 8.580874800682067871e-01 -5.092056989669799805e-01 -9.469865560531616211e-01 4.601287841796875000e-01 5.368416309356689453e-01 -1.132695004343986511e-01 2.436770796775817871e-01 9.576500654220581055e-01 -7.389426231384277344e-01 -9.690506458282470703e-01 7.938040047883987427e-02 -7.135615944862365723e-01 -8.919010758399963379e-01 -5.907995700836181641e-01 -6.983501911163330078e-01
2.337073385715484619e-01 8.016278147697448730e-01 -2.767417430877685547e-01 -9.325588941574096680e-01 5.953068733215332031e-01 4.176263511180877686e-01 -4.888549447059631348e-04 3.090610206127166748e-01 9.696627259254455566e-01 -7.313952445983886719e-01 -9.626191854476928711e-01 -1.100078225135803223e-01 -7.643171548843383789e-01 -9.114428758621215820e-01 -4.350979924201965332e-01 -7.331376075744628906e-01
3.607823848724365234e-01 7.031269669532775879e-01 -2.840743958950042725e-02 -9.050871133804321289e-01 6.997760534286499023e-01 2.938292622566223145e-01 1.095344871282577515e-01 3.661344051361083984e-01 9.754927754402160645e-01 -7.054560184478759766e-01 -9.504464864730834961e-01 -2.854779958724975586e-01 -8.018594980239868164e-01 -9.249188303947448730e-01 -2.250991016626358032e-01 -7.607173919677734375e-01
4.669983386993408203e-01 5.462779998779296875e-01 1.960854381322860718e-01 -8.583357930183410645e-01 7.764704227447509766e-01 1.717271506786346436e-01 2.140864878892898560e-01 4.170083105564117432e-01 9.772348403930664062e-01 -6.599873900413513184e-01 -9.303793907165527344e-01 -4.395699501037597656e-01 -8.246076107025146484e-01 -9.340816140174865723e-01 1.998083293437957764e-02 -7.795072793960571289e-01
5.506412386894226074e-01 3.353389501571655273e-01 3.768149614334106445e-01 -7.867115736007690430e-01 8.304495811462402344e-01 5.566523969173431396e-02 3.102286458015441895e-01 4.627408981323242188e-01 9.757386445999145508e-01 -5.952864885330200195e-01 -8.989400863647460938e-01 -5.692508816719055176e-01 -8.304144144058227539e-01 -9.400652050971984863e-01 2.576058506965637207e-01 -7.872999310493469238e-01
6.113821864128112793e-01 1.014853715896606445e-01 5.128901600837707520e-01 -6.885499954223632812e-01 8.673026561737060547e-01 -5.114246532320976257e-02 3.961380720138549805e-01 5.034212470054626465e-01 9.711638689041137695e-01 -5.138027667999267578e-01 -8.518009185791015625e-01 -6.739738583564758301e-01 -8.177325725555419922e-01 -9.436573982238769531e-01 4.524184167385101318e-01 -7.818478345870971680e-01
6.509056091308593750e-01 -1.198706999421119690e-01 6.118559837341308594e-01 -5.677478909492492676e-01 8.917893767356872559e-01 -1.464915275573730469e-01 4.714464545249938965e-01 5.389755964279174805e-01 9.632805585861206055e-01 -4.210321903228759766e-01 -7.850630879402160645e-01 -7.549962401390075684e-01 -7.863743901252746582e-01 -9.453849792480468750e-01 5.952857732772827148e-01 -7.615649700164794922e-01
6.725434064865112305e-01 -3.084176480770111084e-01 6.826092004776000977e-01 -4.317184686660766602e-01 9.073630571365356445e-01 -2.298090755939483643e-01 5.365622043609619141e-01 5.695089101791381836e-01 9.514720439910888672e-01 -3.242428302764892578e-01 -6.962895393371582031e-01 -8.151584863662719727e-01 -7.369815111160278320e-01 -9.455596208572387695e-01 6.940819025039672852e-01 -7.258546948432922363e-01
6.797131299972534180e-01 -4.589058160781860352e-01 7.327220439910888672e-01 -2.878539562225341797e-01 9.163264036178588867e-01 -3.019513487815856934e-01 5.919566750526428223e-01 5.951198935508728027e-01 9.345670938491821289e-01 -2.295045554637908936e-01 -5.848232507705688477e-01 -8.581731319427490234e-01 -6.699298620223999023e-01 -9.443367719650268555e-01 7.604141235351562500e-01 -6.747844815254211426e-01
6.749836206436157227e-01 -5.743246674537658691e-01 7.679097056388854980e-01 -1.417043358087539673e-01 9.201141595840454102e-01 -3.644221425056457520e-01 6.379044651985168457e-01 6.156923174858093262e-01 9.106180667877197266e-01 -1.400238424539566040e-01 -4.519327282905578613e-01 -8.877664804458618164e-01 -5.848083496093750000e-01 -9.417551159858703613e-01 8.040109872817993164e-01 -6.084105968475341797e-01
6.600171327590942383e-01 -6.606602072715759277e-01 7.922533154487609863e-01 2.778306603431701660e-03 9.194917678833007812e-01 -4.187717139720916748e-01 6.744771003723144531e-01 6.308075189590454102e-01 8.766092061996459961e-01 -5.635379254817962646e-02 -3.011524677276611328e-01 -9.071062803268432617e-01 -4.807698726654052734e-01 -9.377456903457641602e-01 8.318030238151550293e-01 -5.262487530708312988e-01
6.359356045722961426e-01 -7.241575121879577637e-01 8.085950613021850586e-01 1.422771811485290527e-01 9.146479964256286621e-01 -4.663244485855102539e-01 7.015360593795776367e-01 6.397430300712585449e-01 8.281324505805969238e-01 2.256106212735176086e-02 -1.387125700712203979e-01 -9.185574054718017578e-01 -3.576348423957824707e-01 -9.321196675300598145e-01 8.483481407165527344e-01 -4.272417128086090088e-01
6.038111448287963867e-01 -7.701680064201354980e-01 8.189009428024291992e-01 2.735475599765777588e-01 9.051956534385681152e-01 -5.081129074096679688e-01 7.186279892921447754e-01 6.415476202964782715e-01 7.592916488647460938e-01 9.826398640871047974e-02 2.658203244209289551e-02 -9.236350655555725098e-01 -2.174602895975112915e-01 -9.245368838310241699e-01 8.563682436943054199e-01 -3.103891909122467041e-01
5.650894641876220703e-01 -8.027888536453247070e-01 8.245401978492736816e-01 3.935793638229370117e-01 8.900756835937500000e-01 -5.449070334434509277e-01 7.247903347015380859e-01 6.352065801620483398e-01 6.634579896926879883e-01 1.718537658452987671e-01 1.847971528768539429e-01 -9.230122566223144531e-01 -6.579133123159408569e-02 -9.144529104232788086e-01 8.571274876594543457e-01 -1.759995818138122559e-01
5.217229127883911133e-01 -8.248436450958251953e-01 8.264780044555664062e-01 5.001406669616699219e-01 8.673634529113769531e-01 -5.772774219512939453e-01 7.183520793914794922e-01 6.198610663414001465e-01 5.357925891876220703e-01 2.433652579784393311e-01 3.274095058441162109e-01 -9.164882898330688477e-01 8.864298462867736816e-02 -9.010446667671203613e-01 8.506638407707214355e-01 -2.719027549028396606e-02
4.758653640747070312e-01 -8.380087614059448242e-01 8.253856897354125977e-01 5.921271443367004395e-01 8.340633511543273926e-01 -6.056542396545410156e-01 6.969292163848876953e-01 5.949614644050598145e-01 3.777969777584075928e-01 3.116421699523925781e-01 4.494138956069946289e-01 -9.028875827789306641e-01 2.362331300973892212e-01 -8.831453323364257812e-01 8.359856605529785156e-01 1.291377097368240356e-01
4.292699396610260010e-01 -8.430501222610473633e-01 8.216609954833984375e-01 6.694600582122802734e-01 7.862687706947326660e-01 -6.303604841232299805e-01 6.579781770706176758e-01 5.602519512176513672e-01 2.010499835014343262e-01 3.747956752777099609e-01 5.497486591339111328e-01 -8.799590468406677246e-01 3.693939745426177979e-01 -8.592797517776489258e-01 8.114517927169799805e-01 2.828719913959503174e-01
3.827737569808959961e-01 -8.402022123336791992e-01 8.153626322746276855e-01 7.327409386634826660e-01 7.203262448310852051e-01 -6.516205072402954102e-01 6.001713275909423828e-01 5.156236290931701660e-01 2.426510304212570190e-02 4.310391545295715332e-01 6.302599906921386719e-01 -8.444743156433105469e-01 4.841279685497283936e-01 -8.279195427894592285e-01 7.755604982376098633e-01 4.234164357185363770e-01
3.362296223640441895e-01 -8.295944929122924805e-01 8.061012029647827148e-01 7.829859256744384766e-01 6.348580121994018555e-01 -6.695599555969238281e-01 5.249315500259399414e-01 4.609833061695098877e-01 -1.361459493637084961e-01 4.794083237648010254e-01 6.941702365875244141e-01 -7.926805019378662109e-01 5.797678828239440918e-01 -7.878895401954650879e-01 7.278903722763061523e-01 5.433237552642822266e-01
2.889061570167541504e-01 -8.114259839057922363e-01 7.929437756538391113e-01 8.215081691741943359e-01 5.318003296852111816e-01 -6.842061281204223633e-01 4.364849925041198730e-01 3.962596058845520020e-01 -2.723526060581207275e-01 5.199420452117919922e-01 7.448123097419738770e-01 -7.209657430648803711e-01 6.577908992767333984e-01 -7.385981082916259766e-01 6.693391203880310059e-01 6.400338411331176758e-01
2.399767041206359863e-01 -7.857438325881958008e-01 7.743288278579711914e-01 8.497955799102783203e-01 4.152659177780151367e-01 -6.954767704010009766e-01 3.399773836135864258e-01 3.215453922748565674e-01 -3.839119374752044678e-01 5.533692836761474609e-01 7.849702835083007812e-01 -6.264808773994445801e-01 7.206428050994873047e-01 -6.799282431602478027e-01 6.013957858085632324e-01 7.148650288581848145e-01
1.887559294700622559e-01 -7.520321011543273926e-01 7.479542493820190430e-01 8.693110346794128418e-01 2.896509468555450439e-01 -7.031348347663879395e-01 2.392522692680358887e-01 2.372506856918334961e-01 -4.738962948322296143e-01 5.806854963302612305e-01 8.167485594749450684e-01 -5.076999068260192871e-01 7.709505558013916016e-01 -6.119817495346069336e-01 5.251964926719665527e-01 7.710190415382385254e-01
1.346968561410903931e-01 -7.088251113891601562e-01 7.106600403785705566e-01 8.812707662582397461e-01 1.586539447307586670e-01 -7.067016959190368652e-01 1.358252912759780884e-01 1.441650986671447754e-01 -5.461935997009277344e-01 6.028687953948974609e-01 8.416824936866760254e-01 -3.650601506233215332e-01 8.111136555671691895e-01 -5.348873138427734375e-01 4.409960508346557617e-01 8.120864629745483398e-01
7.732812315225601196e-02 -6.534036993980407715e-01 6.584529876708984375e-01 8.864535093307495117e-01 2.535981684923171997e-02 -7.053337097167968750e-01 2.925393730401992798e-02 4.345734417438507080e-02 -6.043425798416137695e-01 6.207543015480041504e-01 8.608729839324951172e-01 -2.017757445573806763e-01 8.431473970413208008e-01 -4.487355351448059082e-01 3.481379747390747070e-01 8.412943482398986816e-01
1.625848934054374695e-02 -5.816602110862731934e-01 5.869559645652770996e-01 8.850410580635070801e-01 -1.072557941079139709e-01 -6.976661086082458496e-01 -8.164888620376586914e-02 -6.329368054866790771e-02 -6.512190103530883789e-01 6.350011229515075684e-01 8.750602602958679199e-01 -2.461307495832443237e-02 8.686618208885192871e-01 -3.536393344402313232e-01 2.454674392938613892e-01 8.612389564514160156e-01
-4.872333258390426636e-02 -4.884982109069824219e-01 4.925574958324432373e-01 8.764711022377014160e-01 -2.359932065010070801e-01 -6.816452741622924805e-01 -1.973310559988021851e-01 -1.739850044250488281e-01 -6.890653967857360840e-01 6.460950374603271484e-01 8.846238851547241211e-01 1.561450362205505371e-01 8.889049291610717773e-01 -2.499082088470458984e-01 1.322094202041625977e-01 8.738564252853393555e-01
-1.174872964620590210e-01 -3.695045113563537598e-01 3.741142451763153076e-01 8.593028783798217773e-01 -3.575306534767150879e-01 -6.544178724288940430e-01 -3.162176907062530518e-01 -2.858385741710662842e-01 -7.196279168128967285e-01 6.543542146682739258e-01 8.895058631896972656e-01 3.284517228603363037e-01 9.048297405242919922e-01 -1.383217275142669678e-01 9.230323135852813721e-03 8.804794549942016602e-01
-1.893821656703948975e-01 -2.243373692035675049e-01 2.343263924121856689e-01 8.311524391174316406e-01 -4.688577055931091309e-01 -6.124402880668640137e-01 -4.341639876365661621e-01 -3.953410983085632324e-01 -7.443062067031860352e-01 6.599231958389282227e-01 8.890543580055236816e-01 4.817150831222534180e-01 9.171605706214904785e-01 -2.044386416673660278e-02 -1.198694705963134766e-01 8.818937540054321289e-01
-2.630636096000671387e-01 -6.013031303882598877e-02 7.974147051572799683e-02 7.888056039810180664e-01 -5.677210688591003418e-01 -5.520550012588500977e-01 -5.451134443283081055e-01 -4.984111785888671875e-01 -7.642731666564941406e-01 6.627522706985473633e-01 8.818073272705078125e-01 6.096230745315551758e-01 9.264366626739501953e-01 1.011317819356918335e-01 -2.488049417734146118e-01 8.783476948738098145e-01
-3.364297747611999512e-01 1.092366576194763184e-01 -8.076114952564239502e-02 7.286064624786376953e-01 -6.528831124305725098e-01 -4.706488549709320068e-01 -6.429115533828735352e-01 -5.908887982368469238e-01 -7.805433869361877441e-01 6.625648736953735352e-01 8.653097152709960938e-01 7.108559608459472656e-01 9.330233335494995117e-01 2.227240204811096191e-01 -3.702599406242370605e-01 8.694978952407836914e-01
