2.742810547351837158e-01 -8.746486902236938477e-01 4.024146199226379395e-01 9.324709773063659668e-01 -2.199800461530685425e-01 -8.421199321746826172e-01 2.443265020847320557e-01 2.768950909376144409e-02 -5.699487924575805664e-01 5.059649348258972168e-01 8.408454060554504395e-01 -6.432289481163024902e-01 5.445617437362670898e-01 8.812918514013290405e-02 8.843650817871093750e-01 8.251860141754150391e-01
2.832851707935333252e-01 -8.817221522331237793e-01 2.843956649303436279e-01 9.332221746444702148e-01 -3.566772341728210449e-01 -8.451627492904663086e-01 6.009201705455780029e-02 -1.105936616659164429e-01 -5.864048004150390625e-01 5.134386420249938965e-01 8.637834787368774414e-01 -5.124401450157165527e-01 6.294570565223693848e-01 1.775880604982376099e-01 8.876574635505676270e-01 8.953073024749755859e-01
2.901772856712341309e-01 -8.865408897399902344e-01 1.300257146358489990e-01 9.255719780921936035e-01 -4.821622371673583984e-01 -8.449218869209289551e-01 -1.200902462005615234e-01 -2.508569359779357910e-01 -5.980608463287353516e-01 5.131056904792785645e-01 8.814879059791564941e-01 -3.262710869312286377e-01 6.965159177780151367e-01 2.587289512157440186e-01 8.897801041603088379e-01 9.368650913238525391e-01
2.954821884632110596e-01 -8.857239484786987305e-01 -5.492509156465530396e-02 9.049285650253295898e-01 -5.911331772804260254e-01 -8.396539688110351562e-01 -2.917001843452453613e-01 -3.847675025463104248e-01 -6.065520048141479492e-01 5.058274269104003906e-01 8.939705491065979004e-01 -8.375820517539978027e-02 7.492132186889648438e-01 3.313470780849456787e-01 8.905164599418640137e-01 9.594510793685913086e-01
2.996080815792083740e-01 -8.685969114303588867e-01 -2.575151324272155762e-01 8.615810275077819824e-01 -6.819618940353393555e-01 -8.262099027633666992e-01 -4.486438930034637451e-01 -5.062090754508972168e-01 -6.129130721092224121e-01 4.921213984489440918e-01 9.006810188293457031e-01 1.941673755645751953e-01 7.906643152236938477e-01 3.959519565105438232e-01 8.893496394157409668e-01 9.705787301063537598e-01
3.028967082500457764e-01 -8.073291778564453125e-01 -4.565482735633850098e-01 7.798948884010314941e-01 -7.553474903106689453e-01 -7.999888658523559570e-01 -5.844387412071228027e-01 -6.110124588012695312e-01 -6.178181171417236328e-01 4.720368981361389160e-01 9.001482129096984863e-01 4.638793170452117920e-01 8.232805132865905762e-01 4.535053968429565430e-01 8.852483034133911133e-01 9.750465154647827148e-01
3.056594133377075195e-01 -6.589766740798950195e-01 -6.275136470794677734e-01 6.469300389289855957e-01 -8.134845495223999023e-01 -7.563101649284362793e-01 -6.951627731323242188e-01 -6.971118450164794922e-01 -6.216986775398254395e-01 4.445791542530059814e-01 8.889743089675903320e-01 6.809458732604980469e-01 8.488354086875915527e-01 5.052335858345031738e-01 8.763782382011413574e-01 9.753705263137817383e-01
3.081611990928649902e-01 -4.109289944171905518e-01 -7.547341585159301758e-01 4.709872007369995117e-01 -8.592444062232971191e-01 -6.921629309654235840e-01 -7.812564373016357422e-01 -7.651076316833496094e-01 -6.247935295104980469e-01 4.073002636432647705e-01 8.596104383468627930e-01 8.263781666755676270e-01 8.686943650245666504e-01 5.522136688232421875e-01 8.595480918884277344e-01 9.724135398864746094e-01
3.105376958847045898e-01 -1.082573831081390381e-01 -8.388655185699462891e-01 2.814452052116394043e-01 -8.949851989746093750e-01 -6.069652438163757324e-01 -8.458570241928100586e-01 -8.173753619194030762e-01 -6.271895170211791992e-01 3.575538098812103271e-01 7.994803786277770996e-01 9.091650247573852539e-01 8.839190602302551270e-01 5.946777462959289551e-01 8.297597765922546387e-01 9.658421277999877930e-01
3.126870691776275635e-01 1.890743970870971680e-01 -8.908135890960693359e-01 1.034021228551864624e-01 -9.221495389938354492e-01 -5.016986131668090820e-01 -8.927222490310668945e-01 -8.563681840896606445e-01 -6.288382411003112793e-01 2.947291135787963867e-01 6.994649767875671387e-01 9.504758119583129883e-01 8.951895833015441895e-01 6.315846443176269531e-01 7.812286615371704102e-01 9.543347954750061035e-01
3.141978085041046143e-01 4.424662590026855469e-01 -9.221153855323791504e-01 -5.418863147497177124e-02 -9.418988227844238281e-01 -3.772343993186950684e-01 -9.255765676498413086e-01 -8.841609954833984375e-01 -6.294912695884704590e-01 2.205440700054168701e-01 5.654761791229248047e-01 9.694263935089111328e-01 9.026971459388732910e-01 6.606872081756591797e-01 7.093337178230285645e-01 9.353624582290649414e-01
3.142971396446228027e-01 6.378333568572998047e-01 -9.410026669502258301e-01 -1.917942464351654053e-01 -9.555141925811767578e-01 -2.344474643468856812e-01 -9.478404521942138672e-01 -9.026441574096679688e-01 -6.285684704780578613e-01 1.377542018890380859e-01 4.128402769565582275e-01 9.779759049415588379e-01 9.060380458831787109e-01 6.787922382354736328e-01 6.119055151939392090e-01 9.046560525894165039e-01
3.117649853229522705e-01 7.771750092506408691e-01 -9.525277018547058105e-01 -3.123498558998107910e-01 -9.642565250396728516e-01 -7.546003162860870361e-02 -9.624329805374145508e-01 -9.134707450866699219e-01 -6.249977350234985352e-01 4.913721233606338501e-02 2.541966438293457031e-01 9.820719957351684570e-01 9.040858745574951172e-01 6.821585893630981445e-01 4.895946979522705078e-01 8.556308746337890625e-01
3.047580718994140625e-01 8.702028989791870117e-01 -9.596097469329833984e-01 -4.185833632946014404e-01 -9.691160917282104492e-01 9.524037688970565796e-02 -9.716475009918212891e-01 -9.178293943405151367e-01 -6.169936060905456543e-01 -4.293976351618766785e-02 9.648146480321884155e-02 9.842286109924316406e-01 8.947272896766662598e-01 6.667913198471069336e-01 3.454549014568328857e-01 7.793745994567871094e-01
2.904719710350036621e-01 9.286367297172546387e-01 -9.638773202896118164e-01 -5.124217867851257324e-01 -9.706631898880004883e-01 2.701941430568695068e-01 -9.771076440811157227e-01 -9.162482023239135742e-01 -6.016986370086669922e-01 -1.366413831710815430e-01 -5.709911137819290161e-02 9.853556156158447266e-01 8.743765354156494141e-01 6.283527612686157227e-01 1.841368824243545532e-01 6.668787598609924316e-01
2.645768225193023682e-01 9.631332159042358398e-01 -9.661959409713745117e-01 -5.950558781623840332e-01 -9.689422845840454102e-01 4.392992258071899414e-01 -9.797957539558410645e-01 -9.084157943725585938e-01 -5.746133327484130859e-01 -2.305574417114257812e-01 -2.050061225891113281e-01 9.856758117675781250e-01 8.374519944190979004e-01 5.618647336959838867e-01 1.123070716857910156e-02 5.153237581253051758e-01
2.204818427562713623e-01 9.821281433105468750e-01 -9.670110940933227539e-01 -6.671763062477111816e-01 -9.632821083068847656e-01 5.915871858596801758e-01 -9.800828695297241211e-01 -8.929832577705383301e-01 -5.288495421409606934e-01 -3.233040273189544678e-01 -3.459599018096923828e-01 9.850956201553344727e-01 7.767576575279235840e-01 4.620334804058074951e-01 -1.669545620679855347e-01 3.357270061969757080e-01
1.489008367061614990e-01 9.917645454406738281e-01 -9.666279554367065430e-01 -7.292256951332092285e-01 -9.518721699714660645e-01 7.182089090347290039e-01 -9.776722192764282227e-01 -8.674348592758178711e-01 -4.546731114387512207e-01 -4.129027128219604492e-01 -4.779808521270751953e-01 9.833294749259948730e-01 6.866694688796997070e-01 3.255093097686767578e-01 -3.432374596595764160e-01 1.521140187978744507e-01
3.900365531444549561e-02 9.962214231491088867e-01 -9.654383659362792969e-01 -7.816216349601745605e-01 -9.309484958648681641e-01 8.150953054428100586e-01 -9.713686704635620117e-01 -8.282122611999511719e-01 -3.405975401401519775e-01 -4.964334368705749512e-01 -5.981346964836120605e-01 9.799114465713500977e-01 5.686701536178588867e-01 1.551498174667358398e-01 -5.094417929649353027e-01 -1.154334843158721924e-02
-1.164063140749931335e-01 9.980894327163696289e-01 -9.639776349067687988e-01 -8.249335289001464844e-01 -8.936572074890136719e-01 8.835319280624389648e-01 -9.585440158843994141e-01 -7.712516784667968750e-01 -1.778225898742675781e-01 -5.704864263534545898e-01 -7.032254934310913086e-01 9.741173982620239258e-01 4.324645996093750000e-01 -3.696913272142410278e-02 -6.568603515625000000e-01 -1.433974802494049072e-01
-3.090956509113311768e-01 9.987686872482299805e-01 -9.627009034156799316e-01 -8.599768877029418945e-01 -8.295671939849853516e-01 9.284407496452331543e-01 -9.341214895248413086e-01 -6.930509805679321289e-01 3.179173171520233154e-02 -6.321239471435546875e-01 -7.907906174659729004e-01 9.647473096847534180e-01 2.898111641407012939e-01 -2.321463972330093384e-01 -7.776921987533569336e-01 -2.439258545637130737e-01
-5.018593072891235352e-01 9.988932609558105469e-01 -9.615842103958129883e-01 -8.878149390220642090e-01 -7.273336648941040039e-01 9.557884931564331055e-01 -8.893599510192871094e-01 -5.924701690673828125e-01 2.690409421920776367e-01 -6.796627044677734375e-01 -8.596337437629699707e-01 9.495612382888793945e-01 1.487686187028884888e-01 -4.127956032752990723e-01 -8.672538995742797852e-01 -3.191365897655487061e-01
-6.372964978218078613e-01 9.986727237701416016e-01 -9.598267674446105957e-01 -9.096837639808654785e-01 -5.822358727455139160e-01 9.705954790115356445e-01 -8.129228949546813965e-01 -4.730874300003051758e-01 5.001502037048339844e-01 -7.132964134216308594e-01 -9.100574254989624023e-01 9.238945245742797852e-01 1.258286088705062866e-02 -5.686635375022888184e-01 -9.257343411445617676e-01 -3.750580847263336182e-01
-6.803058385848999023e-01 9.980856180191040039e-01 -9.558252096176147461e-01 -9.268313646316528320e-01 -4.032540917396545410e-01 9.759054183959960938e-01 -6.985214948654174805e-01 -3.437439501285552979e-01 6.914924383163452148e-01 -7.356851100921630859e-01 -9.440929889678955078e-01 8.782918453216552734e-01 -1.185693666338920593e-01 -6.962755322456359863e-01 -9.579460620880126953e-01 -4.161247313022613525e-01
-6.362501382827758789e-01 9.969300031661987305e-01 -9.472726583480834961e-01 -9.403101801872253418e-01 -2.100359499454498291e-01 9.721480011940002441e-01 -5.534849166870117188e-01 -2.150491923093795776e-01 8.258717656135559082e-01 -7.514483332633972168e-01 -9.652216434478759766e-01 7.972751855850219727e-01 -2.446458637714385986e-01 -7.950949668884277344e-01 -9.708800315856933594e-01 -4.459095895290374756e-01
-5.217158198356628418e-01 9.947220087051391602e-01 -9.308793544769287109e-01 -9.508411884307861328e-01 -2.127814292907714844e-02 9.562247991561889648e-01 -3.938823640346527100e-01 -9.574059396982192993e-02 9.064851999282836914e-01 -7.652485370635986328e-01 -9.772371053695678711e-01 6.641392111778259277e-01 -3.637393116950988770e-01 -8.666440844535827637e-01 -9.702976346015930176e-01 -4.676085114479064941e-01
-3.482172489166259766e-01 9.903013706207275391e-01 -9.014126062393188477e-01 -9.587311744689941406e-01 1.524429023265838623e-01 9.198372364044189453e-01 -2.327747344970703125e-01 8.517071604728698730e-03 9.485969543457031250e-01 -7.800869941711425781e-01 -9.830703139305114746e-01 4.750023484230041504e-01 -4.725834429264068604e-01 -9.150661230087280273e-01 -9.576514363288879395e-01 -4.837347865104675293e-01
-1.318754106760025024e-01 9.807910919189453125e-01 -8.510347008705139160e-01 -9.636780619621276855e-01 3.069196045398712158e-01 8.474559783935546875e-01 -7.641582936048507690e-02 9.547663480043411255e-02 9.685455560684204102e-01 -7.960258722305297852e-01 -9.843499660491943359e-01 2.546232342720031738e-01 -5.679947137832641602e-01 -9.459613561630249023e-01 -9.277146458625793457e-01 -4.959807395935058594e-01
9.612637013196945190e-02 9.593905210494995117e-01 -7.718632221221923828e-01 -9.643857479095458984e-01 4.401850700378417969e-01 7.196600437164306641e-01 7.205608487129211426e-02 1.659517884254455566e-01 9.774100780487060547e-01 -8.089929223060607910e-01 -9.816297888755798340e-01 4.584538936614990234e-02 -6.472378969192504883e-01 -9.646952152252197266e-01 -8.676542639732360840e-01 -5.054263472557067871e-01
2.990549206733703613e-01 9.117580056190490723e-01 -6.624772548675537109e-01 -9.580656290054321289e-01 5.512019395828247070e-01 5.305959582328796387e-01 2.097459584474563599e-01 2.226110994815826416e-01 9.806652069091796875e-01 -8.115525245666503906e-01 -9.749932289123535156e-01 -1.258455365896224976e-01 -7.069826722145080566e-01 -9.755413532257080078e-01 -7.612726092338562012e-01 -5.128090977668762207e-01
4.547491967678070068e-01 8.136532902717590332e-01 -5.304786562919616699e-01 -9.398667812347412109e-01 6.405825614929199219e-01 3.036139905452728271e-01 3.341237902641296387e-01 2.686085402965545654e-01 9.804607629776000977e-01 -7.964111566543579102e-01 -9.644718170166015625e-01 -2.594738900661468506e-01 -7.424916028976440430e-01 -9.815619587898254395e-01 -5.993965864181518555e-01 -5.186621546745300293e-01
5.584763884544372559e-01 6.436642408370971680e-01 -3.873705863952636719e-01 -9.026187658309936523e-01 7.106072902679443359e-01 7.773393392562866211e-02 4.426872432231903076e-01 3.068629801273345947e-01 9.773285388946533203e-01 -7.583456039428710938e-01 -9.498125910758972168e-01 -3.629283308982849121e-01 -7.497863769531250000e-01 -9.847652912139892578e-01 -3.917235732078552246e-01 -5.233441591262817383e-01
6.158881783485412598e-01 4.160009324550628662e-01 -2.430039942264556885e-01 -8.381056785583496094e-01 7.645311355590820312e-01 -1.181680560111999512e-01 5.334527492523193359e-01 3.398252427577972412e-01 9.708122014999389648e-01 -6.931158900260925293e-01 -9.298900365829467773e-01 -4.439288675785064697e-01 -7.303797006607055664e-01 -9.863207340240478516e-01 -1.691702753305435181e-01 -5.270795226097106934e-01
6.368234157562255859e-01 1.793312579393386841e-01 -1.044708192348480225e-01 -7.409485578536987305e-01 8.058589696884155273e-01 -2.744075059890747070e-01 6.066018342971801758e-01 3.694059848785400391e-01 9.596879482269287109e-01 -5.988027453422546387e-01 -9.021630883216857910e-01 -5.083684921264648438e-01 -6.927614808082580566e-01 -9.867976903915405273e-01 3.516481816768646240e-02 -5.299875736236572266e-01
6.311386227607727051e-01 -2.886340022087097168e-02 2.311728149652481079e-02 -6.126334667205810547e-01 8.376754522323608398e-01 -3.945182263851165771e-01 6.646295785903930664e-01 3.970028460025787354e-01 9.420449733734130859e-01 -4.798728823661804199e-01 -8.622750043869018555e-01 -5.605614185333251953e-01 -6.471986770629882812e-01 -9.863839149475097656e-01 2.062066644430160522e-01 -5.320504903793334961e-01
6.065750718116760254e-01 -1.980315148830413818e-01 1.368418931961059570e-01 -4.604007601737976074e-01 8.622473478317260742e-01 -4.864864349365234375e-01 7.106475234031677246e-01 4.235458076000213623e-01 9.149632453918457031e-01 -3.461177945137023926e-01 -8.038403987884521484e-01 -6.035194396972656250e-01 -6.001179218292236328e-01 -9.850449562072753906e-01 3.446585237979888916e-01 -5.330227613449096680e-01
5.684964060783386230e-01 -3.316360712051391602e-01 2.358737587928771973e-01 -2.928676009178161621e-01 8.810153603553771973e-01 -5.577148199081420898e-01 7.470436096191406250e-01 4.495517611503601074e-01 8.738597631454467773e-01 -2.079446017742156982e-01 -7.187192440032958984e-01 -6.392687559127807617e-01 -5.534393191337585449e-01 -9.825730323791503906e-01 4.561933577060699463e-01 -5.322915315628051758e-01
5.206805467605590820e-01 -4.366501569747924805e-01 3.207285106182098389e-01 -1.174438521265983582e-01 8.946955204010009766e-01 -6.137487888336181641e-01 7.752120494842529297e-01 4.751746058464050293e-01 8.116747736930847168e-01 -7.361214607954025269e-02 -5.983281135559082031e-01 -6.691726446151733398e-01 -5.064947605133056641e-01 -9.785157442092895508e-01 5.462256669998168945e-01 -5.286360383033752441e-01
4.663811028003692627e-01 -5.196564197540283203e-01 3.925764858722686768e-01 5.951092392206192017e-02 9.032208919525146484e-01 -6.584804058074951172e-01 7.957425117492675781e-01 5.001944899559020996e-01 7.182344198226928711e-01 5.141517519950866699e-02 -4.372575283050537109e-01 -6.941663622856140137e-01 -4.576462507247924805e-01 -9.719805717468261719e-01 6.188963651657104492e-01 -5.197742581367492676e-01
4.095454216003417969e-01 -5.859694480895996094e-01 4.528323411941528320e-01 2.311330884695053101e-01 9.053391218185424805e-01 -6.946040391921997070e-01 8.086271286010742188e-01 5.239086151123046875e-01 5.817486643791198730e-01 1.641160547733306885e-01 -2.401579171419143677e-01 -7.149149179458618164e-01 -4.051824808120727539e-01 -9.612585306167602539e-01 6.771943569183349609e-01 -5.016084909439086914e-01
3.558437824249267578e-01 -6.396841406822204590e-01 5.029563307762145996e-01 3.892566561698913574e-01 8.976785540580749512e-01 -7.240148782730102539e-01 8.133928775787353516e-01 5.449489951133728027e-01 3.969877958297729492e-01 2.631345987319946289e-01 -2.741234004497528076e-02 -7.319211959838867188e-01 -3.477748632431030273e-01 -9.432354569435119629e-01 7.232695817947387695e-01 -4.674260318279266357e-01
3.120733499526977539e-01 -6.838535666465759277e-01 5.443198680877685547e-01 5.262938141822814941e-01 8.735052943229675293e-01 -7.481207251548767090e-01 8.092253208160400391e-01 5.611912012100219727e-01 1.792057007551193237e-01 3.479681015014648438e-01 1.720579266548156738e-01 -7.455734014511108398e-01 -2.841187715530395508e-01 -9.129154682159423828e-01 7.589449882507324219e-01 -4.083364009857177734e-01
2.832068204879760742e-01 -7.205908298492431641e-01 5.779804587364196777e-01 6.383724808692932129e-01 8.231062889099121094e-01 -7.680428624153137207e-01 7.950742840766906738e-01 5.699090361595153809e-01 -3.676292300224304199e-02 4.185745120048522949e-01 3.388356268405914307e-01 -7.560973167419433594e-01 -2.113887220621109009e-01 -8.642202615737915039e-01 7.862791419029235840e-01 -3.165835440158843994e-01
2.700768113136291504e-01 -7.512520551681518555e-01 6.043561100959777832e-01 7.260398864746093750e-01 7.384223341941833496e-01 -7.846766114234924316e-01 7.694549560546875000e-01 5.679103136062622070e-01 -2.205875962972640991e-01 4.755705595016479492e-01 4.698987007141113281e-01 -7.634161710739135742e-01 -1.247081756591796875e-01 -7.928623557090759277e-01 8.075428009033203125e-01 -1.898259520530700684e-01
2.700285911560058594e-01 -7.767861485481262207e-01 6.229147911071777344e-01 7.925024628639221191e-01 6.185781955718994141e-01 -7.986879348754882812e-01 7.298445701599121094e-01 5.512930154800415039e-01 -3.614292740821838379e-01 5.203492641448974609e-01 5.711626410484313965e-01 -7.669373750686645508e-01 -2.010516077280044556e-02 -6.989324688911437988e-01 8.246245980262756348e-01 -3.215956687927246094e-02
2.786746025085449219e-01 -7.980129718780517578e-01 6.318643689155578613e-01 8.417468070983886719e-01 4.698931574821472168e-01 -8.105446696281433105e-01 6.723328828811645508e-01 5.151953697204589844e-01 -4.626284241676330566e-01 5.546619296073913574e-01 6.498829126358032227e-01 -7.652362585067749023e-01 1.011335402727127075e-01 -5.866518616676330566e-01 8.386977910995483398e-01 1.471247524023056030e-01
2.914125621318817139e-01 -8.157139420509338379e-01 6.277738213539123535e-01 8.774667978286743164e-01 3.021860122680664062e-01 -8.205655217170715332e-01 5.923700928688049316e-01 4.544054269790649414e-01 -5.326530337333679199e-01 5.801045298576354980e-01 7.118637561798095703e-01 -7.555884718894958496e-01 2.307937443256378174e-01 -4.625372886657714844e-01 8.503634333610534668e-01 3.344075381755828857e-01
3.046575486660003662e-01 -8.306208252906799316e-01 6.053006649017333984e-01 9.026352763175964355e-01 1.260202527046203613e-01 -8.289462327957153320e-01 4.868883788585662842e-01 3.653381764888763428e-01 -5.801584720611572266e-01 5.978856086730957031e-01 7.612356543540954590e-01 -7.333241105079650879e-01 3.570548892021179199e-01 -3.337928950786590576e-01 8.599337339401245117e-01 5.131549835205078125e-01
3.164269924163818359e-01 -8.433676958084106445e-01 5.575497746467590332e-01 9.193997383117675781e-01 -4.870323836803436279e-02 -8.357554674148559570e-01 3.566288352012634277e-01 2.486394345760345459e-01 -6.122204065322875977e-01 6.088582277297973633e-01 8.008660078048706055e-01 -6.910961270332336426e-01 4.702640473842620850e-01 -2.070914059877395630e-01 8.676265478134155273e-01 6.675337553024291992e-01
3.260885179042816162e-01 -8.544077873229980469e-01 4.775503575801849365e-01 9.290459752082824707e-01 -2.137437164783477783e-01 -8.409010767936706543e-01 2.065061181783676147e-01 1.103231757879257202e-01 -6.340115070343017578e-01 6.136316657066345215e-01 8.327379226684570312e-01 -6.184200048446655273e-01 5.659418106079101562e-01 -8.751729875802993774e-02 8.736360073089599609e-01 7.872945070266723633e-01
