-5.027777552604675293e-01 8.819402456283569336e-01
-3.198362290859222412e-01 1.042027354240417480e+00
-1.291900873184204102e-01 1.184308767318725586e+00
6.936179846525192261e-02 1.309597611427307129e+00
2.716928422451019287e-01 1.415876269340515137e+00
4.708146750926971436e-01 1.498592495918273926e+00
6.625562310218811035e-01 1.554301381111145020e+00
8.442340493202209473e-01 1.582454681396484375e+00
1.010670781135559082e+00 1.582797646522521973e+00
1.157976865768432617e+00 1.555005550384521484e+00
1.284750699996948242e+00 1.501431822776794434e+00
1.390465378761291504e+00 1.426224827766418457e+00
1.474641203880310059e+00 1.332162261009216309e+00
1.536021709442138672e+00 1.219600796699523926e+00
1.572275757789611816e+00 1.087185263633728027e+00
1.581158757209777832e+00 9.336661696434020996e-01
1.562564611434936523e+00 7.602544426918029785e-01
1.518912196159362793e+00 5.715935826301574707e-01
1.452802658081054688e+00 3.742424845695495605e-01
1.365044116973876953e+00 1.740657687187194824e-01
1.254996180534362793e+00 -2.555569633841514587e-02
1.121599912643432617e+00 -2.236983478069305420e-01
9.653000235557556152e-01 -4.201442003250122070e-01
7.914276719093322754e-01 -6.124764084815979004e-01
6.084474921226501465e-01 -7.954414486885070801e-01
4.205604791641235352e-01 -9.646337032318115234e-01
2.267418503761291504e-01 -1.118525147438049316e+00
2.772667258977890015e-02 -1.255452752113342285e+00
-1.715996265411376953e-01 -1.370964765548706055e+00
-3.682995140552520752e-01 -1.460670828819274902e+00
-5.630332231521606445e-01 -1.523891091346740723e+00
-7.551452517509460449e-01 -1.562256336212158203e+00
-9.371138215065002441e-01 -1.575930237770080566e+00
-1.097647428512573242e+00 -1.563895821571350098e+00
-1.231557965278625488e+00 -1.527287721633911133e+00
-1.340677380561828613e+00 -1.468642115592956543e+00
-1.428937196731567383e+00 -1.389208078384399414e+00
-1.499133825302124023e+00 -1.288035273551940918e+00
-1.551286935806274414e+00 -1.162917733192443848e+00
-1.581663727760314941e+00 -1.012980699539184570e+00
-1.583944797515869141e+00 -8.419443964958190918e-01
-1.554250955581665039e+00 -6.582688093185424805e-01
-1.494767427444458008e+00 -4.696843922138214111e-01
-1.410374164581298828e+00 -2.783121764659881592e-01
-1.304722309112548828e+00 -8.254382014274597168e-02
-1.179938793182373047e+00 1.183704584836959839e-01
-1.037759900093078613e+00 3.218178749084472656e-01
-8.806447982788085938e-01 5.221082568168640137e-01
-7.119970917701721191e-01 7.126629352569580078e-01
-5.349512696266174316e-01 8.885010480880737305e-01
