2.661920785903930664e-01 -8.815028667449951172e-01 4.017085134983062744e-01 9.332877397537231445e-01 -1.876082718372344971e-01 -8.324267268180847168e-01 2.865905463695526123e-01 7.941039651632308960e-02 -5.185590386390686035e-01 4.266609251499176025e-01 8.576442599296569824e-01 -6.275615096092224121e-01 4.856226742267608643e-01 5.611546710133552551e-02 8.969823122024536133e-01 8.482617139816284180e-01
2.734133601188659668e-01 -8.883059024810791016e-01 2.756312489509582520e-01 9.347568154335021973e-01 -3.304798603057861328e-01 -8.362501263618469238e-01 1.083714738488197327e-01 -6.626147031784057617e-02 -5.384796857833862305e-01 4.322216510772705078e-01 8.782573342323303223e-01 -4.904512763023376465e-01 5.745798349380493164e-01 1.406676471233367920e-01 8.997162580490112305e-01 9.111418724060058594e-01
2.789665162563323975e-01 -8.929613232612609863e-01 1.124191135168075562e-01 9.279900789260864258e-01 -4.611353278160095215e-01 -8.368929624557495117e-01 -7.232994586229324341e-02 -2.138145864009857178e-01 -5.525890588760375977e-01 4.295907616615295410e-01 8.938034176826477051e-01 -2.939241230487823486e-01 6.477193832397460938e-01 2.153115272521972656e-01 9.013874530792236328e-01 9.470885992050170898e-01
2.832186818122863770e-01 -8.917231559753417969e-01 -8.121827989816665649e-02 9.082753658294677734e-01 -5.745849013328552246e-01 -8.325697183609008789e-01 -2.511288523674011230e-01 -3.559410572052001953e-01 -5.628063082695007324e-01 4.200720489025115967e-01 9.043836593627929688e-01 -3.882741928100585938e-02 7.075539231300354004e-01 2.803235054016113281e-01 9.017498493194580078e-01 9.661949872970581055e-01
2.864766120910644531e-01 -8.721154332160949707e-01 -2.907081246376037598e-01 8.653394579887390137e-01 -6.693791151046752930e-01 -8.199016451835632324e-01 -4.193107187747955322e-01 -4.867512583732604980e-01 -5.703748464584350586e-01 4.047073125839233398e-01 9.095689654350280762e-01 2.491551637649536133e-01 7.564914226531982422e-01 3.367570042610168457e-01 9.002129435539245605e-01 9.756885766983032227e-01
2.890171408653259277e-01 -8.005456924438476562e-01 -4.926757216453552246e-01 7.825350761413574219e-01 -7.462747097015380859e-01 -7.937057614326477051e-01 -5.664502382278442383e-01 -6.014056205749511719e-01 -5.761275291442871094e-01 3.839994966983795166e-01 9.080550670623779297e-01 5.206930041313171387e-01 7.963597178459167480e-01 3.861529529094696045e-01 8.955764174461364746e-01 9.798697233200073242e-01
2.910997271537780762e-01 -6.276309490203857422e-01 -6.615065336227416992e-01 6.473226547241210938e-01 -8.074878454208374023e-01 -7.483415603637695312e-01 -6.859104037284851074e-01 -6.966685652732849121e-01 -5.806083083152770996e-01 3.571852147579193115e-01 8.965610265731811523e-01 7.299906611442565918e-01 8.284408450126647949e-01 4.303707182407379150e-01 8.856180906295776367e-01 9.808881282806396484e-01
2.929234206676483154e-01 -3.477825522422790527e-01 -7.831230163574218750e-01 4.715064167976379395e-01 -8.558592796325683594e-01 -6.796523928642272949e-01 -7.775284051895141602e-01 -7.721575498580932617e-01 -5.841247439384460449e-01 3.219861984252929688e-01 8.673160076141357422e-01 8.625515699386596680e-01 8.537760972976684570e-01 4.712081551551818848e-01 8.662381172180175781e-01 9.794894456863403320e-01
2.945223748683929443e-01 -2.140037715435028076e-02 -8.612436056137084961e-01 2.867438197135925293e-01 -8.936769366264343262e-01 -5.864231586456298828e-01 -8.449339270591735840e-01 -8.298507928848266602e-01 -5.868099927902221680e-01 2.762385904788970947e-01 8.075293898582458496e-01 9.331539869308471680e-01 8.732815384864807129e-01 5.097624063491821289e-01 8.309086561203002930e-01 9.754929542541503906e-01
2.956574559211730957e-01 2.839556634426116943e-01 -9.086450338363647461e-01 1.161384880542755127e-01 -9.224146604537963867e-01 -4.696975350379943848e-01 -8.927686214447021484e-01 -8.724763989448547363e-01 -5.886511206626892090e-01 2.198947221040725708e-01 7.098022699356079102e-01 9.659667611122131348e-01 8.875850439071655273e-01 5.460346341133117676e-01 7.724863886833190918e-01 9.679374694824218750e-01
2.957636117935180664e-01 5.307787060737609863e-01 -9.371134042739868164e-01 -3.416270017623901367e-02 -9.433765411376953125e-01 -3.307837843894958496e-01 -9.256577491760253906e-01 -9.027529358863830566e-01 -5.894173383712768555e-01 1.547689735889434814e-01 5.829523801803588867e-01 9.800741076469421387e-01 8.968118429183959961e-01 5.789171457290649414e-01 6.861433386802673340e-01 9.547740221023559570e-01
2.939226925373077393e-01 7.103549242019653320e-01 -9.544436931610107422e-01 -1.660512387752532959e-01 -9.579988718032836914e-01 -1.714995950460433960e-01 -9.476838111877441406e-01 -9.231805801391601562e-01 -5.885350704193115234e-01 8.324658870697021484e-02 4.424745440483093262e-01 9.861876964569091797e-01 9.003860950469970703e-01 6.062741279602050781e-01 5.709710717201232910e-01 9.321722984313964844e-01
2.887969315052032471e-01 8.307309150695800781e-01 -9.651986956596374512e-01 -2.828205823898315430e-01 -9.676654934883117676e-01 4.376217722892761230e-03 -9.621443152427673340e-01 -9.358568787574768066e-01 -5.849493741989135742e-01 7.520586252212524414e-03 2.988825738430023193e-01 9.891395568847656250e-01 8.968464732170104980e-01 6.251307129859924316e-01 4.299604296684265137e-01 8.934964537620544434e-01
2.784653007984161377e-01 9.061500430107116699e-01 -9.719522595405578613e-01 -3.870564699172973633e-01 -9.734780788421630859e-01 1.898735910654067993e-01 -9.714996218681335449e-01 -9.423161745071411133e-01 -5.769270658493041992e-01 -7.069082558155059814e-02 1.569239050149917603e-01 9.908022880554199219e-01 8.835381269454956055e-01 6.318317651748657227e-01 2.688302695751190186e-01 8.285340070724487305e-01
2.600915729999542236e-01 9.506767988204956055e-01 -9.761383533477783203e-01 -4.803486466407775879e-01 -9.761402606964111328e-01 3.743847608566284180e-01 -9.774419069290161133e-01 -9.434229135513305664e-01 -5.617348551750183105e-01 -1.502181291580200195e-01 1.819945126771926880e-02 9.918133616447448730e-01 8.561755418777465820e-01 6.219574213027954102e-01 9.463438391685485840e-02 7.252925038337707520e-01
2.293306738138198853e-01 9.754978418350219727e-01 -9.785292148590087891e-01 -5.635117292404174805e-01 -9.758775234222412109e-01 5.448449850082397461e-01 -9.810279607772827148e-01 -9.392368197441101074e-01 -5.351253747940063477e-01 -2.303415834903717041e-01 -1.170057356357574463e-01 9.923377037048339844e-01 8.086481690406799316e-01 5.900262594223022461e-01 -8.515179157257080078e-02 5.776685476303100586e-01
1.794753670692443848e-01 9.884912967681884766e-01 -9.795148968696594238e-01 -6.369044780731201172e-01 -9.722784757614135742e-01 6.890778541564941406e-01 -9.827960729598999023e-01 -9.287786483764648438e-01 -4.906554818153381348e-01 -3.103910684585571289e-01 -2.485769540071487427e-01 9.923524856567382812e-01 7.340986132621765137e-01 5.295261144638061523e-01 -2.629738152027130127e-01 3.959062695503234863e-01
1.008434519171714783e-01 9.948045611381530762e-01 -9.793187379837036133e-01 -7.007210254669189453e-01 -9.639229774475097656e-01 7.999781370162963867e-01 -9.828075170516967773e-01 -9.097008109092712402e-01 -4.193100929260253906e-01 -3.890239000320434570e-01 -3.756052255630493164e-01 9.917357563972473145e-01 6.285756230354309082e-01 4.344341158866882324e-01 -4.312975406646728516e-01 2.059586644172668457e-01
-1.810262352228164673e-02 9.976199865341186523e-01 -9.781911373138427734e-01 -7.552173733711242676e-01 -9.476121068000793457e-01 8.775500059127807617e-01 -9.805564284324645996e-01 -8.778849840164184570e-01 -3.106388747692108154e-01 -4.636493921279907227e-01 -4.959124028682708740e-01 9.902715682983398438e-01 4.956727027893066406e-01 3.026736974716186523e-01 -5.829440355300903320e-01 3.407013416290283203e-02
-1.850983053445816040e-01 9.987614750862121582e-01 -9.765179157257080078e-01 -8.008586168289184570e-01 -9.170458316802978516e-01 9.273314476013183594e-01 -9.746345281600952148e-01 -8.270757198333740234e-01 -1.567985862493515015e-01 -5.306003689765930176e-01 -6.064956188201904297e-01 9.875892400741577148e-01 3.463043868541717529e-01 1.395424306392669678e-01 -7.118681669235229492e-01 -1.061681807041168213e-01
-3.908972144126892090e-01 9.991557598114013672e-01 -9.747208952903747559e-01 -8.383735418319702148e-01 -8.613453507423400879e-01 9.569161534309387207e-01 -9.619170427322387695e-01 -7.492727637290954590e-01 4.071669280529022217e-02 -5.859540104866027832e-01 -7.043772339820861816e-01 9.829995632171630859e-01 1.928190588951110840e-01 -4.209978878498077393e-02 -8.141330480575561523e-01 -2.139104902744293213e-01
-5.946110486984252930e-01 9.992010593414306641e-01 -9.729145765304565430e-01 -8.687350749969482422e-01 -7.657260894775390625e-01 9.730908274650573730e-01 -9.360598325729370117e-01 -6.378763318061828613e-01 2.654396593570709229e-01 -6.265619397163391113e-01 -7.870973348617553711e-01 9.750628471374511719e-01 4.398545622825622559e-02 -2.265883386135101318e-01 -8.886719942092895508e-01 -2.944554090499877930e-01
-7.367343902587890625e-01 9.990178346633911133e-01 -9.705244302749633789e-01 -8.930890560150146484e-01 -6.190149784088134766e-01 9.805189967155456543e-01 -8.862620592117309570e-01 -4.948336780071258545e-01 4.874998033046722412e-01 -6.513746976852416992e-01 -8.529856204986572266e-01 9.604492187500000000e-01 -9.629881381988525391e-02 -4.019099473953247070e-01 -9.374439716339111328e-01 -3.537272810935974121e-01
-7.883517742156982422e-01 9.985787868499755859e-01 -9.661699533462524414e-01 -9.126033782958984375e-01 -4.269563555717468262e-01 9.814215898513793945e-01 -8.003003597259521484e-01 -3.346876502037048340e-01 6.753928661346435547e-01 -6.628660559654235840e-01 -9.017976522445678711e-01 9.316062927246093750e-01 -2.276763916015625000e-01 -5.606152415275573730e-01 -9.647908210754394531e-01 -3.964317739009857178e-01
-7.623664736747741699e-01 9.977413415908813477e-01 -9.577991962432861328e-01 -9.282687306404113770e-01 -2.141657173633575439e-01 9.753267765045166016e-01 -6.739949584007263184e-01 -1.762381792068481445e-01 8.109311461448669434e-01 -6.668256521224975586e-01 -9.353226423263549805e-01 8.741853833198547363e-01 -3.502676486968994141e-01 -6.960003376007080078e-01 -9.762262105941772461e-01 -4.266701340675354004e-01
-6.736642122268676758e-01 9.961673021316528320e-01 -9.425437450408935547e-01 -9.407894611358642578e-01 -7.261142134666442871e-03 9.582208395004272461e-01 -5.171123743057250977e-01 -3.293251991271972656e-02 8.946389555931091309e-01 -6.702390909194946289e-01 -9.568150639533996582e-01 7.685189247131347656e-01 -4.624675512313842773e-01 -8.025432825088500977e-01 -9.766505956649780273e-01 -4.482356011867523193e-01
-5.226206779479980469e-01 9.930143356323242188e-01 -9.157631397247314453e-01 -9.505318403244018555e-01 1.784937828779220581e-01 9.206709861755371094e-01 -3.463020622730255127e-01 8.835516870021820068e-02 9.396693706512451172e-01 -6.791847944259643555e-01 -9.695498347282409668e-01 6.020286679267883301e-01 -5.616668462753295898e-01 -8.792799115180969238e-01 -9.679567813873291016e-01 -4.640927612781524658e-01
-3.098194897174835205e-01 9.860575199127197266e-01 -8.697940111160278320e-01 -9.573370814323425293e-01 3.383355438709259033e-01 8.453855514526367188e-01 -1.746697425842285156e-01 1.858488768339157104e-01 9.618101119995117188e-01 -6.965075731277465820e-01 -9.757796525955200195e-01 3.914937376976013184e-01 -6.459559202194213867e-01 -9.299165010452270508e-01 -9.465859532356262207e-01 -4.761756956577301025e-01
-5.768666043877601624e-02 9.695402383804321289e-01 -7.953289151191711426e-01 -9.600880146026611328e-01 4.720594882965087891e-01 7.106324434280395508e-01 -9.735979139804840088e-03 2.615447342395782471e-01 9.723663330078125000e-01 -7.184981107711791992e-01 -9.765166640281677246e-01 1.822108030319213867e-01 -7.145047187805175781e-01 -9.604700803756713867e-01 -9.015185832977294922e-01 -4.856249988079071045e-01
1.876113712787628174e-01 9.299679994583129883e-01 -6.884139180183410645e-01 -9.560943841934204102e-01 5.807566642761230469e-01 5.111374855041503906e-01 1.440432816743850708e-01 3.196490705013275146e-01 9.769141077995300293e-01 -7.340637445449829102e-01 -9.720163345336914062e-01 6.856620311737060547e-03 -7.661186456680297852e-01 -9.772038459777832031e-01 -8.156832456588745117e-01 -4.931432008743286133e-01
3.866006731986999512e-01 8.415143489837646484e-01 -5.556867122650146484e-01 -9.403560161590576172e-01 6.666113734245300293e-01 2.759672403335571289e-01 2.837955653667449951e-01 3.648005127906799316e-01 9.776200056076049805e-01 -7.311627864837646484e-01 -9.624109268188476562e-01 -1.306153833866119385e-01 -7.974739074707031250e-01 -9.855082631111145020e-01 -6.740228533744812012e-01 -4.992438554763793945e-01
5.248641371726989746e-01 6.764662265777587891e-01 -4.094316661357879639e-01 -9.050853252410888672e-01 7.327963709831237793e-01 4.812344908714294434e-02 4.066963195800781250e-01 4.009718000888824463e-01 9.751265048980712891e-01 -7.033249735832214355e-01 -9.476527571678161621e-01 -2.378014773130416870e-01 -8.043201565742492676e-01 -9.892833232879638672e-01 -4.761073589324951172e-01 -5.043017864227294922e-01
6.069529652595520020e-01 4.445549845695495605e-01 -2.601631879806518555e-01 -8.407218456268310547e-01 7.829451560974121094e-01 -1.447396725416183472e-01 5.101233124732971191e-01 4.311591684818267822e-01 9.690886735916137695e-01 -6.480113863945007324e-01 -9.268918037414550781e-01 -3.224874734878540039e-01 -7.859617471694946289e-01 -9.908185005187988281e-01 -2.454543560743331909e-01 -5.085515379905700684e-01
6.451434493064880371e-01 1.993886679410934448e-01 -1.154020503163337708e-01 -7.402129173278808594e-01 8.207066059112548828e-01 -2.954070568084716797e-01 5.935946106910705566e-01 4.574956595897674561e-01 9.583482742309570312e-01 -5.650776028633117676e-01 -8.979314565658569336e-01 -3.905577361583709717e-01 -7.480756044387817383e-01 -9.911943674087524414e-01 -1.958599686622619629e-02 -5.120885968208312988e-01
6.519073247909545898e-01 -1.567912101745605469e-02 1.878209412097930908e-02 -6.050202250480651855e-01 8.492837548255920410e-01 -4.090497791767120361e-01 6.592943668365478516e-01 4.814966320991516113e-01 9.411826133728027344e-01 -4.597615301609039307e-01 -8.569231033325195312e-01 -4.463329315185546875e-01 -6.997959613800048828e-01 -9.907941818237304688e-01 1.750636398792266846e-01 -5.148473978042602539e-01
6.368717551231384277e-01 -1.887225210666656494e-01 1.384509950876235962e-01 -4.448057115077972412e-01 8.710607290267944336e-01 -4.946673810482025146e-01 7.104766368865966797e-01 5.041869282722473145e-01 9.151639342308044434e-01 -3.413594067096710205e-01 -7.982197999954223633e-01 -4.928584992885589600e-01 -6.484402418136596680e-01 -9.896625280380249023e-01 3.321251273155212402e-01 -5.165246129035949707e-01
6.065880060195922852e-01 -3.239642977714538574e-01 2.422573566436767578e-01 -2.713513076305389404e-01 8.875631093978881836e-01 -5.602173805236816406e-01 7.499979138374328613e-01 5.261613130569458008e-01 8.765891790390014648e-01 -2.189890742301940918e-01 -7.147300839424133301e-01 -5.322026014328002930e-01 -5.974332094192504883e-01 -9.876499176025390625e-01 4.558609724044799805e-01 -5.164259672164916992e-01
5.654652714729309082e-01 -4.293956756591796875e-01 3.306548595428466797e-01 -9.430044889450073242e-02 8.995778560638427734e-01 -6.114705204963684082e-01 7.798755764961242676e-01 5.476493835449218750e-01 8.197955489158630371e-01 -9.965522587299346924e-02 -5.991560220718383789e-01 -5.657740235328674316e-01 -5.472759008407592773e-01 -9.843941926956176758e-01 5.528118610382080078e-01 -5.132125020027160645e-01
5.168874859809875488e-01 -5.123400092124938965e-01 4.049762785434722900e-01 7.937395572662353516e-02 9.071664810180664062e-01 -6.523613929748535156e-01 8.013392686843872070e-01 5.685430765151977539e-01 7.366162538528442383e-01 1.206481084227561951e-02 -4.468361437320709229e-01 -5.945531725883483887e-01 -4.969648122787475586e-01 -9.791759252548217773e-01 6.287810206413269043e-01 -5.044680237770080566e-01
4.643356800079345703e-01 -5.785301923751831055e-01 4.668475389480590820e-01 2.439384758472442627e-01 9.094087481498718262e-01 -6.855422258377075195e-01 8.149569034576416016e-01 5.883387327194213867e-01 6.171443462371826172e-01 1.137218251824378967e-01 -2.607888579368591309e-01 -6.192474961280822754e-01 -4.448813796043395996e-01 -9.706175327301025391e-01 6.882457137107849121e-01 -4.860338568687438965e-01
4.123706519603729248e-01 -6.322342753410339355e-01 5.178896188735961914e-01 3.936871886253356934e-01 9.037188291549682617e-01 -7.128223776817321777e-01 8.207165002822875977e-01 6.059831976890563965e-01 4.547879695892333984e-01 2.043336033821105957e-01 -5.639994889497756958e-02 -6.403976678848266602e-01 -3.892452716827392578e-01 -9.561730623245239258e-01 7.344961166381835938e-01 -4.513687491416931152e-01
3.666516244411468506e-01 -6.765413880348205566e-01 5.595560669898986816e-01 5.235420465469360352e-01 8.847433328628540039e-01 -7.354857325553894043e-01 8.180915117263793945e-01 6.196903586387634277e-01 2.566965222358703613e-01 2.835715115070343018e-01 1.419086754322052002e-01 -6.584262251853942871e-01 -3.281050920486450195e-01 -9.315337538719177246e-01 7.700539231300354004e-01 -3.919993042945861816e-01
3.321946561336517334e-01 -7.135683298110961914e-01 5.929558277130126953e-01 6.308834552764892578e-01 8.438562750816345215e-01 -7.545037865638732910e-01 8.061259984970092773e-01 6.268798112869262695e-01 4.839809238910675049e-02 3.511828184127807617e-01 3.137960731983184814e-01 -6.735923886299133301e-01 -2.587136924266815186e-01 -8.906915187835693359e-01 7.971765398979187012e-01 -3.004306256771087646e-01
3.111934959888458252e-01 -7.446684837341308594e-01 6.185871362686157227e-01 7.162252664566040039e-01 7.716659307479858398e-01 -7.706381678581237793e-01 7.834244370460510254e-01 6.242496371269226074e-01 -1.402488350868225098e-01 4.070550203323364258e-01 4.520991444587707520e-01 -6.858491897583007812e-01 -1.772324144840240479e-01 -8.278533220291137695e-01 8.180503845214843750e-01 -1.742165386676788330e-01
3.026139736175537109e-01 -7.707517147064208984e-01 6.360158920288085938e-01 7.821599245071411133e-01 6.634701490402221680e-01 -7.844621539115905762e-01 7.478715777397155762e-01 6.077318191528320312e-01 -2.923492193222045898e-01 4.516245424747467041e-01 5.598412156105041504e-01 -6.946199536323547363e-01 -8.039118349552154541e-02 -7.406719326972961426e-01 8.345314264297485352e-01 -1.733888685703277588e-02
3.033193349838256836e-01 -7.925776839256286621e-01 6.435135602951049805e-01 8.319953680038452148e-01 5.223466753959655762e-01 -7.963777780532836914e-01 6.963249444961547852e-01 5.723596811294555664e-01 -4.058752059936523438e-01 4.858849346637725830e-01 6.433969140052795410e-01 -6.984483003616333008e-01 3.147442266345024109e-02 -6.319723725318908691e-01 8.478831648826599121e-01 1.610449999570846558e-01
3.094714879989624023e-01 -8.108787536621093750e-01 6.376405954360961914e-01 8.688983917236328125e-01 3.573113977909088135e-01 -8.066503405570983887e-01 6.249144077301025391e-01 5.127771496772766113e-01 -4.866822361946105957e-01 5.110106468200683594e-01 7.086682915687561035e-01 -6.944543123245239258e-01 1.527307629585266113e-01 -5.088092088699340820e-01 8.588237166404724121e-01 3.475315570831298828e-01
3.177263140678405762e-01 -8.263609409332275391e-01 6.129573583602905273e-01 8.955016136169433594e-01 1.797999143600463867e-01 -8.154319524765014648e-01 5.303623080253601074e-01 4.250853061676025391e-01 -5.426712036132812500e-01 5.280411839485168457e-01 7.601303458213806152e-01 -6.776087880134582520e-01 2.742109298706054688e-01 -3.801524043083190918e-01 8.677425980567932129e-01 5.255227684974670410e-01
3.259185552597045898e-01 -8.396550416946411133e-01 5.624034404754638672e-01 9.137623906135559082e-01 1.013398170471191406e-03 -8.227589726448059082e-01 4.117656946182250977e-01 3.093966543674468994e-01 -5.810235738754272461e-01 5.377895236015319824e-01 8.009850382804870605e-01 -6.399949193000793457e-01 3.873369991779327393e-01 -2.544589042663574219e-01 8.748882412910461426e-01 6.787365674972534180e-01
3.330547809600830078e-01 -8.512268662452697754e-01 4.788505136966705322e-01 9.248871207237243652e-01 -1.696692407131195068e-01 -8.285220861434936523e-01 2.713096439838409424e-01 1.710021793842315674e-01 -6.073205471038818359e-01 5.408764481544494629e-01 8.334847688674926758e-01 -5.704548954963684082e-01 4.870295524597167969e-01 -1.378589570522308350e-01 8.804571032524108887e-01 7.966101765632629395e-01
