-4.633038938045501709e-01 9.138028621673583984e-01
-2.888441085815429688e-01 1.060361981391906738e+00
-1.039736047387123108e-01 1.193852543830871582e+00
9.067643433809280396e-02 1.313903450965881348e+00
2.895848453044891357e-01 1.417066335678100586e+00
4.856145679950714111e-01 1.497970104217529297e+00
6.758664846420288086e-01 1.553014755249023438e+00
8.568767309188842773e-01 1.580571532249450684e+00
1.021705865859985352e+00 1.579013586044311523e+00
1.166277766227722168e+00 1.548465847969055176e+00
1.289924860000610352e+00 1.492925763130187988e+00
1.393313169479370117e+00 1.417414784431457520e+00
1.476954698562622070e+00 1.324713945388793945e+00
1.539740681648254395e+00 1.214689731597900391e+00
1.578451871871948242e+00 1.084922552108764648e+00
1.589303731918334961e+00 9.326286315917968750e-01
1.571055531501770020e+00 7.578386664390563965e-01
1.526153326034545898e+00 5.652470588684082031e-01
1.457673430442810059e+00 3.623799383640289307e-01
1.366169691085815430e+00 1.560273021459579468e-01
1.249907970428466797e+00 -4.970663413405418396e-02
1.106836318969726562e+00 -2.531466186046600342e-01
9.383888244628906250e-01 -4.534130692481994629e-01
7.533242106437683105e-01 -6.474938392639160156e-01
5.626685619354248047e-01 -8.297749161720275879e-01
3.709445297718048096e-01 -9.957695603370666504e-01
1.767497658729553223e-01 -1.144153952598571777e+00
-1.936037093400955200e-02 -1.273996829986572266e+00
-2.132878005504608154e-01 -1.382163286209106445e+00
-4.037237167358398438e-01 -1.465822696685791016e+00
-5.932602882385253906e-01 -1.525359272956848145e+00
-7.827178239822387695e-01 -1.562052845954895020e+00
-9.636449813842773438e-01 -1.573745846748352051e+00
-1.122659087181091309e+00 -1.557099699974060059e+00
-1.253983497619628906e+00 -1.512973189353942871e+00
-1.359675049781799316e+00 -1.444707632064819336e+00
-1.443694114685058594e+00 -1.354314208030700684e+00
-1.508387088775634766e+00 -1.241585969924926758e+00
-1.552828788757324219e+00 -1.105657219886779785e+00
-1.572476387023925781e+00 -9.479554295539855957e-01
-1.561872839927673340e+00 -7.744076251983642578e-01
-1.519906163215637207e+00 -5.935509800910949707e-01
-1.450943231582641602e+00 -4.112438857555389404e-01
-1.360534906387329102e+00 -2.282131165266036987e-01
-1.252590894699096680e+00 -4.263406619429588318e-02
-1.129500865936279297e+00 1.463105976581573486e-01
-9.930040836334228516e-01 3.366143405437469482e-01
-8.449315428733825684e-01 5.237192511558532715e-01
-6.873479485511779785e-01 7.023453712463378906e-01
-5.217658281326293945e-01 8.685504198074340820e-01
