1.303159594535827637e-01 9.865810275077819824e-01
2.519544661045074463e-01 9.628897309303283691e-01
3.719750046730041504e-01 9.266067147254943848e-01
4.887604415416717529e-01 8.750117421150207520e-01
5.976339578628540039e-01 8.061084151268005371e-01
6.947045326232910156e-01 7.215681076049804688e-01
7.793837785720825195e-01 6.245774626731872559e-01
8.526041507720947266e-01 5.180974602699279785e-01
9.138418436050415039e-01 4.043439030647277832e-01
9.603631496429443359e-01 2.846466898918151855e-01
9.892613887786865234e-01 1.600514799356460571e-01
9.999209642410278320e-01 3.228017687797546387e-02
9.941257238388061523e-01 -9.610930085182189941e-02
9.740141630172729492e-01 -2.224301844835281372e-01
9.397295713424682617e-01 -3.447577357292175293e-01
8.889249563217163086e-01 -4.622120857238769531e-01
8.203300237655639648e-01 -5.734825730323791504e-01
7.373862862586975098e-01 -6.751027703285217285e-01
6.449227333068847656e-01 -7.634713053703308105e-01
5.448137521743774414e-01 -8.374987244606018066e-01
4.363413751125335693e-01 -8.980285525321960449e-01
3.186124265193939209e-01 -9.459030032157897949e-01
1.927624344825744629e-01 -9.806271195411682129e-01
6.267567723989486694e-02 -1.000172734260559082e+00
-6.676972657442092896e-02 -1.001990795135498047e+00
-1.924205720424652100e-01 -9.847313761711120605e-01
-3.137497305870056152e-01 -9.492844939231872559e-01
-4.313641488552093506e-01 -8.981534838676452637e-01
-5.443701148033142090e-01 -8.338181376457214355e-01
-6.492002010345458984e-01 -7.576620578765869141e-01
-7.418106198310852051e-01 -6.703776717185974121e-01
-8.203393220901489258e-01 -5.726699233055114746e-01
-8.849546909332275391e-01 -4.652299284934997559e-01
-9.361485242843627930e-01 -3.487966060638427734e-01
-9.735469818115234375e-01 -2.247845232486724854e-01
-9.958240389823913574e-01 -9.578981250524520874e-02
-1.001449704170227051e+00 3.473204001784324646e-02
-9.895691275596618652e-01 1.633751839399337769e-01
-9.603691101074218750e-01 2.874782681465148926e-01
-9.148641824722290039e-01 4.052630662918090820e-01
-8.544555902481079102e-01 5.156233906745910645e-01
-7.805631160736083984e-01 6.178190708160400391e-01
-6.944143176078796387e-01 7.111838459968566895e-01
-5.970028042793273926e-01 7.948684096336364746e-01
-4.892839491367340088e-01 8.675853013992309570e-01
-3.726786673069000244e-01 9.273459315299987793e-01
-2.496727406978607178e-01 9.713860154151916504e-01
-1.237828731536865234e-01 9.968720078468322754e-01
1.750066876411437988e-03 1.002813458442687988e+00
1.256582140922546387e-01 9.915340542793273926e-01
