-5.071811676025390625e-01 9.033071398735046387e-01
-3.251549899578094482e-01 1.049869179725646973e+00
-1.332944631576538086e-01 1.183592915534973145e+00
6.822275370359420776e-02 1.304918766021728516e+00
2.724765837192535400e-01 1.409707307815551758e+00
4.719128906726837158e-01 1.492120742797851562e+00
6.650744676589965820e-01 1.549563527107238770e+00
8.482254147529602051e-01 1.580980896949768066e+00
1.014392137527465820e+00 1.583698153495788574e+00
1.160020828247070312e+00 1.555949091911315918e+00
1.284260153770446777e+00 1.501320004463195801e+00
1.387916326522827148e+00 1.425431370735168457e+00
1.472003936767578125e+00 1.331695914268493652e+00
1.535309195518493652e+00 1.220308423042297363e+00
1.573557019233703613e+00 1.088737249374389648e+00
1.582308650016784668e+00 9.345778822898864746e-01
1.561725139617919922e+00 7.597670555114746094e-01
1.516318678855895996e+00 5.706180334091186523e-01
1.450064420700073242e+00 3.738161325454711914e-01
1.363855004310607910e+00 1.739674359560012817e-01
1.256036281585693359e+00 -2.630184590816497803e-02
1.123853325843811035e+00 -2.255413383245468140e-01
9.670476913452148438e-01 -4.223677515983581543e-01
7.920016646385192871e-01 -6.138321757316589355e-01
6.081809401512145996e-01 -7.956625223159790039e-01
4.205221235752105713e-01 -9.638717174530029297e-01
2.273588478565216064e-01 -1.116085052490234375e+00
2.648349851369857788e-02 -1.251366257667541504e+00
-1.774680018424987793e-01 -1.366651415824890137e+00
-3.768846988677978516e-01 -1.457272887229919434e+00
-5.677900314331054688e-01 -1.522101640701293945e+00
-7.521504163742065430e-01 -1.563349604606628418e+00
-9.297462105751037598e-01 -1.581019163131713867e+00
-1.091756463050842285e+00 -1.571510672569274902e+00
-1.229776263236999512e+00 -1.533955931663513184e+00
-1.342119336128234863e+00 -1.471511483192443848e+00
-1.431246519088745117e+00 -1.387619376182556152e+00
-1.500055909156799316e+00 -1.283780694007873535e+00
-1.549632549285888672e+00 -1.159537792205810547e+00
-1.578165173530578613e+00 -1.013867497444152832e+00
-1.581300020217895508e+00 -8.473436236381530762e-01
-1.554798483848571777e+00 -6.638860106468200684e-01
-1.498045325279235840e+00 -4.701647162437438965e-01
-1.414195775985717773e+00 -2.721863389015197754e-01
-1.307157874107360840e+00 -7.269239425659179688e-02
-1.180022358894348145e+00 1.275078505277633667e-01
-1.035747885704040527e+00 3.265415430068969727e-01
-8.780041933059692383e-01 5.201644301414489746e-01
-7.107592225074768066e-01 7.030740976333618164e-01
-5.365380048751831055e-01 8.715397715568542480e-01
