2.329256832599639893e-01 -8.782724142074584961e-01 3.977115154266357422e-01 9.346496462821960449e-01 -1.697674393653869629e-01 -8.339601755142211914e-01 3.078213930130004883e-01 7.218260318040847778e-02 -4.984639286994934082e-01 3.725719749927520752e-01 8.594211935997009277e-01 -6.214788556098937988e-01 4.496468007564544678e-01 3.883541375398635864e-02 8.981763124465942383e-01 8.535189628601074219e-01
2.402825206518173218e-01 -8.851950764656066895e-01 2.672593593597412109e-01 9.369313716888427734e-01 -3.150784075260162354e-01 -8.378063440322875977e-01 1.296625733375549316e-01 -7.689141482114791870e-02 -5.190807580947875977e-01 3.777138590812683105e-01 8.801424503326416016e-01 -4.811100661754608154e-01 5.424494743347167969e-01 1.221472471952438354e-01 9.008449316024780273e-01 9.147719144821166992e-01
2.459525614976882935e-01 -8.901424407958984375e-01 9.841591864824295044e-02 9.311803579330444336e-01 -4.482989907264709473e-01 -8.384186029434204102e-01 -5.300062894821166992e-02 -2.269993275403976440e-01 -5.335957407951354980e-01 3.746446371078491211e-01 8.956310749053955078e-01 -2.795920073986053467e-01 6.197459101676940918e-01 1.951101422309875488e-01 9.024582505226135254e-01 9.495023488998413086e-01
2.502785027027130127e-01 -8.893901705741882324e-01 -1.009290069341659546e-01 9.126710891723632812e-01 -5.640264749526977539e-01 -8.338999152183532715e-01 -2.355477064847946167e-01 -3.707429170608520508e-01 -5.440368652343750000e-01 3.650065064430236816e-01 9.060139656066894531e-01 -1.893736422061920166e-02 6.838090419769287109e-01 2.580516338348388672e-01 9.027494788169860840e-01 9.678907394409179688e-01
2.535671889781951904e-01 -8.701604008674621582e-01 -3.143859207630157471e-01 8.708419203758239746e-01 -6.606900691986083984e-01 -8.206368088722229004e-01 -4.078619480133056641e-01 -5.022208690643310547e-01 -5.517212748527526855e-01 3.501910865306854248e-01 9.108945131301879883e-01 2.725366353988647461e-01 7.368937134742736816e-01 3.121581077575683594e-01 9.010804891586303711e-01 9.770744442939758301e-01
2.561087310314178467e-01 -7.976746559143066406e-01 -5.169010162353515625e-01 7.883611917495727539e-01 -7.390758991241455078e-01 -7.931468486785888672e-01 -5.580819845199584961e-01 -6.166191101074218750e-01 -5.575339198112487793e-01 3.309639394283294678e-01 9.090143442153930664e-01 5.432155728340148926e-01 7.806696295738220215e-01 3.591477870941162109e-01 8.961569070816040039e-01 9.812268018722534180e-01
2.581787407398223877e-01 -6.221665143966674805e-01 -6.827545762062072754e-01 6.524867415428161621e-01 -8.015000820159912109e-01 -7.456825375556945801e-01 -6.792134046554565430e-01 -7.108395099639892578e-01 -5.620523691177368164e-01 3.067240715026855469e-01 8.971195220947265625e-01 7.478731870651245117e-01 8.162479400634765625e-01 4.010742008686065674e-01 8.855916857719421387e-01 9.824128746986389160e-01
2.599870860576629639e-01 -3.404185175895690918e-01 -7.996883392333984375e-01 4.760599434375762939e-01 -8.508855104446411133e-01 -6.742157936096191406e-01 -7.715779542922973633e-01 -7.847705483436584473e-01 -5.656022429466247559e-01 2.753704190254211426e-01 8.673644065856933594e-01 8.747360706329345703e-01 8.445416688919067383e-01 4.399290382862091064e-01 8.650017380714416504e-01 9.813642501831054688e-01
2.615732848644256592e-01 -1.337495446205139160e-02 -8.734408617019653320e-01 2.912939786911010742e-01 -8.895820379257202148e-01 -5.776726603507995605e-01 -8.393911719322204590e-01 -8.407226800918579102e-01 -5.683245658874511719e-01 2.348801344633102417e-01 8.068712353706359863e-01 9.407660961151123047e-01 8.664165735244750977e-01 4.770208597183227539e-01 8.275209069252014160e-01 9.779542684555053711e-01
2.627052664756774902e-01 2.923362851142883301e-01 -9.176174402236938477e-01 1.208528652787208557e-01 -9.191405177116394043e-01 -4.571045637130737305e-01 -8.876731395721435547e-01 -8.817589879035949707e-01 -5.702030062675476074e-01 1.850526332855224609e-01 7.084229588508605957e-01 9.707132577896118164e-01 8.825187683105468750e-01 5.126141309738159180e-01 7.657920718193054199e-01 9.713120460510253906e-01
2.628279924392700195e-01 5.391779541969299316e-01 -9.439520835876464844e-01 -2.946222573518753052e-02 -9.409090280532836914e-01 -3.138662576675415039e-01 -9.211553335189819336e-01 -9.108195304870605469e-01 -5.709890127182006836e-01 1.272995769977569580e-01 5.814130902290344238e-01 9.832571744918823242e-01 8.930075168609619141e-01 5.459046959877014160e-01 6.749533414840698242e-01 9.594918489456176758e-01
2.610315680503845215e-01 7.180607914924621582e-01 -9.599395990371704102e-01 -1.616099774837493896e-01 -9.563205242156982422e-01 -1.500389873981475830e-01 -9.438651204109191895e-01 -9.304770231246948242e-01 -5.700748562812805176e-01 6.358340382575988770e-02 4.418218731880187988e-01 9.885524511337280273e-01 8.972991704940795898e-01 5.750477313995361328e-01 5.542966127395629883e-01 9.387412071228027344e-01
2.559819817543029785e-01 8.370654582977294922e-01 -9.698696136474609375e-01 -2.788489460945129395e-01 -9.667398929595947266e-01 3.006258606910705566e-02 -9.590162038803100586e-01 -9.428150653839111328e-01 -5.663594603538513184e-01 -4.241101443767547607e-03 3.001748025417327881e-01 9.910594820976257324e-01 8.938505649566650391e-01 5.972908735275268555e-01 4.072978496551513672e-01 9.023548364639282227e-01
2.457614690065383911e-01 9.108175039291381836e-01 -9.761266708374023438e-01 -3.836999237537384033e-01 -9.732604026794433594e-01 2.186789810657501221e-01 -9.690184593200683594e-01 -9.493379592895507812e-01 -5.580630302429199219e-01 -7.470852136611938477e-02 1.609606444835662842e-01 9.924643039703369141e-01 8.798351287841796875e-01 6.091024279594421387e-01 2.403711825609207153e-01 8.397067189216613770e-01
2.275426387786865234e-01 9.537825584411621094e-01 -9.800297617912292480e-01 -4.776704907417297363e-01 -9.765973687171936035e-01 4.043114483356475830e-01 -9.755544662475585938e-01 -9.509091377258300781e-01 -5.424163341522216797e-01 -1.468416154384613037e-01 2.547527104616165161e-02 9.933256506919860840e-01 8.507276177406311035e-01 6.060775518417358398e-01 6.135149300098419189e-02 7.380762696266174316e-01
1.969979256391525269e-01 9.773782491683959961e-01 -9.822898507118225098e-01 -5.614874958992004395e-01 -9.770088791847229004e-01 5.732743740081787109e-01 -9.797022342681884766e-01 -9.476398229598999023e-01 -5.151543021202087402e-01 -2.200746685266494751e-01 -1.062862798571586609e-01 9.937853217124938965e-01 8.002379536628723145e-01 5.826325416564941406e-01 -1.215141117572784424e-01 5.911001563072204590e-01
1.474562883377075195e-01 9.895343780517578125e-01 -9.832701683044433594e-01 -6.354345679283142090e-01 -9.741331934928894043e-01 7.135186791419982910e-01 -9.820458889007568359e-01 -9.386652708053588867e-01 -4.698460996150970459e-01 -2.938573360443115234e-01 -2.344780266284942627e-01 9.938263893127441406e-01 7.216333746910095215e-01 5.320101380348205566e-01 -3.000093102455139160e-01 4.099119901657104492e-01
6.935299187898635864e-02 9.953422546386718750e-01 -9.831779003143310547e-01 -6.996622681617736816e-01 -9.666109085083007812e-01 8.189406394958496094e-01 -9.827231168746948242e-01 -9.217992424964904785e-01 -3.975754082202911377e-01 -3.669108748435974121e-01 -3.584386706352233887e-01 9.933539032936096191e-01 6.114851236343383789e-01 4.477472901344299316e-01 -4.662280082702636719e-01 2.212932109832763672e-01
-4.854122176766395569e-02 9.978882670402526855e-01 -9.822308421134948730e-01 -7.544230222702026367e-01 -9.512897133827209473e-01 8.909064531326293945e-01 -9.813594818115234375e-01 -8.930317163467407227e-01 -2.881915867328643799e-01 -4.366120696067810059e-01 -4.762530326843261719e-01 9.921975135803222656e-01 4.738812446594238281e-01 3.269894421100616455e-01 -6.131571531295776367e-01 5.111894011497497559e-02
-2.134546339511871338e-01 9.989037513732910156e-01 -9.807516336441040039e-01 -8.002110719680786133e-01 -9.218024015426635742e-01 9.359668493270874023e-01 -9.767810106277465820e-01 -8.459036350250244141e-01 -1.343868821859359741e-01 -4.990783929824829102e-01 -5.852186083793640137e-01 9.900565147399902344e-01 3.197901844978332520e-01 1.737892627716064453e-01 -7.355822920799255371e-01 -8.771763741970062256e-02
-4.157862067222595215e-01 9.992487430572509766e-01 -9.790922403335571289e-01 -8.377993702888488770e-01 -8.668093681335449219e-01 9.620876312255859375e-01 -9.662716984748840332e-01 -7.715010643005371094e-01 6.179036945104598999e-02 -5.498799681663513184e-01 -6.826350688934326172e-01 9.863526821136474609e-01 1.614747345447540283e-01 -4.275739192962646484e-04 -8.308750391006469727e-01 -1.945563256740570068e-01
-6.153122186660766602e-01 9.992855787277221680e-01 -9.773443341255187988e-01 -8.682010173797607422e-01 -7.703063488006591797e-01 9.759460687637329102e-01 -9.440921545028686523e-01 -6.614587306976318359e-01 2.836774587631225586e-01 -5.851172208786010742e-01 -7.661888599395751953e-01 9.798370599746704102e-01 7.880613207817077637e-03 -1.810140907764434814e-01 -8.992903828620910645e-01 -2.745240628719329834e-01
-7.547335624694824219e-01 9.991238713264465332e-01 -9.749897718429565430e-01 -8.925848603248596191e-01 -6.196401119232177734e-01 9.818924069404602051e-01 -8.998312950134277344e-01 -5.161654353141784668e-01 5.017596483230590820e-01 -6.031300425529479980e-01 -8.341109752655029297e-01 9.675294160842895508e-01 -1.366337090730667114e-01 -3.563483357429504395e-01 -9.436355829238891602e-01 -3.333747386932373047e-01
-8.072831034660339355e-01 9.987436532974243164e-01 -9.707617759704589844e-01 -9.121221303939819336e-01 -4.207744896411895752e-01 9.817900657653808594e-01 -8.201615810394287109e-01 -3.507196605205535889e-01 6.852570176124572754e-01 -6.065084338188171387e-01 -8.857635259628295898e-01 9.424306154251098633e-01 -2.711130976676940918e-01 -5.189543962478637695e-01 -9.684211611747741699e-01 -3.757480382919311523e-01
-7.862938642501831055e-01 9.980279207229614258e-01 -9.627433419227600098e-01 -9.277986884117126465e-01 -2.005912363529205322e-01 9.747768044471740723e-01 -6.979191899299621582e-01 -1.863076686859130859e-01 8.167151212692260742e-01 -6.021545529365539551e-01 -9.223855733871459961e-01 8.905978798866271973e-01 -3.951040506362915039e-01 -6.615409851074218750e-01 -9.788522720336914062e-01 -4.057231247425079346e-01
-7.057610750198364258e-01 9.966946840286254883e-01 -9.482527971267700195e-01 -9.403188228607177734e-01 1.217247545719146729e-02 9.562956690788269043e-01 -5.408322811126708984e-01 -3.825383633375167847e-02 8.971818685531616211e-01 -5.989150404930114746e-01 -9.467824697494506836e-01 7.915329933166503906e-01 -5.066558122634887695e-01 -7.771387100219726562e-01 -9.794920682907104492e-01 -4.270778596401214600e-01
-5.635320544242858887e-01 9.940268993377685547e-01 -9.229387044906616211e-01 -9.500598907470703125e-01 2.013748139142990112e-01 9.159698486328125000e-01 -3.662804365158081055e-01 8.611569553613662720e-02 9.400647878646850586e-01 -6.049617528915405273e-01 -9.620137214660644531e-01 6.298550367355346680e-01 -6.032258868217468262e-01 -8.628960251808166504e-01 -9.722595810890197754e-01 -4.427785873413085938e-01
-3.553322255611419678e-01 9.880750775337219238e-01 -8.793646693229675293e-01 -9.568814039230346680e-01 3.623777627944946289e-01 8.349505662918090820e-01 -1.890971362590789795e-01 1.853164583444595337e-01 9.611325263977050781e-01 -6.247726082801818848e-01 -9.702882766723632812e-01 4.199559092521667480e-01 -6.833859086036682129e-01 -9.210062026977539062e-01 -9.542138576507568359e-01 -4.547715187072753906e-01
-9.891520440578460693e-02 9.736085534095764160e-01 -8.078747987747192383e-01 -9.596596956253051758e-01 4.955682158470153809e-01 6.902954578399658203e-01 -1.800268143415451050e-02 2.617287337779998779e-01 9.714037775993347168e-01 -6.546136140823364258e-01 -9.726085662841796875e-01 2.088663876056671143e-01 -7.470602989196777344e-01 -9.567584991455078125e-01 -9.154545664787292480e-01 -4.641963839530944824e-01
1.577625125646591187e-01 9.378584623336791992e-01 -7.035218477249145508e-01 -9.556021094322204590e-01 6.026744246482849121e-01 4.795451462268829346e-01 1.418004631996154785e-01 3.199133872985839844e-01 9.760428667068481445e-01 -6.806763410568237305e-01 -9.691864252090454102e-01 3.213463723659515381e-02 -7.938790321350097656e-01 -9.764532446861267090e-01 -8.396672010421752930e-01 -4.717386960983276367e-01
3.684511780738830566e-01 8.553033471107482910e-01 -5.723593831062316895e-01 -9.394456148147583008e-01 6.864306330680847168e-01 2.381046116352081299e-01 2.867858409881591797e-01 3.648620247840881348e-01 9.769457578659057617e-01 -6.874934434890747070e-01 -9.601486921310424805e-01 -1.057150736451148987e-01 -8.212136030197143555e-01 -9.860806465148925781e-01 -7.108561396598815918e-01 -4.779090583324432373e-01
5.149680972099304199e-01 6.966552734375000000e-01 -4.268321394920349121e-01 -9.030503034591674805e-01 7.504171729087829590e-01 1.100608706474304199e-02 4.135662317276000977e-01 4.008234441280364990e-01 9.746875166893005371e-01 -6.677151918411254883e-01 -9.455424547195434570e-01 -2.126966416835784912e-01 -8.253977298736572266e-01 -9.903007149696350098e-01 -5.248291492462158203e-01 -4.831047654151916504e-01
6.022453308105468750e-01 4.681904613971710205e-01 -2.775081992149353027e-01 -8.365375399589538574e-01 7.984832525253295898e-01 -1.771710216999053955e-01 5.193322896957397461e-01 4.309074878692626953e-01 9.689339399337768555e-01 -6.200257539749145508e-01 -9.246542453765869141e-01 -2.969445586204528809e-01 -8.060286641120910645e-01 -9.919438362121582031e-01 -2.989467978477478027e-01 -4.875871837139129639e-01
6.438276767730712891e-01 2.224969118833541870e-01 -1.316722631454467773e-01 -7.325177192687988281e-01 8.343295454978942871e-01 -3.223604857921600342e-01 6.037781238555908203e-01 4.572388827800750732e-01 9.585149288177490234e-01 -5.453732609748840332e-01 -8.954147100448608398e-01 -3.644988834857940674e-01 -7.682730555534362793e-01 -9.923516511917114258e-01 -6.774443387985229492e-02 -4.914609491825103760e-01
6.528089642524719238e-01 5.175799131393432617e-03 4.558101296424865723e-03 -5.924851894378662109e-01 8.611506819725036621e-01 -4.310244619846343994e-01 6.693717241287231445e-01 4.813011884689331055e-01 9.416788220405578613e-01 -4.490287303924560547e-01 -8.541548252105712891e-01 -4.197501242160797119e-01 -7.203030586242675781e-01 -9.920064210891723633e-01 1.382607668638229370e-01 -4.946464002132415771e-01
6.389712095260620117e-01 -1.700349301099777222e-01 1.268114745616912842e-01 -4.270939826965332031e-01 8.813369870185852051e-01 -5.124060511589050293e-01 7.196718454360961914e-01 5.041162967681884766e-01 9.160414338111877441e-01 -3.396353125572204590e-01 -7.955493927001953125e-01 -4.658032059669494629e-01 -6.689550876617431641e-01 -9.909888505935668945e-01 3.069788217544555664e-01 -4.968175292015075684e-01
6.089476346969604492e-01 -3.068408966064453125e-01 2.332884967327117920e-01 -2.496711909770965576e-01 8.964352011680603027e-01 -5.744319558143615723e-01 7.578552961349487305e-01 5.262981057167053223e-01 8.780640363693237305e-01 -2.256418019533157349e-01 -7.129961252212524414e-01 -5.047833919525146484e-01 -6.178134679794311523e-01 -9.891737699508666992e-01 4.398507177829742432e-01 -4.972566068172454834e-01
5.672607421875000000e-01 -4.133138060569763184e-01 3.241611719131469727e-01 -7.112386822700500488e-02 9.072566628456115723e-01 -6.227931380271911621e-01 7.862424850463867188e-01 5.481002926826477051e-01 8.223845958709716797e-01 -1.137043237686157227e-01 -5.998207926750183105e-01 -5.381458997726440430e-01 -5.677868723869323730e-01 -9.862366318702697754e-01 5.430133342742919922e-01 -4.945976436138153076e-01
5.173992514610290527e-01 -4.969817996025085449e-01 4.006401300430297852e-01 1.010707169771194458e-01 9.139046072959899902e-01 -6.613410115242004395e-01 8.063099384307861328e-01 5.694413781166076660e-01 7.413107156753540039e-01 -8.333016186952590942e-03 -4.518653154373168945e-01 -5.669028759002685547e-01 -5.182342529296875000e-01 -9.815319776535034180e-01 6.228172183036804199e-01 -4.864020943641662598e-01
4.628735184669494629e-01 -5.637390613555908203e-01 4.643238186836242676e-01 2.615809142589569092e-01 9.155635237693786621e-01 -6.926522850990295410e-01 8.188003301620483398e-01 5.898556709289550781e-01 6.255007982254028320e-01 8.797569572925567627e-02 -2.717983722686767578e-01 -5.917788743972778320e-01 -4.677249491214752197e-01 -9.738273620605468750e-01 6.844611763954162598e-01 -4.685298204421997070e-01
4.081531763076782227e-01 -6.179416775703430176e-01 5.168423652648925781e-01 4.059020876884460449e-01 9.099000096321105957e-01 -7.184683680534362793e-01 8.238096237182617188e-01 6.083426475524902344e-01 4.683931469917297363e-01 1.742035597562789917e-01 -7.307527214288711548e-02 -6.133167743682861328e-01 -4.144192337989807129e-01 -9.608376026153564453e-01 7.318711280822753906e-01 -4.345504641532897949e-01
3.587842583656311035e-01 -6.627129316329956055e-01 5.596609711647033691e-01 5.304352045059204102e-01 8.920357227325439453e-01 -7.400055527687072754e-01 8.208605051040649414e-01 6.231468319892883301e-01 2.755641937255859375e-01 2.500360608100891113e-01 1.223979815840721130e-01 -6.319267153739929199e-01 -3.560819625854492188e-01 -9.386297464370727539e-01 7.680413722991943359e-01 -3.761695027351379395e-01
3.199352324008941650e-01 -7.001846432685852051e-01 5.939012169837951660e-01 6.335872411727905273e-01 8.538480997085571289e-01 -7.581651210784912109e-01 8.089997768402099609e-01 6.316015720367431641e-01 7.002220302820205688e-02 3.152207434177398682e-01 2.949696779251098633e-01 -6.478452682495117188e-01 -2.896853983402252197e-01 -9.014770388603210449e-01 7.955054044723510742e-01 -2.859622240066528320e-01
2.943300902843475342e-01 -7.317253351211547852e-01 6.200931072235107422e-01 7.161748409271240234e-01 7.857758402824401855e-01 -7.736446857452392578e-01 7.868380546569824219e-01 6.301369071006774902e-01 -1.191357523202896118e-01 3.695155084133148193e-01 4.361164569854736328e-01 -6.609991788864135742e-01 -2.113055288791656494e-01 -8.433164358139038086e-01 8.165711164474487305e-01 -1.613823920488357544e-01
2.815756201744079590e-01 -7.582547664642333984e-01 6.378498673439025879e-01 7.806203365325927734e-01 6.818594932556152344e-01 -7.869694828987121582e-01 7.523514628410339355e-01 6.143053174018859863e-01 -2.736896574497222900e-01 4.130850434303283691e-01 5.472890138626098633e-01 -6.707822084426879883e-01 -1.175700500607490540e-01 -7.608332633972167969e-01 8.331573605537414551e-01 -6.339073181152343750e-03
2.790027856826782227e-01 -7.805349230766296387e-01 6.454682350158691406e-01 8.298990726470947266e-01 5.436264872550964355e-01 -7.985070943832397461e-01 7.025821208953857422e-01 5.787633657455444336e-01 -3.900821506977081299e-01 4.466288089752197266e-01 6.340240240097045898e-01 -6.756896376609802246e-01 -8.385062217712402344e-03 -6.557830572128295898e-01 8.465780019760131836e-01 1.700654029846191406e-01
2.829452157020568848e-01 -7.992990016937255859e-01 6.394482851028442383e-01 8.668562173843383789e-01 3.792695403099060059e-01 -8.084954023361206055e-01 6.337963342666625977e-01 5.178436040878295898e-01 -4.733462929725646973e-01 4.711007475852966309e-01 7.019559144973754883e-01 -6.727300286293029785e-01 1.112917363643646240e-01 -5.347625017166137695e-01 8.575823307037353516e-01 3.546334505081176758e-01
2.899377346038818359e-01 -8.152564764022827148e-01 6.141199469566345215e-01 8.938786983489990234e-01 2.003477662801742554e-01 -8.170632123947143555e-01 5.425509810447692871e-01 4.275048971176147461e-01 -5.311416983604431152e-01 4.874096512794494629e-01 7.555342912673950195e-01 -6.566266417503356934e-01 2.327737808227539062e-01 -4.070555865764617920e-01 8.665668368339538574e-01 5.310112833976745605e-01
2.975280880928039551e-01 -8.290477395057678223e-01 5.619698166847229004e-01 9.127618670463562012e-01 1.878346502780914307e-02 -8.242256641387939453e-01 4.273045063018798828e-01 3.080568611621856689e-01 -5.706948637962341309e-01 4.963096380233764648e-01 7.980074882507324219e-01 -6.190168261528015137e-01 3.474665284156799316e-01 -2.818470597267150879e-01 8.737726211547851562e-01 6.829521656036376953e-01
3.044348061084747314e-01 -8.411559462547302246e-01 4.753052890300750732e-01 9.246215820312500000e-01 -1.551931798458099365e-01 -8.298509120941162109e-01 2.892423868179321289e-01 1.653650850057601929e-01 -5.977281928062438965e-01 4.984212517738342285e-01 8.316900134086608887e-01 -5.481231808662414551e-01 4.499115943908691406e-01 -1.659325361251831055e-01 8.793863058090209961e-01 7.997552156448364258e-01
