2.734719514846801758e-01 -6.982228755950927734e-01 5.380689501762390137e-01 8.899172544479370117e-01 -3.156057894229888916e-01 -8.116022944450378418e-01 -1.670043319463729858e-01 -1.727571710944175720e-02 -7.846019268035888672e-01 7.813115119934082031e-01 8.835750222206115723e-01 -2.367422729730606079e-01 6.507607102394104004e-01 -4.794546365737915039e-01 6.231821775436401367e-01 9.204922914505004883e-01
2.546623349189758301e-01 -6.234284043312072754e-01 3.944885134696960449e-01 8.793404102325439453e-01 -4.500651955604553223e-01 -8.011675477027893066e-01 -2.538399100303649902e-01 -1.295845508575439453e-01 -7.976968288421630859e-01 7.705217003822326660e-01 8.960462808609008789e-01 -5.732793360948562622e-02 7.241088151931762695e-01 -3.746167123317718506e-01 5.874693989753723145e-01 9.442940950393676758e-01
2.349792122840881348e-01 -5.195608139038085938e-01 2.324569821357727051e-01 8.599892854690551758e-01 -5.608915090560913086e-01 -7.819863557815551758e-01 -3.524940311908721924e-01 -2.381328493356704712e-01 -8.078286647796630859e-01 7.550028562545776367e-01 9.041330218315124512e-01 1.294632852077484131e-01 7.820656895637512207e-01 -2.537493407726287842e-01 5.446557402610778809e-01 9.574699997901916504e-01
2.129929363727569580e-01 -3.764662146568298340e-01 6.045114248991012573e-02 8.299686908721923828e-01 -6.533378362655639648e-01 -7.491917014122009277e-01 -4.504336118698120117e-01 -3.420806527137756348e-01 -8.156998753547668457e-01 7.342948913574218750e-01 9.077786207199096680e-01 3.116598129272460938e-01 8.275021910667419434e-01 -1.167754679918289185e-01 4.913554191589355469e-01 9.635177850723266602e-01
1.863455176353454590e-01 -1.915526688098907471e-01 -1.105779707431793213e-01 7.874007821083068848e-01 -7.298008203506469727e-01 -6.956247687339782715e-01 -5.416414737701416016e-01 -4.409822225570678711e-01 -8.218323588371276855e-01 7.079787254333496094e-01 9.063577055931091309e-01 4.772766828536987305e-01 8.626112341880798340e-01 3.427641093730926514e-02 4.237860143184661865e-01 9.643681049346923828e-01
1.519761681556701660e-01 2.210421860218048096e-02 -2.701697945594787598e-01 7.312306761741638184e-01 -7.918264865875244141e-01 -6.127378344535827637e-01 -6.220876574516296387e-01 -5.339699387550354004e-01 -8.266199231147766113e-01 6.760359406471252441e-01 8.985137939453125000e-01 6.173707246780395508e-01 8.891243934631347656e-01 1.938306093215942383e-01 3.382136821746826172e-01 9.604189991950988770e-01
1.067772135138511658e-01 2.373270392417907715e-01 -4.112889170646667480e-01 6.618703603744506836e-01 -8.408583998680114746e-01 -4.941339790821075439e-01 -6.887736916542053223e-01 -6.192579269409179688e-01 -8.303650021553039551e-01 6.392335295677185059e-01 8.820863962173461914e-01 7.281932830810546875e-01 9.083116054534912109e-01 3.519200384616851807e-01 2.325019985437393188e-01 9.503076672554016113e-01
4.870327562093734741e-02 4.284144639968872070e-01 -5.313448905944824219e-01 5.812431573867797852e-01 -8.786169290542602539e-01 -3.397652804851531982e-01 -7.401992082595825195e-01 -6.943715810775756836e-01 -8.332772850990295410e-01 5.991796255111694336e-01 8.543285727500915527e-01 8.109087944030761719e-01 9.209488630294799805e-01 4.953849613666534424e-01 1.081539168953895569e-01 9.301663637161254883e-01
-2.253338694572448730e-02 5.833478569984436035e-01 -6.309428215026855469e-01 4.923952519893646240e-01 -9.071052074432373047e-01 -1.569071561098098755e-01 -7.768095731735229492e-01 -7.570787668228149414e-01 -8.354312181472778320e-01 5.578143000602722168e-01 8.123459219932556152e-01 8.697357773780822754e-01 9.272750616073608398e-01 6.118113994598388672e-01 -2.925847470760345459e-02 8.923642635345458984e-01
-1.057130247354507446e-01 7.022703289985656738e-01 -7.120909690856933594e-01 3.988680839538574219e-01 -9.283148050308227539e-01 4.168464243412017822e-02 -8.004400730133056641e-01 -8.062547445297241211e-01 -8.366866111755371094e-01 5.167321562767028809e-01 7.534540891647338867e-01 9.100018739700317383e-01 9.268404245376586914e-01 6.941031217575073242e-01 -1.719575673341751099e-01 8.244438767433166504e-01
-1.986777186393737793e-01 7.908481359481811523e-01 -7.771430015563964844e-01 3.039841055870056152e-01 -9.439564943313598633e-01 2.403945624828338623e-01 -8.132123947143554688e-01 -8.420639038085937500e-01 -8.365480899810791016e-01 4.768164455890655518e-01 6.753129363059997559e-01 9.367643594741821289e-01 9.181948900222778320e-01 7.422475218772888184e-01 -3.122830092906951904e-01 7.105036973953247070e-01
-2.985760569572448730e-01 8.557111024856567383e-01 -8.284194469451904297e-01 2.103506922721862793e-01 -9.553709030151367188e-01 4.239847064018249512e-01 -8.167178630828857422e-01 -8.654973506927490234e-01 -8.338943719863891602e-01 4.382117986679077148e-01 5.759485363960266113e-01 9.541038274765014648e-01 8.984671831130981445e-01 7.612985372543334961e-01 -4.439963996410369873e-01 5.383375883102416992e-01
-4.017201960086822510e-01 9.025386571884155273e-01 -8.681167960166931152e-01 1.196943148970603943e-01 -9.635618329048156738e-01 5.809819698333740234e-01 -8.116079568862915039e-01 -8.776482343673706055e-01 -8.264613151550292969e-01 4.004821777343750000e-01 4.540043771266937256e-01 9.649623632431030273e-01 8.629617094993591309e-01 7.577365040779113770e-01 -5.625600814819335938e-01 3.114658892154693604e-01
-5.032953023910522461e-01 9.356325864791870117e-01 -8.982750177383422852e-01 3.292540460824966431e-02 -9.692604541778564453e-01 7.058010101318359375e-01 -7.974184751510620117e-01 -8.790985345840454102e-01 -8.099405765533447266e-01 3.628486394882202148e-01 3.096814155578613281e-01 9.712847471237182617e-01 8.052069544792175293e-01 7.368521094322204590e-01 -6.649346351623535156e-01 5.547101050615310669e-02
-5.973650813102722168e-01 9.582006931304931641e-01 -9.207265377044677734e-01 -4.966322332620620728e-02 -9.729624986648559570e-01 7.986642122268676758e-01 -7.726632356643676758e-01 -8.695890903472900391e-01 -7.767764925956726074e-01 3.244063258171081543e-01 1.462729424238204956e-01 9.742556214332580566e-01 7.185514569282531738e-01 7.019445300102233887e-01 -7.493767738342285156e-01 -1.919051706790924072e-01
-6.776452064514160156e-01 9.728344678878784180e-01 -9.370281696319580078e-01 -1.281198859214782715e-01 -9.749186038970947266e-01 8.637468814849853516e-01 -7.353808879852294922e-01 -8.479197025299072266e-01 -7.154708504676818848e-01 2.842040657997131348e-01 -2.890611439943313599e-02 9.745112061500549316e-01 6.001018285751342773e-01 6.542897224426269531e-01 -8.154254555702209473e-01 -4.002064466476440430e-01
-7.389427423477172852e-01 9.817637801170349121e-01 -9.484133124351501465e-01 -2.025724947452545166e-01 -9.750725626945495605e-01 9.068465232849121094e-01 -6.840456724166870117e-01 -8.120024204254150391e-01 -6.119947433471679688e-01 2.411339282989501953e-01 -2.055274397134780884e-01 9.722551107406616211e-01 4.544560909271240234e-01 5.927179455757141113e-01 -8.638600111007690430e-01 -5.577448010444641113e-01
-7.784382104873657227e-01 9.868088960647583008e-01 -9.557990431785583496e-01 -2.730842530727386475e-01 -9.729117751121520996e-01 9.336190819740295410e-01 -6.182911992073059082e-01 -7.591626048088073730e-01 -4.544934034347534180e-01 1.937060952186584473e-01 -3.729512691497802734e-01 9.672313928604125977e-01 2.927379608154296875e-01 5.128668546676635742e-01 -8.963251113891601562e-01 -6.685967445373535156e-01
-7.959504127502441406e-01 9.892662167549133301e-01 -9.598501324653625488e-01 -3.396586179733276367e-01 -9.671186208724975586e-01 9.486349821090698242e-01 -5.388889908790588379e-01 -6.867762804031372070e-01 -2.405201196670532227e-01 1.398403644561767578e-01 -5.227895975112915039e-01 9.585378170013427734e-01 1.277069747447967529e-01 4.071466326713562012e-01 -9.146142005920410156e-01 -7.433656454086303711e-01
-7.928970456123352051e-01 9.898997545242309570e-01 -9.610713720321655273e-01 -4.023499190807342529e-01 -9.547996520996093750e-01 9.550185203552246094e-01 -4.471593797206878662e-01 -5.930844545364379883e-01 1.646189391613006592e-02 7.678066194057464600e-02 -6.499048471450805664e-01 9.442383050918579102e-01 -3.028544038534164429e-02 2.667787969112396240e-01 -9.198509454727172852e-01 -7.925477027893066406e-01
-7.703135013580322266e-01 9.890220165252685547e-01 -9.598667621612548828e-01 -4.613890647888183594e-01 -9.300903677940368652e-01 9.543691277503967285e-01 -3.447538912296295166e-01 -4.780366122722625732e-01 2.862902581691741943e-01 1.237310469150543213e-03 -7.521200180053710938e-01 9.206794500350952148e-01 -1.746198087930679321e-01 8.754341304302215576e-02 -9.118431806564331055e-01 -8.242349624633789062e-01
-7.265976667404174805e-01 9.865890741348266602e-01 -9.564409255981445312e-01 -5.172283649444580078e-01 -8.829938173294067383e-01 9.467529654502868652e-01 -2.345798909664154053e-01 -3.443861901760101318e-01 5.308303236961364746e-01 -9.008482843637466431e-02 -8.296774625778198242e-01 8.815253973007202148e-01 -3.021048307418823242e-01 -1.212436109781265259e-01 -8.888911008834838867e-01 -8.442019224166870117e-01
-6.557867527008056641e-01 9.822623729705810547e-01 -9.503746628761291504e-01 -5.704392194747924805e-01 -8.025459051132202148e-01 9.306540489196777344e-01 -1.222966089844703674e-01 -1.990267485380172729e-01 7.199695706367492676e-01 -1.994264274835586548e-01 -8.848834037780761719e-01 8.172492980957031250e-01 -4.122170507907867432e-01 -3.331688046455383301e-01 -8.482559323310852051e-01 -8.565611839294433594e-01
-5.481400489807128906e-01 9.753772020339965820e-01 -9.398368597030639648e-01 -6.215038299560546875e-01 -6.862689256668090820e-01 9.029216170310974121e-01 -1.609712839126586914e-02 -5.282264202833175659e-02 8.445487022399902344e-01 -3.263442516326904297e-01 -9.216189384460449219e-01 7.171851396560668945e-01 -5.061933398246765137e-01 -5.176752805709838867e-01 -7.867294549942016602e-01 -8.641976118087768555e-01
-3.960687518119812012e-01 9.646941423416137695e-01 -9.205267429351806641e-01 -6.706143021583557129e-01 -5.428465008735656738e-01 8.590139150619506836e-01 7.657773047685623169e-02 8.297763019800186157e-02 9.156541824340820312e-01 -4.655402600765228271e-01 -9.444181919097900391e-01 5.757161378860473633e-01 -5.859858989715576172e-01 -6.589522361755371094e-01 -6.999018192291259766e-01 -8.689810037612915039e-01
-2.038249671459197998e-01 9.478312134742736816e-01 -8.841998577117919922e-01 -7.174469232559204102e-01 -3.835362195968627930e-01 7.937621474266052246e-01 1.524409949779510498e-01 2.012371122837066650e-01 9.523071050643920898e-01 -6.043735742568969727e-01 -9.574043750762939453e-01 3.992468118667602539e-01 -6.535106897354125977e-01 -7.588498592376708984e-01 -5.813134908676147461e-01 -8.720117807388305664e-01
8.570261299610137939e-03 9.203934669494628906e-01 -8.173592090606689453e-01 -7.607638239860534668e-01 -2.170161157846450806e-01 7.026693224906921387e-01 2.126604318618774414e-01 3.001236319541931152e-01 9.702666997909545898e-01 -7.224820256233215332e-01 -9.636776447296142578e-01 2.067908346652984619e-01 -7.103737592697143555e-01 -8.268684744834899902e-01 -4.263027310371398926e-01 -8.739172220230102539e-01
2.131083309650421143e-01 8.749814033508300781e-01 -7.041306495666503906e-01 -7.979799509048461914e-01 -4.989519715309143066e-02 5.842971801757812500e-01 2.612812221050262451e-01 3.812670707702636719e-01 9.788303375244140625e-01 -7.993246316909790039e-01 -9.652616381645202637e-01 2.043314278125762939e-02 -7.576901316642761230e-01 -8.723653554916381836e-01 -2.399824559688568115e-01 -8.750727176666259766e-01
3.877765536308288574e-01 8.010670542716979980e-01 -5.377689003944396973e-01 -8.250622749328613281e-01 1.122132614254951477e-01 4.427686631679534912e-01 3.038395643234252930e-01 4.475651383399963379e-01 9.825360774993896484e-01 -8.271062374114990234e-01 -9.632301926612854004e-01 -1.458311676979064941e-01 -7.959001064300537109e-01 -9.024770855903625488e-01 -3.945342451333999634e-02 -8.757079243659973145e-01
5.238732695579528809e-01 6.886324286460876465e-01 -3.316794931888580322e-01 -8.367035984992980957e-01 2.644101977348327637e-01 2.873641252517700195e-01 3.459192812442779541e-01 5.019623637199401855e-01 9.833856821060180664e-01 -8.110387325286865234e-01 -9.577740430831909180e-01 -2.876470685005187988e-01 -8.248546123504638672e-01 -9.223452210426330566e-01 1.538511812686920166e-01 -8.759473562240600586e-01
6.230287551879882812e-01 5.366787314414978027e-01 -1.133373528718948364e-01 -8.264898657798767090e-01 4.026086926460266113e-01 1.293779760599136353e-01 3.913570940494537354e-01 5.470371842384338379e-01 9.821355342864990234e-01 -7.560020685195922852e-01 -9.481796622276306152e-01 -4.059633612632751465e-01 -8.443095684051513672e-01 -9.354970455169677734e-01 3.232315778732299805e-01 -8.758355975151062012e-01
6.914663910865783691e-01 3.571192026138305664e-01 9.203390777111053467e-02 -7.878715395927429199e-01 5.239181518554687500e-01 -2.084182947874069214e-02 4.414251446723937988e-01 5.849156379699707031e-01 9.788520336151123047e-01 -6.608440876007080078e-01 -9.326466321945190430e-01 -5.037782788276672363e-01 -8.545222878456115723e-01 -9.441702961921691895e-01 4.612695574760437012e-01 -8.753499984741210938e-01
7.361974716186523438e-01 1.670012027025222778e-01 2.700030207633972168e-01 -7.169974446296691895e-01 6.269431710243225098e-01 -1.558554321527481079e-01 4.954648613929748535e-01 6.172827482223510742e-01 9.730737209320068359e-01 -5.254269838333129883e-01 -9.078128337860107422e-01 -5.845944881439208984e-01 -8.564193844795227051e-01 -9.497056007385253906e-01 5.689055323600769043e-01 -8.743848800659179688e-01
7.631937265396118164e-01 -1.993551850318908691e-02 4.160791039466857910e-01 -6.157631278038024902e-01 7.116338014602661133e-01 -2.720494270324707031e-01 5.517504215240478516e-01 6.453857421875000000e-01 9.637272357940673828e-01 -3.587318360805511475e-01 -8.679888844490051270e-01 -6.515846252441406250e-01 -8.512524962425231934e-01 -9.528936147689819336e-01 6.511269807815551758e-01 -8.726978302001953125e-01
7.768286466598510742e-01 -1.948506087064743042e-01 5.318558812141418457e-01 -4.915766716003417969e-01 7.788716554641723633e-01 -3.691903352737426758e-01 6.078258752822875977e-01 6.699893474578857422e-01 9.488898515701293945e-01 -1.784778237342834473e-01 -8.046583533287048340e-01 -7.072055935859680176e-01 -8.401457071304321289e-01 -9.542022347450256348e-01 7.133609652519226074e-01 -8.698107004165649414e-01
7.799323797225952148e-01 -3.522854447364807129e-01 6.216204166412353516e-01 -3.534074425697326660e-01 8.300940990447998047e-01 -4.491406679153442383e-01 6.607562303543090820e-01 6.913095712661743164e-01 9.254391193389892578e-01 -3.781575709581375122e-03 -7.075430750846862793e-01 -7.532007694244384766e-01 -8.237685561180114746e-01 -9.538980722427368164e-01 7.600953578948974609e-01 -8.648374080657958984e-01
7.739846706390380859e-01 -4.890484809875488281e-01 6.902355551719665527e-01 -2.076668739318847656e-01 8.669698834419250488e-01 -5.145916938781738281e-01 7.077048420906066895e-01 7.089629173278808594e-01 8.884590268135070801e-01 1.517099887132644653e-01 -5.684864521026611328e-01 -7.908166646957397461e-01 -8.020872473716735840e-01 -9.520957469940185547e-01 7.948042750358581543e-01 -8.561610579490661621e-01
7.593408226966857910e-01 -6.038191914558410645e-01 7.421379089355468750e-01 -5.740413814783096313e-02 8.909986019134521484e-01 -5.682461261749267578e-01 7.465718388557434082e-01 7.219440340995788574e-01 8.303098082542419434e-01 2.821895480155944824e-01 -3.877089917659759521e-01 -8.210390210151672363e-01 -7.742002010345458984e-01 -9.487662315368652344e-01 8.201431035995483398e-01 -8.408092856407165527e-01
7.356706261634826660e-01 -6.968245506286621094e-01 7.810290455818176270e-01 9.488445520401000977e-02 9.029946923255920410e-01 -6.124607324600219727e-01 7.762273550033569336e-01 7.286669611930847168e-01 7.400178909301757812e-01 3.882538080215454102e-01 -1.788317561149597168e-01 -8.447378277778625488e-01 -7.384003400802612305e-01 -9.437236785888671875e-01 8.380005359649658203e-01 -8.133528828620910645e-01
7.027928829193115234e-01 -7.692911624908447266e-01 8.098690509796142578e-01 2.440568804740905762e-01 9.024785757064819336e-01 -6.491796374320983887e-01 7.961803674697875977e-01 7.271878719329833984e-01 6.051974296569824219e-01 4.739433526992797852e-01 3.352761268615722656e-02 -8.626812696456909180e-01 -6.924947500228881836e-01 -9.365903735160827637e-01 8.493996858596801758e-01 -7.644467353820800781e-01
6.616566777229309082e-01 -8.227826356887817383e-01 8.309240341186523438e-01 3.827886581420898438e-01 8.869624137878417969e-01 -6.799740791320800781e-01 8.058206439018249512e-01 7.156866788864135742e-01 4.190548956394195557e-01 5.439824461936950684e-01 2.252631336450576782e-01 -8.753958344459533691e-01 -6.339907646179199219e-01 -9.267253875732421875e-01 8.544064760208129883e-01 -6.802017688751220703e-01
6.146728992462158203e-01 -8.586509823799133301e-01 8.457692265510559082e-01 5.051999092102050781e-01 8.512710928916931152e-01 -7.060737609863281250e-01 8.034404516220092773e-01 6.929001808166503906e-01 1.907396018505096436e-01 6.020156741142272949e-01 3.833434581756591797e-01 -8.828604221343994141e-01 -5.595523118972778320e-01 -9.131386280059814453e-01 8.522819280624389648e-01 -5.453287363052368164e-01
5.650472044944763184e-01 -8.778754472732543945e-01 8.552462458610534668e-01 6.089006662368774414e-01 7.880572080612182617e-01 -7.283753752708435059e-01 7.852470874786376953e-01 6.580640673637390137e-01 -4.984819144010543823e-02 6.499943137168884277e-01 5.065398812294006348e-01 -8.840528726577758789e-01 -4.641990661621093750e-01 -8.945158720016479492e-01 8.421320915222167969e-01 -3.530420362949371338e-01
5.158185958862304688e-01 -8.816836476325988770e-01 8.593631982803344727e-01 6.939022541046142578e-01 6.918377280235290527e-01 -7.474644184112548828e-01 7.449476718902587891e-01 6.105337142944335938e-01 -2.643974423408508301e-01 6.885244846343994141e-01 6.002627015113830566e-01 -8.764464855194091797e-01 -3.427339792251586914e-01 -8.695130944252014160e-01 8.241357207298278809e-01 -1.168814152479171753e-01
4.693570435047149658e-01 -8.727627992630004883e-01 8.571176528930664062e-01 7.610013484954833984e-01 5.650015473365783691e-01 -7.636690139770507812e-01 6.753662824630737305e-01 5.496977567672729492e-01 -4.299182295799255371e-01 7.178621292114257812e-01 6.717466115951538086e-01 -8.558121919631958008e-01 -1.953416764736175537e-01 -8.371724486351013184e-01 8.004598021507263184e-01 1.315022110939025879e-01
4.273097515106201172e-01 -8.552890419960021973e-01 8.462982773780822754e-01 8.114803433418273926e-01 4.175428748130798340e-01 -7.771418094635009766e-01 5.729823112487792969e-01 4.754443466663360596e-01 -5.464228987693786621e-01 7.387479543685913086e-01 7.273068428039550781e-01 -8.168664574623107910e-01 -3.199099749326705933e-02 -7.969829440116882324e-01 7.743497490882873535e-01 3.601468503475189209e-01
3.905318677425384521e-01 -8.330095410346984863e-01 8.233841657638549805e-01 8.473203778266906738e-01 2.605611681938171387e-01 -7.879186272621154785e-01 4.424924552440643311e-01 3.887940347194671631e-01 -6.254623532295227051e-01 7.523916959762573242e-01 7.714225053787231445e-01 -7.547110915184020996e-01 1.322281807661056519e-01 -7.485666275024414062e-01 7.482450008392333984e-01 5.498099327087402344e-01
3.590174615383148193e-01 -8.075543642044067383e-01 7.837397456169128418e-01 8.708996176719665527e-01 1.024006530642509460e-01 -7.959112524986267090e-01 2.962312698364257812e-01 2.920383214950561523e-01 -6.791586279869079590e-01 7.600395083427429199e-01 8.069351911544799805e-01 -6.662046909332275391e-01 2.851324677467346191e-01 -6.913784742355346680e-01 7.229761481285095215e-01 6.947641372680664062e-01
3.321055471897125244e-01 -7.781552076339721680e-01 7.223762273788452148e-01 8.844071626663208008e-01 -5.123406276106834412e-02 -8.008503317832946777e-01 1.480743587017059326e-01 1.882618963718414307e-01 -7.164385318756103516e-01 7.626686096191406250e-01 8.355779647827148438e-01 -5.505853295326232910e-01 4.201820194721221924e-01 -6.245567202568054199e-01 6.980625391006469727e-01 7.982855439186096191e-01
3.088265359401702881e-01 -7.419020533561706543e-01 6.352850794792175293e-01 8.893949985504150391e-01 -1.962617486715316772e-01 -8.021937012672424316e-01 7.435627281665802002e-03 8.069051057100296021e-02 -7.430870532989501953e-01 7.608591318130493164e-01 8.584294319152832031e-01 -4.094090163707733154e-01 5.351927876472473145e-01 -5.468894243240356445e-01 6.722455620765686035e-01 8.679656386375427246e-01
