1.575175225734710693e-01 2.205907106399536133e-01
1.812836229801177979e-01 2.424859106540679932e-01
2.024762928485870361e-01 2.595146596431732178e-01
2.210761308670043945e-01 2.710358500480651855e-01
2.371782660484313965e-01 2.775660455226898193e-01
2.508171796798706055e-01 2.798551619052886963e-01
2.619986534118652344e-01 2.785621583461761475e-01
2.707484960556030273e-01 2.741979956626892090e-01
2.771272063255310059e-01 2.671565711498260498e-01
2.812187969684600830e-01 2.577547729015350342e-01
2.831101119518280029e-01 2.462602555751800537e-01
2.828744351863861084e-01 2.329061925411224365e-01
2.805632054805755615e-01 2.179000973701477051e-01
2.762057483196258545e-01 2.014299780130386353e-01
2.698158323764801025e-01 1.836709976196289062e-01
2.614016830921173096e-01 1.647924780845642090e-01
2.509783506393432617e-01 1.449650526046752930e-01
2.385800778865814209e-01 1.243672296404838562e-01
2.242712378501892090e-01 1.031905710697174072e-01
2.081549465656280518e-01 8.164281398057937622e-02
1.903776228427886963e-01 5.994882062077522278e-02
1.711304187774658203e-01 3.834902122616767883e-02
1.506466269493103027e-01 1.709610968828201294e-02
1.291964948177337646e-01 -3.549733199179172516e-03
1.070799902081489563e-01 -2.332637086510658264e-02
8.461834490299224854e-02 -4.197560623288154602e-02
6.214472278952598572e-02 -5.924956873059272766e-02
3.999434411525726318e-02 -7.491771131753921509e-02
1.849412359297275543e-02 -8.877476304769515991e-02
-2.047687768936157227e-03 -1.006495282053947449e-01
-2.135118469595909119e-02 -1.104139536619186401e-01
-3.917301446199417114e-02 -1.179914996027946472e-01
-5.531205236911773682e-02 -1.233633235096931458e-01
-6.961242109537124634e-02 -1.265712529420852661e-01
-8.196378499269485474e-02 -1.277165263891220093e-01
-9.229982644319534302e-02 -1.269543468952178955e-01
-1.005956754088401794e-01 -1.244846954941749573e-01
-1.068651154637336731e-01 -1.205402538180351257e-01
-1.111579313874244690e-01 -1.153733357787132263e-01
-1.135573908686637878e-01 -1.092428639531135559e-01
-1.141772344708442688e-01 -1.024031415581703186e-01
-1.131584122776985168e-01 -9.509509056806564331e-02
-1.106648072600364685e-01 -8.754045516252517700e-02
-1.068785861134529114e-01 -7.993867248296737671e-02
-1.019950136542320251e-01 -7.246590405702590942e-02
-9.621740132570266724e-02 -6.527553498744964600e-02
-8.975229412317276001e-02 -5.849933624267578125e-02
-8.280498534440994263e-02 -5.224902555346488953e-02
-7.557576149702072144e-02 -4.661751538515090942e-02
-6.825639307498931885e-02 -4.167996346950531006e-02
