7.429748177528381348e-01 -6.083067655563354492e-01 -7.521449327468872070e-01 2.741223573684692383e-01 -4.950338006019592285e-01 -5.912845730781555176e-01 -7.986130118370056152e-01 -6.818483471870422363e-01 5.456464290618896484e-01 -1.638929694890975952e-01 7.660773396492004395e-01 4.851027131080627441e-01 9.562643170356750488e-01 3.364693745970726013e-02 8.758369088172912598e-01 8.353053331375122070e-01
7.432429790496826172e-01 -5.006120204925537109e-01 -8.062846660614013672e-01 1.129765585064888000e-01 -5.338199138641357422e-01 -5.362100005149841309e-01 -8.414067029953002930e-01 -7.121410369873046875e-01 5.346049666404724121e-01 -1.877463907003402710e-01 7.047770023345947266e-01 6.225802898406982422e-01 9.570550918579101562e-01 9.953476488590240479e-03 8.614605665206909180e-01 8.526898622512817383e-01
7.433124780654907227e-01 -3.366463482379913330e-01 -8.497440814971923828e-01 -4.918869584798812866e-02 -5.704742670059204102e-01 -4.648243486881256104e-01 -8.736735582351684570e-01 -7.373595833778381348e-01 5.240799188613891602e-01 -2.256744951009750366e-01 6.163571476936340332e-01 7.233103513717651367e-01 9.561737775802612305e-01 -2.825052291154861450e-02 8.379293084144592285e-01 8.629648089408874512e-01
7.429295182228088379e-01 -1.274474263191223145e-01 -8.824849128723144531e-01 -2.011646181344985962e-01 -6.028665900230407715e-01 -3.761398494243621826e-01 -8.983456492424011230e-01 -7.576285600662231445e-01 5.142684578895568848e-01 -2.778246402740478516e-01 4.933412075042724609e-01 7.905937433242797852e-01 9.536430239677429199e-01 -8.507180213928222656e-02 7.999169826507568359e-01 8.675146102905273438e-01
7.415802478790283203e-01 1.015423610806465149e-01 -9.063264131546020508e-01 -3.368914127349853516e-01 -6.283791661262512207e-01 -2.701320350170135498e-01 -9.169296622276306152e-01 -7.728581428527832031e-01 5.055849552154541016e-01 -3.422371149063110352e-01 3.357143402099609375e-01 8.315764665603637695e-01 9.491924047470092773e-01 -1.635019928216934204e-01 7.391991615295410156e-01 8.673259615898132324e-01
7.383136749267578125e-01 3.218476474285125732e-01 -9.235678911209106445e-01 -4.548191130161285400e-01 -6.433364748954772949e-01 -1.479600667953491211e-01 -9.301055669784545898e-01 -7.827494740486145020e-01 4.986870586872100830e-01 -4.145373106002807617e-01 1.548328548669815063e-01 8.538665175437927246e-01 9.420266151428222656e-01 -2.632377147674560547e-01 6.447585225105285645e-01 8.630931377410888672e-01
7.314835786819458008e-01 5.127868056297302246e-01 -9.362035989761352539e-01 -5.558226704597473145e-01 -6.431370973587036133e-01 -1.193930953741073608e-02 -9.381686449050903320e-01 -7.870691418647766113e-01 4.944473505020141602e-01 -4.889006018638610840e-01 -3.215319663286209106e-02 8.638613224029541016e-01 9.305494427680969238e-01 -3.786317706108093262e-01 5.049749612808227539e-01 8.552393913269042969e-01
7.183494567871093750e-01 6.649809479713439941e-01 -9.456717967987060547e-01 -6.415501832962036133e-01 -6.224538087844848633e-01 1.345915049314498901e-01 -9.412913918495178223e-01 -7.859519720077514648e-01 4.938705265522003174e-01 -5.596438050270080566e-01 -2.108475565910339355e-01 8.665199279785156250e-01 9.119428396224975586e-01 -4.991155862808227539e-01 3.127045333385467529e-01 8.438192009925842285e-01
6.945130228996276855e-01 7.782895565032958984e-01 -9.528680443763732910e-01 -7.136275768280029297e-01 -5.757769346237182617e-01 2.872169613838195801e-01 -9.395449757575988770e-01 -7.799741029739379883e-01 4.981047511100769043e-01 -6.225326657295227051e-01 -3.725321292877197266e-01 8.655270934104919434e-01 8.814904093742370605e-01 -6.127951145172119141e-01 7.262718677520751953e-02 8.284258842468261719e-01
6.534838080406188965e-01 8.580168485641479492e-01 -9.582613706588745117e-01 -7.734314799308776855e-01 -4.994878172874450684e-01 4.398608207702636719e-01 -9.327521324157714844e-01 -7.698779106140136719e-01 5.085990428924560547e-01 -6.753629446029663086e-01 -5.128273963928222656e-01 8.631923198699951172e-01 8.318751454353332520e-01 -7.106219530105590820e-01 -1.930693686008453369e-01 8.084033131599426270e-01
5.873086452484130859e-01 9.115427732467651367e-01 -9.620338082313537598e-01 -8.221504688262939453e-01 -3.955366313457489014e-01 5.839440822601318359e-01 -9.203047752380371094e-01 -7.560203075408935547e-01 5.272104740142822266e-01 -7.177898287773132324e-01 -6.299589872360229492e-01 8.601793050765991211e-01 7.536476850509643555e-01 -7.883558273315429688e-01 -4.478877782821655273e-01 7.836044430732727051e-01
4.895167350769042969e-01 9.460914134979248047e-01 -9.642177820205688477e-01 -8.609535694122314453e-01 -2.734772861003875732e-01 7.088335752487182617e-01 -9.010703563690185547e-01 -7.378915548324584961e-01 5.559699535369873047e-01 -7.506380677223205566e-01 -7.240129709243774414e-01 8.556888103485107422e-01 6.390625238418579102e-01 -8.460612297058105469e-01 -6.562192440032958984e-01 7.551758885383605957e-01
3.607234954833984375e-01 9.676444530487060547e-01 -9.648215770721435547e-01 -8.911295533180236816e-01 -1.468086093664169312e-01 8.051638603210449219e-01 -8.734635114669799805e-01 -7.141447067260742188e-01 5.963104963302612305e-01 -7.750936150550842285e-01 -7.967833280563354492e-01 8.482699394226074219e-01 4.888771772384643555e-01 -8.865340352058410645e-01 -8.008008599281311035e-01 7.251530289649963379e-01
2.150666713714599609e-01 9.806818366050720215e-01 -9.638974666595458984e-01 -9.141070842742919922e-01 -2.584094554185867310e-02 8.693084120750427246e-01 -8.357062935829162598e-01 -6.832528710365295410e-01 6.478491425514221191e-01 -7.921953797340393066e-01 -8.513998389244079590e-01 8.365254402160644531e-01 3.151364624500274658e-01 -9.137698411941528320e-01 -8.869509696960449219e-01 6.952403783798217773e-01
8.167452365159988403e-02 9.883410930633544922e-01 -9.614776372909545898e-01 -9.313423633575439453e-01 8.598162233829498291e-02 9.044026136398315430e-01 -7.864158153533935547e-01 -6.444564461708068848e-01 7.073149681091308594e-01 -8.028460741043090820e-01 -8.915060758590698242e-01 8.189771175384521484e-01 1.354658603668212891e-01 -9.318161606788635254e-01 -9.319185614585876465e-01 6.663637757301330566e-01
-6.797570735216140747e-03 9.927019476890563965e-01 -9.573671817779541016e-01 -9.441541433334350586e-01 1.901922821998596191e-01 9.168902635574340820e-01 -7.256948947906494141e-01 -5.984807014465332031e-01 7.686520814895629883e-01 -8.081989288330078125e-01 -9.204597473144531250e-01 7.932479381561279297e-01 -3.458685427904129028e-02 -9.440730214118957520e-01 -9.524020552635192871e-01 6.390544176101684570e-01
-3.381805866956710815e-02 9.950686097145080566e-01 -9.509508013725280762e-01 -9.536010622978210449e-01 2.893317341804504395e-01 9.123594760894775391e-01 -6.559579372406005859e-01 -5.475553870201110840e-01 8.249033689498901367e-01 -8.099368214607238770e-01 -9.409737586975097656e-01 7.555458545684814453e-01 -1.847926825284957886e-01 -9.529819488525390625e-01 -9.592131972312927246e-01 6.137965917587280273e-01
-5.489575676620006561e-03 9.962085485458374023e-01 -9.411962032318115234e-01 -9.604333639144897461e-01 3.842923045158386230e-01 8.935530185699462891e-01 -5.810402631759643555e-01 -4.945912957191467285e-01 8.709306716918945312e-01 -8.099987506866455078e-01 -9.551260471343994141e-01 7.012456655502319336e-01 -3.096819519996643066e-01 -9.599832296371459961e-01 -9.576805830001831055e-01 5.909636616706848145e-01
6.117725372314453125e-02 9.965285658836364746e-01 -9.268016815185546875e-01 -9.650972485542297363e-01 4.741284847259521484e-01 8.603869676589965820e-01 -5.041815042495727539e-01 -4.421450495719909668e-01 9.049698114395141602e-01 -8.099371790885925293e-01 -9.644693136215209961e-01 6.261737346649169922e-01 -4.069847464561462402e-01 -9.657238721847534180e-01 -9.496120810508728027e-01 5.706372857093811035e-01
1.503159254789352417e-01 9.961796998977661133e-01 -9.062933325767517090e-01 -9.677491784095764160e-01 5.572851896286010742e-01 8.106898665428161621e-01 -4.269879758358001709e-01 -3.919346034526824951e-01 9.281787872314453125e-01 -8.104935884475708008e-01 -9.701123237609863281e-01 5.277525782585144043e-01 -4.764231443405151367e-01 -9.704197645187377930e-01 -9.346616268157958984e-01 5.526226758956909180e-01
2.506110966205596924e-01 9.950867295265197754e-01 -8.780430555343627930e-01 -9.682316780090332031e-01 6.325346231460571289e-01 7.409451603889465332e-01 -3.497060835361480713e-01 -3.449012935161590576e-01 9.431140422821044922e-01 -8.115696310997009277e-01 -9.727769494056701660e-01 4.059981703758239746e-01 -5.187634229660034180e-01 -9.741494655609130859e-01 -9.107877016067504883e-01 5.365970134735107422e-01
3.540626764297485352e-01 9.928878545761108398e-01 -8.403776288032531738e-01 -9.659770727157592773e-01 6.991247534751892090e-01 6.473056674003601074e-01 -2.719956934452056885e-01 -3.014444708824157715e-01 9.523661732673645020e-01 -8.123705387115478516e-01 -9.728526473045349121e-01 2.646261453628540039e-01 -5.348558425903320312e-01 -9.769879579544067383e-01 -8.741699457168579102e-01 5.222358107566833496e-01
4.542835354804992676e-01 9.887419939041137695e-01 -7.919996976852416992e-01 -9.598200917243957520e-01 7.565783262252807617e-01 5.276723504066467285e-01 -1.938225626945495605e-01 -2.616148293018341064e-01 9.578775167465209961e-01 -8.115438222885131836e-01 -9.704493284225463867e-01 1.115778386592864990e-01 -5.247265696525573730e-01 -9.790346622467041016e-01 -8.191639780998229980e-01 5.092757940292358398e-01
5.457466244697570801e-01 9.809297323226928711e-01 -7.327897548675537109e-01 -9.477601647377014160e-01 8.045876026153564453e-01 3.849186897277832031e-01 -1.163634955883026123e-01 -2.252285927534103394e-01 9.608403444290161133e-01 -8.073063492774963379e-01 -9.654453992843627930e-01 -4.239172488451004028e-02 -4.870812892913818359e-01 -9.804043769836425781e-01 -7.391951084136962891e-01 4.975375533103942871e-01
6.241294145584106445e-01 9.661970734596252441e-01 -6.646153926849365234e-01 -9.268531799316406250e-01 8.431180715560913086e-01 2.289678901433944702e-01 -4.261730983853340149e-02 -1.919285207986831665e-01 9.618878960609436035e-01 -7.976500988006591797e-01 -9.575130343437194824e-01 -1.870566606521606445e-01 -4.198563098907470703e-01 -9.812116026878356934e-01 -6.295642852783203125e-01 4.869243502616882324e-01
6.871765255928039551e-01 9.390522241592407227e-01 -5.913621783256530762e-01 -8.935697078704833984e-01 8.725581169128417969e-01 7.427102327346801758e-02 2.276412770152091980e-02 -1.612363457679748535e-01 9.613386988639831543e-01 -7.806559801101684570e-01 -9.460712075233459473e-01 -3.156915903091430664e-01 -3.222846388816833496e-01 -9.815548658370971680e-01 -4.915845990180969238e-01 4.774004817008972168e-01
7.350866794586181641e-01 8.919047713279724121e-01 -5.177752375602722168e-01 -8.447813391685485840e-01 8.937057256698608398e-01 -6.648185104131698608e-02 7.466497272253036499e-02 -1.326356828212738037e-01 9.593623876571655273e-01 -7.547641396522521973e-01 -9.301089048385620117e-01 -4.257060289382934570e-01 -1.976232379674911499e-01 -9.814980030059814453e-01 -3.344377279281616211e-01 4.689572155475616455e-01
7.699120044708251953e-01 8.175428509712219238e-01 -4.477999806404113770e-01 -7.788606882095336914e-01 9.075593948364257812e-01 -1.868383288383483887e-01 1.093123555183410645e-01 -1.056820154190063477e-01 9.560300111770629883e-01 -7.188098430633544922e-01 -9.078652858734130859e-01 -5.174300074577331543e-01 -5.436095595359802246e-02 -9.810529947280883789e-01 -1.716802418231964111e-01 4.615934491157531738e-01
7.944296598434448242e-01 7.139945030212402344e-01 -3.836102187633514404e-01 -6.960568428039550781e-01 9.150463342666625977e-01 -2.863789498805999756e-01 1.257386058568954468e-01 -8.009321242570877075e-02 9.512869119644165039e-01 -6.719183921813964844e-01 -8.764221668243408203e-01 -5.925794243812561035e-01 9.536603838205337524e-02 -9.801675081253051758e-01 -1.526802405714988708e-02 4.553317725658416748e-01
8.112517595291137695e-01 5.878018736839294434e-01 -3.257644772529602051e-01 -5.980116128921508789e-01 9.168165922164916992e-01 -3.679952025413513184e-01 1.260367333889007568e-01 -5.579061433672904968e-02 9.449079632759094238e-01 -6.136801242828369141e-01 -8.313314914703369141e-01 -6.532419323921203613e-01 2.393055409193038940e-01 -9.787143468856811523e-01 1.276977062225341797e-01 4.502576887607574463e-01
8.224495053291320801e-01 4.513165056705474854e-01 -2.739749550819396973e-01 -4.869412481784820557e-01 9.130999445915222168e-01 -4.354077279567718506e-01 1.142359226942062378e-01 -3.291817754507064819e-02 9.364693164825439453e-01 -5.447935461997985840e-01 -7.665350437164306641e-01 -7.014176845550537109e-01 3.685849010944366455e-01 -9.764763116836547852e-01 2.545760273933410645e-01 4.465534090995788574e-01
8.295229077339172363e-01 3.164501786231994629e-01 -2.278026789426803589e-01 -3.648733794689178467e-01 9.035506248474121094e-01 -4.918684959411621094e-01 9.442798793315887451e-02 -1.188968308269977570e-02 9.253391027450561523e-01 -4.675896763801574707e-01 -6.750116348266601562e-01 -7.388570904731750488e-01 4.793258905410766602e-01 -9.731159806251525879e-01 3.653658628463745117e-01 4.445160329341888428e-01
8.335124254226684570e-01 1.908745765686035156e-01 -1.870037019252777100e-01 -2.332759201526641846e-01 8.870162963867187500e-01 -5.397883653640747070e-01 6.920392811298370361e-02 6.515669636428356171e-03 9.106958508491516113e-01 -3.857117593288421631e-01 -5.506899952888488770e-01 -7.670019865036010742e-01 5.719118714332580566e-01 -9.681160449981689453e-01 4.611740708351135254e-01 4.445669949054718018e-01
8.351498842239379883e-01 7.801187038421630859e-02 -1.516017615795135498e-01 -9.364231675863265991e-02 8.612334132194519043e-01 -5.807933211326599121e-01 3.918185085058212280e-02 2.104379236698150635e-02 8.916381001472473145e-01 -3.031475245952606201e-01 -3.920019268989562988e-01 -7.869650125503540039e-01 6.489683389663696289e-01 -9.606821537017822266e-01 5.433580279350280762e-01 4.472592771053314209e-01
8.350062966346740723e-01 -2.149268239736557007e-02 -1.218412369489669800e-01 5.084148421883583069e-02 8.226422071456909180e-01 -6.159132719039916992e-01 3.712145611643791199e-03 2.994706295430660248e-02 8.674997091293334961e-01 -2.233877778053283691e-01 -2.061030715703964233e-01 -7.995396852493286133e-01 7.133846879005432129e-01 -9.496349692344665527e-01 6.131359934806823730e-01 4.532649815082550049e-01
8.336031436920166016e-01 -1.084986627101898193e-01 -9.814523160457611084e-02 1.938473880290985107e-01 7.669372558593750000e-01 -6.458044648170471191e-01 -3.778193891048431396e-02 3.121616691350936890e-02 8.383971452713012695e-01 -1.491257995367050171e-01 -9.702995419502258301e-03 -8.052321672439575195e-01 7.671827077865600586e-01 -9.333876967430114746e-01 6.715017557144165039e-01 4.633091986179351807e-01
8.314467072486877441e-01 -1.845968067646026611e-01 -8.116102963685989380e-02 3.268858194351196289e-01 6.910688877105712891e-01 -6.709681749343872070e-01 -8.480166643857955933e-02 2.310541644692420959e-02 8.056344389915466309e-01 -8.236478269100189209e-02 1.773401200771331787e-01 -8.042676448822021484e-01 8.114843964576721191e-01 -9.101374149322509766e-01 7.193930745124816895e-01 4.780411124229431152e-01
8.289846777915954590e-01 -2.516149878501892090e-01 -7.183624804019927979e-02 4.426578879356384277e-01 5.959191918373107910e-01 -6.919063329696655273e-01 -1.359107941389083862e-01 4.650127142667770386e-03 7.713613510131835938e-01 -2.454742416739463806e-02 3.409609794616699219e-01 -7.965117692947387695e-01 8.471627235412597656e-01 -8.782631158828735352e-01 7.579307556152343750e-01 4.978881180286407471e-01
8.265494108200073242e-01 -3.112652599811553955e-01 -7.134333997964859009e-02 5.375278592109680176e-01 4.869720935821533203e-01 -7.091611623764038086e-01 -1.896567344665527344e-01 -2.417618781328201294e-02 7.376605868339538574e-01 2.349482476711273193e-02 4.759282469749450684e-01 -7.813372015953063965e-01 8.753323554992675781e-01 -8.367393016815185547e-01 7.884677052497863770e-01 5.229458808898925781e-01
8.243452906608581543e-01 -3.649506568908691406e-01 -8.082581311464309692e-02 6.113300323486328125e-01 3.719716668128967285e-01 -7.232664823532104492e-01 -2.451948821544647217e-01 -6.260028481483459473e-02 7.059342861175537109e-01 6.158584728837013245e-02 5.831600427627563477e-01 -7.575353980064392090e-01 8.973274230957031250e-01 -7.854068279266357422e-01 8.124324083328247070e-01 5.529128909111022949e-01
8.224722743034362793e-01 -4.137278199195861816e-01 -1.011514216661453247e-01 6.658285856246948242e-01 2.578878104686737061e-01 -7.346746325492858887e-01 -3.022390902042388916e-01 -1.092599779367446899e-01 6.768722534179687500e-01 9.006933867931365967e-02 6.662462949752807617e-01 -7.233039140701293945e-01 9.144604206085205078e-01 -7.250518798828125000e-01 8.311429023742675781e-01 5.870701074600219727e-01
8.209573626518249512e-01 -4.583501219749450684e-01 -1.327896565198898315e-01 7.033183574676513672e-01 1.493625193834304810e-01 -7.437036037445068359e-01 -3.606939911842346191e-01 -1.624179184436798096e-01 6.506757736206054688e-01 1.095826327800750732e-01 7.293553352355957031e-01 -6.762773990631103516e-01 9.278495311737060547e-01 -6.572899818420410156e-01 8.457007408142089844e-01 6.243202686309814453e-01
8.197811841964721680e-01 -4.993153810501098633e-01 -1.757813692092895508e-01 7.257619500160217285e-01 4.869138449430465698e-02 -7.505070567131042480e-01 -4.203289151191711426e-01 -2.201730012893676758e-01 6.272718310356140137e-01 1.208679229021072388e-01 7.763146162033081055e-01 -6.136037111282348633e-01 9.383676052093505859e-01 -5.843153595924377441e-01 8.569645881652832031e-01 6.632889509201049805e-01
8.188979625701904297e-01 -5.368735790252685547e-01 -2.297298014163970947e-01 7.343152165412902832e-01 -4.352247714996337891e-02 -7.550542950630187988e-01 -4.806187748908996582e-01 -2.806441485881805420e-01 6.064478754997253418e-01 1.246576756238937378e-01 8.102847933769226074e-01 -5.321381688117980957e-01 9.466637372970581055e-01 -5.086186528205871582e-01 8.655672073364257812e-01 7.024685740470886230e-01
8.182501792907714844e-01 -5.709589123725891113e-01 -2.937683463096618652e-01 7.290349006652832031e-01 -1.276646852493286133e-01 -7.571011781692504883e-01 -5.407329797744750977e-01 -3.420984745025634766e-01 5.879265666007995605e-01 1.216140389442443848e-01 8.336800336837768555e-01 -4.288955032825469971e-01 9.532084465026855469e-01 -4.327559769153594971e-01 8.719424009323120117e-01 7.403787374496459961e-01
8.177788257598876953e-01 -6.009948253631591797e-01 -3.664789199829101562e-01 7.086491584777832031e-01 -2.045666724443435669e-01 -7.561389803886413574e-01 -5.996096134185791016e-01 -4.030160307884216309e-01 5.714057683944702148e-01 1.122932285070419312e-01 8.481703996658325195e-01 -3.019302785396575928e-01 9.583371877670288086e-01 -3.592022061347961426e-01 8.763458132743835449e-01 7.757130861282348633e-01
8.174294233322143555e-01 -6.254775524139404297e-01 -4.457437992095947266e-01 6.704079508781433105e-01 -2.751260995864868164e-01 -7.513161897659301758e-01 -6.560578942298889160e-01 -4.620971679687500000e-01 5.565806627273559570e-01 9.710930287837982178e-02 8.546868562698364258e-01 -1.517445445060729980e-01 9.622840285301208496e-01 -2.902869284152984619e-01 8.788595795631408691e-01 8.074474930763244629e-01
8.171548247337341309e-01 -6.412067413330078125e-01 -5.285564661026000977e-01 6.102637052536010742e-01 -3.400466442108154297e-01 -7.413460016250610352e-01 -7.088645696640014648e-01 -5.182314515113830566e-01 5.431571602821350098e-01 7.627587020397186279e-02 8.533805608749389648e-01 1.701873540878295898e-02 9.652044773101806641e-01 -2.282003909349441528e-01 8.793756961822509766e-01 8.348953127861022949e-01
8.169151544570922852e-01 -6.421290040016174316e-01 -6.109353303909301758e-01 5.239481329917907715e-01 -3.996939063072204590e-01 -7.244466543197631836e-01 -7.569153308868408203e-01 -5.704610347747802734e-01 5.308617353439331055e-01 4.970995709300041199e-02 8.434942364692687988e-01 1.945227682590484619e-01 9.671912789344787598e-01 -1.750638931989669800e-01 8.775543570518493652e-01 8.577077388763427734e-01
8.166729807853698730e-01 -6.183210611343383789e-01 -6.882330775260925293e-01 4.094845056533813477e-01 -4.541150033473968506e-01 -6.983935832977294922e-01 -7.993571758270263672e-01 -6.179814934730529785e-01 5.194538235664367676e-01 1.690482348203659058e-02 8.230947852134704590e-01 3.667721152305603027e-01 9.682877063751220703e-01 -1.330687552690505981e-01 8.727469444274902344e-01 8.758312463760375977e-01
