7.306755185127258301e-01 -5.673596858978271484e-01 -7.212545275688171387e-01 2.360536158084869385e-01 -4.995132088661193848e-01 -5.533483624458312988e-01 -7.560918331146240234e-01 -6.758817434310913086e-01 5.188734531402587891e-01 -2.050797492265701294e-01 7.271313667297363281e-01 5.280854701995849609e-01 9.594141244888305664e-01 1.171524971723556519e-01 8.651593327522277832e-01 7.251961827278137207e-01
7.312659025192260742e-01 -4.456505179405212402e-01 -7.828778028488159180e-01 6.433162093162536621e-02 -5.480802655220031738e-01 -4.908222556114196777e-01 -8.095582723617553711e-01 -6.994581222534179688e-01 5.044913291931152344e-01 -2.238821089267730713e-01 6.504781842231750488e-01 6.748765707015991211e-01 9.584013223648071289e-01 9.303884953260421753e-02 8.582556843757629395e-01 7.474166154861450195e-01
7.316760420799255371e-01 -2.699171006679534912e-01 -8.337110280990600586e-01 -1.036783158779144287e-01 -5.949090719223022461e-01 -4.126079678535461426e-01 -8.488115072250366211e-01 -7.201256155967712402e-01 4.908947646617889404e-01 -2.597332000732421875e-01 5.444025397300720215e-01 7.757633924484252930e-01 9.559257030487060547e-01 5.481330677866935730e-02 8.457916975021362305e-01 7.606928348541259766e-01
7.316548824310302734e-01 -6.023506820201873779e-02 -8.720262050628662109e-01 -2.565718889236450195e-01 -6.366038322448730469e-01 -3.202079832553863525e-01 -8.781131505966186523e-01 -7.364513874053955078e-01 4.784289002418518066e-01 -3.120248019695281982e-01 4.053845703601837158e-01 8.375977873802185059e-01 9.519130587577819824e-01 -1.805145293474197388e-03 8.245887160301208496e-01 7.666007876396179199e-01
7.307394146919250488e-01 1.549875289201736450e-01 -8.994035124778747559e-01 -3.896911740303039551e-01 -6.700545549392700195e-01 -2.160313725471496582e-01 -8.994013071060180664e-01 -7.471454143524169922e-01 4.676899909973144531e-01 -3.771727681159973145e-01 2.401153147220611572e-01 8.713231086730957031e-01 9.460173845291137695e-01 -7.959438115358352661e-02 7.900259494781494141e-01 7.665507793426513672e-01
7.281929850578308105e-01 3.525353074073791504e-01 -9.185690879821777344e-01 -5.029760003089904785e-01 -6.923422813415527344e-01 -1.030450910329818726e-01 -9.137511849403381348e-01 -7.510675191879272461e-01 4.595052003860473633e-01 -4.493231475353240967e-01 6.337898969650268555e-02 8.868479728698730469e-01 9.374833106994628906e-01 -1.777859777212142944e-01 7.362415194511413574e-01 7.618392109870910645e-01
7.229534983634948730e-01 5.198104381561279297e-01 -9.320404529571533203e-01 -5.982560515403747559e-01 -7.007761001586914062e-01 1.553998887538909912e-02 -9.219796657562255859e-01 -7.475399374961853027e-01 4.548090100288391113e-01 -5.220709443092346191e-01 -1.099863499402999878e-01 8.911492824554443359e-01 9.250627160072326660e-01 -2.908994257450103760e-01 6.568530797958374023e-01 7.536007165908813477e-01
7.135581374168395996e-01 6.533024311065673828e-01 -9.416655302047729492e-01 -6.777415275573730469e-01 -6.926410198211669922e-01 1.365844756364822388e-01 -9.247900247573852539e-01 -7.366020679473876953e-01 4.544934332370758057e-01 -5.899961590766906738e-01 -2.700574994087219238e-01 8.885959386825561523e-01 9.068822860717773438e-01 -4.097835421562194824e-01 5.460946559906005859e-01 7.426644563674926758e-01
6.979959607124328613e-01 7.551217079162597656e-01 -9.486334323883056641e-01 -7.434880733489990234e-01 -6.649554967880249023e-01 2.573023736476898193e-01 -9.227057695388793945e-01 -7.190781831741333008e-01 4.594025611877441406e-01 -6.494561433792114258e-01 -4.118958711624145508e-01 8.819139599800109863e-01 8.801956176757812500e-01 -5.245325565338134766e-01 4.003283679485321045e-01 7.294420599937438965e-01
6.734753847122192383e-01 8.300679922103881836e-01 -9.536418914794921875e-01 -7.972999215126037598e-01 -6.146314740180969238e-01 3.753282427787780762e-01 -9.159517288208007812e-01 -6.964157819747924805e-01 4.704751968383789062e-01 -6.986777782440185547e-01 -5.338693261146545410e-01 8.729038834571838379e-01 8.410419821739196777e-01 -6.274065971374511719e-01 2.199601531028747559e-01 7.139556407928466797e-01
6.361967325210571289e-01 8.836904764175415039e-01 -9.570636749267578125e-01 -8.407743573188781738e-01 -5.391954779624938965e-01 4.884783029556274414e-01 -9.043292999267578125e-01 -6.702688932418823242e-01 4.889093637466430664e-01 -7.373987436294555664e-01 -6.361868381500244141e-01 8.626797795295715332e-01 7.840075492858886719e-01 -7.142096757888793945e-01 1.157945394515991211e-02 6.960219740867614746e-01
5.814329981803894043e-01 9.211901426315307617e-01 -9.590575695037841797e-01 -8.753647208213806152e-01 -4.380280971527099609e-01 5.943042039871215820e-01 -8.870919942855834961e-01 -6.419080495834350586e-01 5.162250399589538574e-01 -7.663275003433227539e-01 -7.200234532356262207e-01 8.515878319740295410e-01 7.026540637016296387e-01 -7.840129733085632324e-01 -2.105631828308105469e-01 6.755458712577819824e-01
5.045741200447082520e-01 9.469246864318847656e-01 -9.596250057220458984e-01 -9.024204015731811523e-01 -3.137759864330291748e-01 6.897000670433044434e-01 -8.628548383712768555e-01 -6.116583943367004395e-01 5.540836453437805176e-01 -7.866276502609252930e-01 -7.870894074440002441e-01 8.390862345695495605e-01 5.915700197219848633e-01 -8.380573987960815430e-01 -4.255861341953277588e-01 6.527912616729736328e-01
4.040971100330352783e-01 9.642950296401977539e-01 -9.586414098739624023e-01 -9.231986403465270996e-01 -1.730576753616333008e-01 7.709354162216186523e-01 -8.296338319778442383e-01 -5.786541104316711426e-01 6.036370396614074707e-01 -7.995380759239196777e-01 -8.394368886947631836e-01 8.237795829772949219e-01 4.503023326396942139e-01 -8.786520957946777344e-01 -6.112008094787597656e-01 6.284183859825134277e-01
2.867538332939147949e-01 9.758298397064208984e-01 -9.558838009834289551e-01 -9.388550519943237305e-01 -2.538076788187026978e-02 8.343929052352905273e-01 -7.851878404617309570e-01 -5.411784648895263672e-01 6.642141938209533691e-01 -8.061815500259399414e-01 -8.793320059776306152e-01 8.035999536514282227e-01 2.865795493125915527e-01 -9.084303975105285645e-01 -7.518682479858398438e-01 6.032409667968750000e-01
1.717804819345474243e-01 9.833436012268066406e-01 -9.510329365730285645e-01 -9.504151940345764160e-01 1.197272837162017822e-01 8.777326345443725586e-01 -7.278512120246887207e-01 -4.976282119750976562e-01 7.317779064178466797e-01 -8.075985908508300781e-01 -9.090752601623535156e-01 7.759097814559936523e-01 1.146873384714126587e-01 -9.299427866935729980e-01 -8.444744348526000977e-01 5.779703855514526367e-01
8.624488860368728638e-02 9.880988597869873047e-01 -9.435734152793884277e-01 -9.587314128875732422e-01 2.554856538772583008e-01 9.005150198936462402e-01 -6.577540636062622070e-01 -4.476739466190338135e-01 7.987688779830932617e-01 -8.050000071525573730e-01 -9.307698607444763184e-01 7.373142838478088379e-01 -5.043347924947738647e-02 -9.454294443130493164e-01 -8.967304229736328125e-01 5.531898736953735352e-01
4.955492541193962097e-02 9.909404516220092773e-01 -9.325834512710571289e-01 -9.644383788108825684e-01 3.784675002098083496e-01 9.035375118255615234e-01 -5.775486826896667480e-01 -3.927997648715972900e-01 8.567798137664794922e-01 -8.000200986862182617e-01 -9.461522102355957031e-01 6.834912300109863281e-01 -1.980131715536117554e-01 -9.566718339920043945e-01 -9.202704429626464844e-01 5.294483900070190430e-01
6.248830258846282959e-02 9.923927187919616699e-01 -9.166038036346435547e-01 -9.679149389266967773e-01 4.873919188976287842e-01 8.873285055160522461e-01 -4.914785623550415039e-01 -3.357038795948028564e-01 9.005441665649414062e-01 -7.945480942726135254e-01 -9.565591216087341309e-01 6.098688840866088867e-01 -3.224185705184936523e-01 -9.649288654327392578e-01 -9.245870113372802734e-01 5.072230696678161621e-01
1.126580387353897095e-01 9.927150011062622070e-01 -8.937343955039978027e-01 -9.692447781562805176e-01 5.820152163505554199e-01 8.509092330932617188e-01 -4.033504128456115723e-01 -2.791187763214111328e-01 9.296832084655761719e-01 -7.900775671005249023e-01 -9.629709720611572266e-01 5.133198499679565430e-01 -4.217383861541748047e-01 -9.710025787353515625e-01 -9.147686362266540527e-01 4.867753684520721436e-01
1.856891512870788574e-01 9.919057488441467285e-01 -8.618584871292114258e-01 -9.681472182273864746e-01 6.627466678619384766e-01 7.914499640464782715e-01 -3.153629302978515625e-01 -2.250550985336303711e-01 9.471920728683471680e-01 -7.871159315109252930e-01 -9.660495519638061523e-01 3.939638733863830566e-01 -4.960201382637023926e-01 -9.753987193107604980e-01 -8.917119503021240234e-01 4.681235551834106445e-01
2.704063057899475098e-01 9.896295070648193359e-01 -8.189319968223571777e-01 -9.638383388519287109e-01 7.304159402847290039e-01 7.049846649169921875e-01 -2.283780276775360107e-01 -1.747000068426132202e-01 9.568659067153930664e-01 -7.850334644317626953e-01 -9.661570787429809570e-01 2.562513947486877441e-01 -5.458152294158935547e-01 -9.784703254699707031e-01 -8.528001308441162109e-01 4.511466026306152344e-01
3.586999773979187012e-01 9.850159883499145508e-01 -7.635086774826049805e-01 -9.547917246818542480e-01 7.860025167465209961e-01 5.885848999023437500e-01 -1.428590416908264160e-01 -1.286005079746246338e-01 9.616748690605163574e-01 -7.822175025939941406e-01 -9.633786678314208984e-01 1.087178960442543030e-01 -5.709637403488159180e-01 -9.804922938346862793e-01 -7.924639582633972168e-01 4.357006251811981201e-01
4.441733956336975098e-01 9.762483239173889160e-01 -6.955915689468383789e-01 -9.384366273880004883e-01 8.305141925811767578e-01 4.440467357635498047e-01 -5.981239303946495056e-02 -8.684673905372619629e-02 9.633714556694030762e-01 -7.763363122940063477e-01 -9.575473666191101074e-01 -3.815808147192001343e-02 -5.696139931678771973e-01 -9.816866517066955566e-01 -7.033963203430175781e-01 4.216898083686828613e-01
5.215606093406677246e-01 9.598833322525024414e-01 -6.174329519271850586e-01 -9.110087752342224121e-01 8.650331497192382812e-01 2.809041142463684082e-01 1.854142919182777405e-02 -4.918239265680313110e-02 9.627540707588195801e-01 -7.646855115890502930e-01 -9.482437968254089355e-01 -1.752231419086456299e-01 -5.378407239913940430e-01 -9.822273254394531250e-01 -5.798654556274414062e-01 4.090941250324249268e-01
5.871133804321289062e-01 9.301458597183227539e-01 -5.335566401481628418e-01 -8.680123686790466309e-01 8.907675147056579590e-01 1.148410141468048096e-01 8.852058649063110352e-02 -1.508595421910285950e-02 9.600704312324523926e-01 -7.446101903915405273e-01 -9.347049593925476074e-01 -2.969012856483459473e-01 -4.706495404243469238e-01 -9.822378158569335938e-01 -4.233614504337310791e-01 3.979556858539581299e-01
6.392693519592285156e-01 8.792952299118041992e-01 -4.496214389801025391e-01 -8.056233525276184082e-01 9.089838266372680664e-01 -3.876696527004241943e-02 1.453559994697570801e-01 1.609776169061660767e-02 9.553167819976806641e-01 -7.138603925704956055e-01 -9.155629873275756836e-01 -4.013212621212005615e-01 -3.649277985095977783e-01 -9.817847013473510742e-01 -2.464701533317565918e-01 3.883269131183624268e-01
6.786947846412658691e-01 8.008555173873901367e-01 -3.706604838371276855e-01 -7.224358320236206055e-01 9.208275079727172852e-01 -1.706823855638504028e-01 1.843413114547729492e-01 4.495079815387725830e-02 9.483795762062072754e-01 -6.707642078399658203e-01 -8.883746862411499023e-01 -4.891049265861511230e-01 -2.233938425779342651e-01 -9.808636307716369629e-01 -6.884551048278808594e-02 3.802216053009033203e-01
7.074401378631591797e-01 6.950553059577941895e-01 -2.998184561729431152e-01 -6.202085018157958984e-01 9.271116256713867188e-01 -2.787564694881439209e-01 2.025394141674041748e-01 7.176373898983001709e-02 9.390421509742736816e-01 -6.144205331802368164e-01 -8.490236401557922363e-01 -5.620012283325195312e-01 -5.688559636473655701e-02 -9.793784618377685547e-01 9.267809242010116577e-02 3.736327886581420898e-01
7.278497815132141113e-01 5.706996321678161621e-01 -2.382207810878753662e-01 -5.030990242958068848e-01 9.281570911407470703e-01 -3.654191792011260986e-01 2.003024518489837646e-01 9.639122337102890015e-02 9.269152879714965820e-01 -5.452777147293090820e-01 -7.913315892219543457e-01 -6.219463944435119629e-01 1.175253540277481079e-01 -9.771128892898559570e-01 2.302830517292022705e-01 3.686169385910034180e-01
7.419105172157287598e-01 4.401367604732513428e-01 -1.855986416339874268e-01 -3.760161101818084717e-01 9.237074851989746094e-01 -4.348670840263366699e-01 1.815494894981384277e-01 1.182110831141471863e-01 9.113563299179077148e-01 -4.658583998680114746e-01 -7.076077461242675781e-01 -6.706060171127319336e-01 2.823053598403930664e-01 -9.736927747726440430e-01 3.440242409706115723e-01 3.653772175312042236e-01
7.511177062988281250e-01 3.131225407123565674e-01 -1.410029530525207520e-01 -2.429693192243576050e-01 9.128818511962890625e-01 -4.912959337234497070e-01 1.522044241428375244e-01 1.361636668443679810e-01 8.914285898208618164e-01 -3.806259632110595703e-01 -5.910391211509704590e-01 -7.092573046684265137e-01 4.253996610641479492e-01 -9.685288667678833008e-01 4.375547766685485840e-01 3.642907142639160156e-01
7.565956115722656250e-01 1.949330866336822510e-01 -1.033239439129829407e-01 -1.064980179071426392e-01 8.941129446029663086e-01 -5.380804538726806641e-01 1.176502406597137451e-01 1.488414406776428223e-01 8.659913539886474609e-01 -2.946689724922180176e-01 -4.399509727954864502e-01 -7.388641834259033203e-01 5.424957275390625000e-01 -9.607268571853637695e-01 5.149033665657043457e-01 3.658792078495025635e-01
7.592597603797912598e-01 8.749230951070785522e-02 -7.159244269132614136e-02 3.113940358161926270e-02 8.651085495948791504e-01 -5.775547027587890625e-01 8.107537031173706055e-02 1.546539664268493652e-01 8.340674042701721191e-01 -2.122023701667785645e-01 -2.617236971855163574e-01 -7.602183818817138672e-01 6.352090835571289062e-01 -9.489818215370178223e-01 5.792071223258972168e-01 3.707457482814788818e-01
7.599309086799621582e-01 -9.131453931331634521e-03 -4.512113332748413086e-02 1.661195904016494751e-01 8.231048583984375000e-01 -6.111688613891601562e-01 4.364757612347602844e-02 1.521388292312622070e-01 7.955105900764465332e-01 -1.359081864356994629e-01 -7.229881733655929565e-02 -7.740367650985717773e-01 7.077087163925170898e-01 -9.315385818481445312e-01 6.326421499252319336e-01 3.794906139373779297e-01
7.593601346015930176e-01 -9.576463699340820312e-02 -2.359707653522491455e-02 2.928457856178283691e-01 7.657481431961059570e-01 -6.398243904113769531e-01 5.626451224088668823e-03 1.403607279062271118e-01 7.515646219253540039e-01 -6.718841195106506348e-02 1.102419495582580566e-01 -7.809456586837768555e-01 7.642592191696166992e-01 -9.063327312469482422e-01 6.767835617065429688e-01 3.926214873790740967e-01
7.581779956817626953e-01 -1.735875308513641357e-01 -7.164356298744678497e-03 4.058840870857238770e-01 6.923831701278686523e-01 -6.641786098480224609e-01 -3.294536843895912170e-02 1.191317439079284668e-01 7.046547532081604004e-01 -6.723891943693161011e-03 2.729716300964355469e-01 -7.813490629196166992e-01 8.083617091178894043e-01 -8.713300228118896484e-01 7.129609584808349609e-01 4.104886054992675781e-01
7.568425536155700684e-01 -2.438076436519622803e-01 3.581416327506303787e-03 5.019151568412780762e-01 6.047838926315307617e-01 -6.847995519638061523e-01 -7.226878404617309570e-02 8.889418840408325195e-02 6.574613451957702637e-01 4.518721625208854675e-02 4.104639887809753418e-01 -7.752558588981628418e-01 8.427908420562744141e-01 -8.249371051788330078e-01 7.424211502075195312e-01 4.332611858844757080e-01
7.556378245353698730e-01 -3.074805140495300293e-01 7.717057131230831146e-03 5.801014304161071777e-01 5.066611766815185547e-01 -7.021946907043457031e-01 -1.129677742719650269e-01 5.044262111186981201e-02 6.120956540107727051e-01 8.853852748870849609e-02 5.227587223052978516e-01 -7.621458172798156738e-01 8.697700500488281250e-01 -7.663456201553344727e-01 7.663273811340332031e-01 4.609206318855285645e-01
7.547107338905334473e-01 -3.654502034187316895e-01 4.147968720644712448e-03 6.413193345069885254e-01 4.023911654949188232e-01 -7.167877554893493652e-01 -1.560271084308624268e-01 4.714805632829666138e-03 5.698499679565429688e-01 1.235671043395996094e-01 6.125268936157226562e-01 -7.408800721168518066e-01 8.910629749298095703e-01 -6.957492828369140625e-01 7.857104539871215820e-01 4.932405650615692139e-01
7.541140913963317871e-01 -4.183594584465026855e-01 -8.286149241030216217e-03 6.872093677520751953e-01 2.958698868751525879e-01 -7.288896441459655762e-01 -2.025308907032012939e-01 -4.729675129055976868e-02 5.313397049903869629e-01 1.506653875112533569e-01 6.832032203674316406e-01 -7.096128463745117188e-01 9.080291390419006348e-01 -6.144054532051086426e-01 8.014384508132934570e-01 5.297459363937377930e-01
7.538409233093261719e-01 -4.666780233383178711e-01 -3.076635301113128662e-02 7.194652557373046875e-01 1.899604201316833496e-01 -7.386745810508728027e-01 -2.533783018589019775e-01 -1.045617163181304932e-01 4.967349767684936523e-01 1.702849268913269043e-01 7.380914092063903809e-01 -6.656764149665832520e-01 9.216855764389038086e-01 -5.245299339294433594e-01 8.142142295837402344e-01 5.696672797203063965e-01
7.538487315177917480e-01 -5.107142925262451172e-01 -6.447527557611465454e-02 7.393690347671508789e-01 8.645792305469512939e-02 -7.461567521095275879e-01 -3.090792894363403320e-01 -1.660054028034210205e-01 4.659433960914611816e-01 1.828635334968566895e-01 7.800201177597045898e-01 -6.054595112800598145e-01 9.327744245529174805e-01 -4.290509521961212158e-01 8.245902657508850098e-01 6.119166016578674316e-01
7.540771961212158203e-01 -5.505800843238830566e-01 -1.105597615242004395e-01 7.474538683891296387e-01 -1.368951052427291870e-02 -7.511551976203918457e-01 -3.696478605270385742e-01 -2.305026650428771973e-01 4.387240111827850342e-01 1.887793987989425659e-01 8.112396001815795898e-01 -5.243798494338989258e-01 9.418276548385620117e-01 -3.312826156616210938e-01 8.329880237579345703e-01 6.551133394241333008e-01
7.544604539871215820e-01 -5.860645174980163574e-01 -1.700257956981658936e-01 7.431672215461730957e-01 -1.101014167070388794e-01 -7.532305121421813965e-01 -4.345652461051940918e-01 -2.968807816505432129e-01 4.147541821002960205e-01 1.883215457201004028e-01 8.333994746208190918e-01 -4.171861410140991211e-01 9.492205381393432617e-01 -2.345902025699615479e-01 8.397144079208374023e-01 6.976782083511352539e-01
7.549363374710083008e-01 -6.163192987442016602e-01 -2.434872388839721680e-01 7.244332432746887207e-01 -2.027032375335693359e-01 -7.515738606452941895e-01 -5.027676224708557129e-01 -3.639284372329711914e-01 3.936695754528045654e-01 1.816626340150833130e-01 8.475250005722045898e-01 -2.790393829345703125e-01 9.552138447761535645e-01 -1.421122699975967407e-01 8.449707627296447754e-01 7.379899024963378906e-01
7.554513216018676758e-01 -6.391476988792419434e-01 -3.306386768817901611e-01 6.871076822280883789e-01 -2.914766073226928711e-01 -7.448326349258422852e-01 -5.726134181022644043e-01 -4.303955435752868652e-01 3.750887811183929443e-01 1.688171178102493286e-01 8.539386987686157227e-01 -1.079851016402244568e-01 9.599820375442504883e-01 -5.658283084630966187e-02 8.488492965698242188e-01 7.745677232742309570e-01
7.559638619422912598e-01 -6.495376825332641602e-01 -4.293294847011566162e-01 6.246807575225830078e-01 -3.762022256851196289e-01 -7.309013009071350098e-01 -6.418333053588867188e-01 -4.949643611907958984e-01 3.586307466030120850e-01 1.495547592639923096e-01 8.520734310150146484e-01 9.103956073522567749e-02 9.636310338973999023e-01 1.973011344671249390e-02 8.513133525848388672e-01 8.062283992767333984e-01
7.564443945884704590e-01 -6.372879147529602051e-01 -5.344312191009521484e-01 5.295168757438659668e-01 -4.562551081180572510e-01 -7.068443894386291504e-01 -7.076001167297363281e-01 -5.562036037445068359e-01 3.439298570156097412e-01 1.232263669371604919e-01 8.401059508323669434e-01 3.026122152805328369e-01 9.662079811096191406e-01 8.495475351810455322e-02 8.521559238433837891e-01 8.321728706359863281e-01
7.568711042404174805e-01 -5.856275558471679688e-01 -6.375284194946289062e-01 3.976704180240631104e-01 -5.306367278099060059e-01 -6.692995429039001465e-01 -7.669796347618103027e-01 -6.126020550727844238e-01 3.306558430194854736e-01 8.849529176950454712e-02 8.143266439437866211e-01 5.024337172508239746e-01 9.677156805992126465e-01 1.373650431632995605e-01 8.509258031845092773e-01 8.519926071166992188e-01
