1.295603513717651367e-01 9.680052399635314941e-01
2.506289184093475342e-01 9.594814181327819824e-01
3.677403330802917480e-01 9.330316185951232910e-01
4.803333580493927002e-01 8.881125450134277344e-01
5.861930847167968750e-01 8.243293166160583496e-01
6.823660135269165039e-01 7.435171604156494141e-01
7.673411369323730469e-01 6.494645476341247559e-01
8.418030738830566406e-01 5.459112524986267090e-01
9.067823886871337891e-01 4.352177381515502930e-01
9.611843824386596680e-01 3.182646632194519043e-01
1.001359820365905762e+00 1.953266710042953491e-01
1.023280501365661621e+00 6.744451820850372314e-02
1.024958491325378418e+00 -6.276308000087738037e-02
1.006663799285888672e+00 -1.918365508317947388e-01
9.695219993591308594e-01 -3.169850111007690430e-01
9.149432182312011719e-01 -4.363583326339721680e-01
8.453655242919921875e-01 -5.480968356132507324e-01
7.640913724899291992e-01 -6.500580310821533203e-01
6.737232208251953125e-01 -7.406144738197326660e-01
5.752202272415161133e-01 -8.191621303558349609e-01
4.683419764041900635e-01 -8.857296109199523926e-01
3.527461588382720947e-01 -9.401585459709167480e-01
2.290457189083099365e-01 -9.814367890357971191e-01
9.941709041595458984e-02 -1.007575273513793945e+00
-3.249597549438476562e-02 -1.016186594963073730e+00
-1.623873561620712280e-01 -1.005557894706726074e+00
-2.864849865436553955e-01 -9.756797552108764648e-01
-4.024510383605957031e-01 -9.285384416580200195e-01
-5.093206763267517090e-01 -8.673086166381835938e-01
-6.068078279495239258e-01 -7.949209213256835938e-01
-6.949838399887084961e-01 -7.129236459732055664e-01
-7.743302583694458008e-01 -6.211327910423278809e-01
-8.453624248504638672e-01 -5.181066393852233887e-01
-9.076671600341796875e-01 -4.025158286094665527e-01
-9.589852094650268555e-01 -2.751732468605041504e-01
-9.953472614288330078e-01 -1.403177529573440552e-01
-1.012846589088439941e+00 -4.415858536958694458e-03
-1.009711980819702148e+00 1.266653537750244141e-01
-9.867020845413208008e-01 2.493721097707748413e-01
-9.460260868072509766e-01 3.623718023300170898e-01
-8.902127742767333984e-01 4.657441377639770508e-01
-8.215312957763671875e-01 5.602144598960876465e-01
-7.418229579925537109e-01 6.466197371482849121e-01
-6.525022983551025391e-01 7.255938649177551270e-01
-5.546361207962036133e-01 7.973938584327697754e-01
-4.491067230701446533e-01 8.617819547653198242e-01
-3.368846476078033447e-01 9.179086685180664062e-01
-2.193606197834014893e-01 9.642376303672790527e-01
-9.853474795818328857e-02 9.986836314201354980e-01
2.321191132068634033e-02 1.019155144691467285e+00
