1.690633445978164673e-01 8.867998719215393066e-01
3.034150004386901855e-01 8.825812935829162598e-01
4.307937622070312500e-01 8.575901389122009277e-01
5.478405952453613281e-01 8.131182789802551270e-01
6.506018638610839844e-01 7.516596913337707520e-01
7.363257408142089844e-01 6.773167252540588379e-01
8.047956824302673340e-01 5.944729447364807129e-01
8.580903410911560059e-01 5.064770579338073730e-01
8.992167711257934570e-01 4.150803983211517334e-01
9.306158423423767090e-01 3.203752338886260986e-01
9.531319737434387207e-01 2.210851460695266724e-01
9.656427502632141113e-01 1.152440756559371948e-01
9.654309153556823730e-01 1.320924609899520874e-03
9.492878317832946777e-01 -1.204193830490112305e-01
9.149625897407531738e-01 -2.471426874399185181e-01
8.621948361396789551e-01 -3.741132915019989014e-01
7.928483486175537109e-01 -4.962704479694366455e-01
7.102270126342773438e-01 -6.094147562980651855e-01
6.176807880401611328e-01 -7.107834219932556152e-01
5.171738266944885254e-01 -7.991909980773925781e-01
4.090232253074645996e-01 -8.744772076606750488e-01
2.928233146667480469e-01 -9.364764094352722168e-01
1.686200648546218872e-01 -9.842096567153930664e-01
3.772155940532684326e-02 -1.015741705894470215e+00
-9.697358310222625732e-02 -1.028607368469238281e+00
-2.311825901269912720e-01 -1.020474672317504883e+00
-3.600761294364929199e-01 -9.899004697799682617e-01
-4.794456958770751953e-01 -9.370954036712646484e-01
-5.864651799201965332e-01 -8.642693758010864258e-01
-6.799429059028625488e-01 -7.751856446266174316e-01
-7.604196667671203613e-01 -6.739943027496337891e-01
-8.295803666114807129e-01 -5.639474987983703613e-01
-8.887186646461486816e-01 -4.470641911029815674e-01
-9.373301863670349121e-01 -3.251604139804840088e-01
-9.730817675590515137e-01 -2.010488361120223999e-01
-9.932453036308288574e-01 -7.834105938673019409e-02
-9.962482452392578125e-01 3.987076506018638611e-02
-9.820722937583923340e-01 1.519081294536590576e-01
-9.516987204551696777e-01 2.574362456798553467e-01
-9.064363837242126465e-01 3.569497764110565186e-01
-8.475249409675598145e-01 4.512795507907867432e-01
-7.759718298912048340e-01 5.412502884864807129e-01
-6.924932003021240234e-01 6.274740695953369141e-01
-5.974775552749633789e-01 7.102358937263488770e-01
-4.909846782684326172e-01 7.894098162651062012e-01
-3.728744983673095703e-01 8.643194437026977539e-01
-2.432166486978530884e-01 9.334486126899719238e-01
-1.030307859182357788e-01 9.940214753150939941e-01
4.502964019775390625e-02 1.041860699653625488e+00
1.968156844377517700e-01 1.072299122810363770e+00
