-5.089263319969177246e-01 9.038314223289489746e-01
-3.253776133060455322e-01 1.050088763236999512e+00
-1.320338547229766846e-01 1.183685541152954102e+00
7.022143155336380005e-02 1.304702758789062500e+00
2.739369869232177734e-01 1.408730387687683105e+00
4.725521206855773926e-01 1.490474581718444824e+00
6.653385758399963379e-01 1.547955632209777832e+00
8.478035926818847656e-01 1.579843282699584961e+00
1.013389587402343750e+00 1.583047032356262207e+00
1.159003734588623047e+00 1.555715322494506836e+00
1.283637523651123047e+00 1.501656889915466309e+00
1.387998223304748535e+00 1.426426291465759277e+00
1.473016977310180664e+00 1.333230853080749512e+00
1.537115573883056641e+00 1.221983075141906738e+00
1.575421690940856934e+00 1.089803099632263184e+00
1.583342075347900391e+00 9.343838691711425781e-01
1.561715960502624512e+00 7.585036754608154297e-01
1.515616178512573242e+00 5.691505670547485352e-01
1.448988318443298340e+00 3.729053735733032227e-01
1.362607359886169434e+00 1.738793849945068359e-01
1.254814624786376953e+00 -2.572294138371944427e-02
1.122874021530151367e+00 -2.246438711881637573e-01
9.665942192077636719e-01 -4.214612245559692383e-01
7.922755479812622070e-01 -6.131647229194641113e-01
6.090070605278015137e-01 -7.956045269966125488e-01
4.214928150177001953e-01 -9.645974636077880859e-01
2.280622422695159912e-01 -1.117270231246948242e+00
2.667751163244247437e-02 -1.252405285835266113e+00
-1.778574585914611816e-01 -1.366941332817077637e+00
-3.778088986873626709e-01 -1.456815004348754883e+00
-5.685650706291198730e-01 -1.521414399147033691e+00
-7.519019842147827148e-01 -1.562710046768188477e+00
-9.285241365432739258e-01 -1.580650687217712402e+00
-1.090572118759155273e+00 -1.571635961532592773e+00
-1.229441404342651367e+00 -1.534478545188903809e+00
-1.342747569084167480e+00 -1.472127079963684082e+00
-1.432532787322998047e+00 -1.388075709342956543e+00
-1.501555442810058594e+00 -1.283996582031250000e+00
-1.550850152969360352e+00 -1.159592509269714355e+00
-1.578624486923217773e+00 -1.013915419578552246e+00
-1.580742835998535156e+00 -8.474776148796081543e-01
-1.553421020507812500e+00 -6.640434265136718750e-01
-1.496442914009094238e+00 -4.701710343360900879e-01
-1.412986636161804199e+00 -2.718731164932250977e-01
-1.306688070297241211e+00 -7.201374322175979614e-02
-1.180317044258117676e+00 1.284032016992568970e-01
-1.036599755287170410e+00 3.273440599441528320e-01
-8.791014552116394043e-01 5.205557942390441895e-01
-7.117609977722167969e-01 7.029035091400146484e-01
-5.370585322380065918e-01 8.708931207656860352e-01
