-5.145173668861389160e-01 8.863639235496520996e-01
-3.266755342483520508e-01 1.042950868606567383e+00
-1.307526528835296631e-01 1.183281540870666504e+00
7.300443202257156372e-02 1.307859301567077637e+00
2.780017554759979248e-01 1.413264870643615723e+00
4.763082563877105713e-01 1.494476675987243652e+00
6.660524010658264160e-01 1.549747705459594727e+00
8.457272052764892578e-01 1.579486012458801270e+00
1.010252475738525391e+00 1.582005381584167480e+00
1.156147122383117676e+00 1.555439591407775879e+00
1.282056331634521484e+00 1.502346992492675781e+00
1.387791037559509277e+00 1.427610158920288086e+00
1.473353147506713867e+00 1.334326863288879395e+00
1.537111282348632812e+00 1.222649693489074707e+00
1.575163602828979492e+00 1.090402126312255859e+00
1.583732962608337402e+00 9.356688857078552246e-01
1.563018560409545898e+00 7.603579759597778320e-01
1.517141222953796387e+00 5.704642534255981445e-01
1.450059175491333008e+00 3.728116452693939209e-01
1.363070964813232422e+00 1.725633144378662109e-01
1.255094051361083984e+00 -2.723576873540878296e-02
1.123618721961975098e+00 -2.253065705299377441e-01
9.676947593688964844e-01 -4.210706353187561035e-01
7.929128408432006836e-01 -6.122972965240478516e-01
6.089388132095336914e-01 -7.944667935371398926e-01
4.209007322788238525e-01 -9.630681276321411133e-01
2.269896566867828369e-01 -1.115774035453796387e+00
2.533801645040512085e-02 -1.251597046852111816e+00
-1.787332892417907715e-01 -1.367179274559020996e+00
-3.772741258144378662e-01 -1.457651257514953613e+00
-5.670915246009826660e-01 -1.522114515304565430e+00
-7.507416605949401855e-01 -1.563322424888610840e+00
-9.280918240547180176e-01 -1.581429123878479004e+00
-1.090386509895324707e+00 -1.572490572929382324e+00
-1.229068756103515625e+00 -1.535078644752502441e+00
-1.342141389846801758e+00 -1.472165346145629883e+00
-1.431730866432189941e+00 -1.387370944023132324e+00
-1.500540971755981445e+00 -1.282462239265441895e+00
-1.549668312072753906e+00 -1.157229185104370117e+00
-1.577483415603637695e+00 -1.010953426361083984e+00
-1.579953908920288086e+00 -8.446878194808959961e-01
-1.553277611732482910e+00 -6.628203988075256348e-01
-1.497160792350769043e+00 -4.718343317508697510e-01
-1.414592623710632324e+00 -2.766492366790771484e-01
-1.308894872665405273e+00 -7.877867668867111206e-02
-1.182504177093505859e+00 1.216267123818397522e-01
-1.037797927856445312e+00 3.228119611740112305e-01
-8.780149817466735840e-01 5.203595757484436035e-01
-7.070428133010864258e-01 7.085366249084472656e-01
-5.278505682945251465e-01 8.828290700912475586e-01
