7.737720012664794922e-01 -5.928674936294555664e-01 -7.851834297180175781e-01 1.891591548919677734e-01 -5.393618941307067871e-01 -5.785228013992309570e-01 -8.231179714202880859e-01 -6.476860046386718750e-01 5.445432662963867188e-01 -2.107847332954406738e-01 7.354537844657897949e-01 5.313778519630432129e-01 9.527498483657836914e-01 -3.493893891572952271e-02 8.764667510986328125e-01 8.628775477409362793e-01
7.735759615898132324e-01 -4.747205674648284912e-01 -8.358212709426879883e-01 2.580812573432922363e-02 -5.775985121726989746e-01 -5.199129581451416016e-01 -8.621424436569213867e-01 -6.878293752670288086e-01 5.333148837089538574e-01 -2.382672429084777832e-01 6.679103374481201172e-01 6.628527045249938965e-01 9.539654254913330078e-01 -5.619483441114425659e-02 8.581618070602416992e-01 8.781787157058715820e-01
7.731099724769592285e-01 -2.967184782028198242e-01 -8.747987747192382812e-01 -1.329969465732574463e-01 -6.121146678924560547e-01 -4.435659050941467285e-01 -8.912840485572814941e-01 -7.212820649147033691e-01 5.227336883544921875e-01 -2.798978686332702637e-01 5.710965394973754883e-01 7.563999295234680176e-01 9.532117843627929688e-01 -9.209671616554260254e-02 8.287279605865478516e-01 8.869955539703369141e-01
7.720563411712646484e-01 -7.387116551399230957e-02 -9.031534194946289062e-01 -2.775737941265106201e-01 -6.413763761520385742e-01 -3.482332527637481689e-01 -9.132920503616333008e-01 -7.484235763549804688e-01 5.130750536918640137e-01 -3.350794315338134766e-01 4.395311772823333740e-01 8.170632719993591309e-01 9.505342245101928711e-01 -1.466066390275955200e-01 7.817234992980957031e-01 8.906666636466979980e-01
7.697910666465759277e-01 1.639481186866760254e-01 -9.232522249221801758e-01 -4.039368033409118652e-01 -6.631310582160949707e-01 -2.338486611843109131e-01 -9.296430349349975586e-01 -7.694022059440612793e-01 5.048401355743408203e-01 -4.009999632835388184e-01 2.770526111125946045e-01 8.531156778335571289e-01 9.456140995025634766e-01 -2.222654968500137329e-01 7.075661420822143555e-01 8.900754451751708984e-01
7.651722431182861328e-01 3.860119283199310303e-01 -9.375166296958923340e-01 -5.120866298675537109e-01 -6.739335656166076660e-01 -1.019498854875564575e-01 -9.410717487335205078e-01 -7.841336727142333984e-01 4.987363219261169434e-01 -4.726056158542633057e-01 9.780788421630859375e-02 8.725852966308593750e-01 9.374967813491821289e-01 -3.179919719696044922e-01 5.944516062736511230e-01 8.857610225677490234e-01
7.562268972396850586e-01 5.721757411956787109e-01 -9.478409290313720703e-01 -6.037744283676147461e-01 -6.692749261856079102e-01 4.424408823251724243e-02 -9.479836225509643555e-01 -7.925401329994201660e-01 4.956032633781433105e-01 -5.438911914825439453e-01 -8.186643570661544800e-02 8.818471431732177734e-01 9.242823123931884766e-01 -4.274174571037292480e-01 4.320816397666931152e-01 8.779321908950805664e-01
7.396893501281738281e-01 7.153039574623107910e-01 -9.554920196533203125e-01 -6.810652017593383789e-01 -6.437339186668395996e-01 1.999482512474060059e-01 -9.506660699844360352e-01 -7.947888970375061035e-01 4.963642954826354980e-01 -6.095813512802124023e-01 -2.504386603832244873e-01 8.855054378509521484e-01 9.026594161987304688e-01 -5.400325059890747070e-01 2.181947231292724609e-01 8.663849830627441406e-01
7.104614973068237305e-01 8.178689479827880859e-01 -9.612041711807250977e-01 -7.457346320152282715e-01 -5.917388200759887695e-01 3.587492108345031738e-01 -9.492727518081665039e-01 -7.913070321083068848e-01 5.021227598190307617e-01 -6.662535667419433594e-01 -4.016983509063720703e-01 8.865350484848022461e-01 8.672469854354858398e-01 -6.449246406555175781e-01 -3.453940153121948242e-02 8.504972457885742188e-01
6.614611744880676270e-01 8.872534036636352539e-01 -9.653263092041015625e-01 -7.991678714752197266e-01 -5.101574659347534180e-01 5.122175812721252441e-01 -9.436796307563781738e-01 -7.824925184249877930e-01 5.143185853958129883e-01 -7.125759124755859375e-01 -5.326589345932006836e-01 8.862993717193603516e-01 8.102107048034667969e-01 -7.343119382858276367e-01 -2.969647943973541260e-01 8.296303749084472656e-01
5.847391486167907715e-01 9.320337176322937012e-01 -9.679679274559020996e-01 -8.425080776214599609e-01 -4.020543992519378662e-01 6.500047445297241211e-01 -9.333243370056152344e-01 -7.682383060455322266e-01 5.347075462341308594e-01 -7.488092184066772461e-01 -6.421197056770324707e-01 8.846879005432128906e-01 7.226083874702453613e-01 -8.048563003540039062e-01 -5.325732231140136719e-01 8.040444850921630859e-01
4.745312333106994629e-01 9.598366022109985352e-01 -9.691342115402221680e-01 -8.768697977066040039e-01 -2.775596380233764648e-01 7.619442939758300781e-01 -9.171034097671508789e-01 -7.476188540458679199e-01 5.649660229682922363e-01 -7.759710550308227539e-01 -7.303541898727416992e-01 8.807070255279541016e-01 5.990217328071594238e-01 -8.569873571395874023e-01 -7.140052914619445801e-01 7.754185795783996582e-01
3.323136866092681885e-01 9.765402078628540039e-01 -9.688382148742675781e-01 -9.034796953201293945e-01 -1.491588056087493896e-01 8.420542478561401367e-01 -8.933626413345336914e-01 -7.190764546394348145e-01 6.059040427207946777e-01 -7.951131463050842285e-01 -7.991345524787902832e-01 8.732693791389465332e-01 4.431715905666351318e-01 -8.934718370437622070e-01 -8.342867493629455566e-01 7.459535598754882812e-01
1.729544401168823242e-01 9.862874746322631836e-01 -9.671441912651062012e-01 -9.236741662025451660e-01 -2.558261901140213013e-02 8.910753726959228516e-01 -8.600169420242309570e-01 -6.811158657073974609e-01 6.565237045288085938e-01 -8.070203661918640137e-01 -8.513538837432861328e-01 8.615361452102661133e-01 2.681087851524353027e-01 -9.180483818054199219e-01 -9.040493965148925781e-01 7.171666026115417480e-01
2.699939161539077759e-02 9.918205738067626953e-01 -9.640814065933227539e-01 -9.387789964675903320e-01 9.018757939338684082e-02 9.147435426712036133e-01 -8.150629997253417969e-01 -6.332346796989440918e-01 7.134124040603637695e-01 -8.123967647552490234e-01 -8.902572393417358398e-01 8.445084095001220703e-01 9.026369452476501465e-02 -9.344136714935302734e-01 -9.401412010192871094e-01 6.897413134574890137e-01
-7.014638185501098633e-02 9.948601722717285156e-01 -9.594272971153259277e-01 -9.499678015708923340e-01 1.988833844661712646e-01 9.196675419807434082e-01 -7.578254342079162598e-01 -5.767326951026916504e-01 7.710815072059631348e-01 -8.123549222946166992e-01 -9.187822341918945312e-01 8.201581239700317383e-01 -7.633329927921295166e-02 -9.456557035446166992e-01 -9.565945863723754883e-01 6.640304923057556152e-01
-9.974925220012664795e-02 9.964307546615600586e-01 -9.525110125541687012e-01 -9.581690430641174316e-01 3.019138872623443604e-01 9.102890491485595703e-01 -6.902241110801696777e-01 -5.148057937622070312e-01 8.235618472099304199e-01 -8.087543249130249023e-01 -9.393044710159301758e-01 7.849022746086120605e-01 -2.222510725259780884e-01 -9.540159106254577637e-01 -9.618850946426391602e-01 6.403932571411132812e-01
-6.847506761550903320e-02 9.971048831939697266e-01 -9.422270655632019043e-01 -9.640312194824218750e-01 3.994100391864776611e-01 8.880414962768554688e-01 -6.162086725234985352e-01 -4.514645040035247803e-01 8.665586709976196289e-01 -8.038842678070068359e-01 -9.536740183830261230e-01 7.341418266296386719e-01 -3.422582745552062988e-01 -9.608144760131835938e-01 -9.599596858024597168e-01 6.191168427467346191e-01
4.395937547087669373e-03 9.971638917922973633e-01 -9.272207021713256836e-01 -9.679272770881652832e-01 4.901789426803588867e-01 8.519167900085449219e-01 -5.395311117172241211e-01 -3.900840878486633301e-01 8.986536264419555664e-01 -7.996423840522766113e-01 -9.633091688156127930e-01 6.635553240776062012e-01 -4.341129362583160400e-01 -9.665930271148681641e-01 -9.519609212875366211e-01 6.002261638641357422e-01
1.010651737451553345e-01 9.966826438903808594e-01 -9.060256481170654297e-01 -9.699637889862060547e-01 5.728008151054382324e-01 7.993397712707519531e-01 -4.623063802719116211e-01 -3.327737450599670410e-01 9.208971858024597168e-01 -7.969528436660766602e-01 -9.692482948303222656e-01 5.702677369117736816e-01 -4.975098967552185059e-01 -9.714604616165161133e-01 -9.372667670249938965e-01 5.834915041923522949e-01
2.091980427503585815e-01 9.955422878265380859e-01 -8.770990371704101562e-01 -9.699539542198181152e-01 6.463936567306518555e-01 7.268755435943603516e-01 -3.850928544998168945e-01 -2.805477380752563477e-01 9.355362653732299805e-01 -7.957130670547485352e-01 -9.721817970275878906e-01 4.538023471832275391e-01 -5.331500768661499023e-01 -9.754087924957275391e-01 -9.137227535247802734e-01 5.685719251632690430e-01
3.203820586204528809e-01 9.933568239212036133e-01 -8.389236330986022949e-01 -9.673185944557189941e-01 7.106360197067260742e-01 6.311370730400085449e-01 -3.076189756393432617e-01 -2.337032407522201538e-01 9.448581933975219727e-01 -7.950009703636169434e-01 -9.724884033203125000e-01 3.171243369579315186e-01 -5.417523384094238281e-01 -9.784597158432006836e-01 -8.774091005325317383e-01 5.551353096961975098e-01
4.280656576156616211e-01 9.892667531967163086e-01 -7.903990149497985840e-01 -9.608960747718811035e-01 7.654833793640136719e-01 5.106428861618041992e-01 -2.296614348888397217e-01 -1.921026855707168579e-01 9.505898356437683105e-01 -7.932950258255004883e-01 -9.702756404876708984e-01 1.672665774822235107e-01 -5.231425166130065918e-01 -9.806875586509704590e-01 -8.224513530731201172e-01 5.429170727729797363e-01
5.265922546386718750e-01 9.815092086791992188e-01 -7.315913438796997070e-01 -9.486911296844482422e-01 8.109887838363647461e-01 3.686347603797912598e-01 -1.519855111837387085e-01 -1.553338170051574707e-01 9.537934660911560059e-01 -7.886694073677062988e-01 -9.654173254966735840e-01 1.427865028381347656e-02 -4.758258163928985596e-01 -9.821981191635131836e-01 -7.417396903038024902e-01 5.317421555519104004e-01
6.114728450775146484e-01 9.666856527328491211e-01 -6.644870042800903320e-01 -9.277291297912597656e-01 8.473384380340576172e-01 2.147630006074905396e-01 -7.711541652679443359e-02 -1.228026747703552246e-01 9.550275802612304688e-01 -7.790411710739135742e-01 -9.575704336166381836e-01 -1.317533999681472778e-01 -3.976989984512329102e-01 -9.831030964851379395e-01 -6.296279430389404297e-01 5.215262770652770996e-01
6.802783012390136719e-01 9.388991594314575195e-01 -5.929905772209167480e-01 -8.943482637405395508e-01 8.749719858169555664e-01 6.265315413475036621e-02 -9.443584829568862915e-03 -9.381675720214843750e-02 9.545662403106689453e-01 -7.624888420104980469e-01 -9.461281895637512207e-01 -2.636806964874267578e-01 -2.883452475070953369e-01 -9.834992885589599609e-01 -4.863254129886627197e-01 5.122610330581665039e-01
7.330752611160278320e-01 8.897563219070434570e-01 -5.217652916908264160e-01 -8.451427817344665527e-01 8.945972323417663574e-01 -7.580415159463882446e-02 4.571424797177314758e-02 -6.768925487995147705e-02 9.525508880615234375e-01 -7.374799847602844238e-01 -9.300506114959716797e-01 -3.782261610031127930e-01 -1.519671827554702759e-01 -9.834518432617187500e-01 -3.205504417419433594e-01 5.039841532707214355e-01
7.718461155891418457e-01 8.112463951110839844e-01 -4.545964300632476807e-01 -7.781411409378051758e-01 9.070387482643127441e-01 -1.944994777441024780e-01 8.391116559505462646e-02 -4.384873062372207642e-02 9.490323066711425781e-01 -7.028204798698425293e-01 -9.075567722320556641e-01 -4.750459790229797363e-01 1.390755176544189453e-03 -9.829809665679931641e-01 -1.468407213687896729e-01 4.967573583126068115e-01
7.993783354759216309e-01 7.019236087799072266e-01 -3.934667706489562988e-01 -6.934039592742919922e-01 9.130190610885620117e-01 -2.929270863533020020e-01 1.033259183168411255e-01 -2.191306278109550476e-02 9.439375400543212891e-01 -6.574977040290832520e-01 -8.757369518280029297e-01 -5.553229451179504395e-01 1.578273922204971313e-01 -9.820499420166015625e-01 2.056150138378143311e-02 4.906698167324066162e-01
8.183981776237487793e-01 5.707880854606628418e-01 -3.387961983680725098e-01 -5.928021669387817383e-01 9.129772186279296875e-01 -3.736784458160400391e-01 1.054385155439376831e-01 -1.716502010822296143e-03 9.370263218879699707e-01 -6.009792685508728027e-01 -8.302491307258605957e-01 -6.207864284515380859e-01 3.039194047451019287e-01 -9.805514216423034668e-01 1.720951348543167114e-01 4.858644008636474609e-01
8.311809301376342773e-01 4.326431453227996826e-01 -2.902849018573760986e-01 -4.793227016925811768e-01 9.069194197654724121e-01 -4.401541948318481445e-01 9.411275386810302734e-02 1.667892374098300934e-02 9.278763532638549805e-01 -5.341231822967529297e-01 -7.654161453247070312e-01 -6.732411384582519531e-01 4.308255314826965332e-01 -9.782893657684326172e-01 3.036360740661621094e-01 4.825643897056579590e-01
8.394585251808166504e-01 2.998651862144470215e-01 -2.475977689027786255e-01 -3.561213612556457520e-01 8.942445516586303711e-01 -4.954075515270233154e-01 7.360883802175521851e-02 3.295001387596130371e-02 9.158964753150939941e-01 -4.597223401069641113e-01 -6.751056909561157227e-01 -7.143584489822387695e-01 5.357009768486022949e-01 -9.749523401260375977e-01 4.150126576423645020e-01 4.810888171195983887e-01
8.444685339927673340e-01 1.790089011192321777e-01 -2.106389403343200684e-01 -2.257630825042724609e-01 8.735141158103942871e-01 -5.418157577514648438e-01 4.680615290999412537e-02 4.645117744803428650e-02 9.003711342811584473e-01 -3.818354606628417969e-01 -5.546411275863647461e-01 -7.455608248710632324e-01 6.202553510665893555e-01 -9.700664281845092773e-01 5.080734491348266602e-01 4.818612039089202881e-01
8.470762372016906738e-01 7.206907123327255249e-02 -1.795747280120849609e-01 -9.044514596462249756e-02 8.421926498413085938e-01 -5.810918211936950684e-01 1.461016293615102768e-02 5.615529417991638184e-02 8.805908560752868652e-01 -3.045336008071899414e-01 -4.036798477172851562e-01 -7.679563164710998535e-01 6.882472038269042969e-01 -9.629160165786743164e-01 5.852830410003662109e-01 4.854170680046081543e-01
8.479155898094177246e-01 -2.138707786798477173e-02 -1.547809988260269165e-01 4.670941084623336792e-02 7.965821623802185059e-01 -6.144056320190429688e-01 -2.341387793421745300e-02 6.066754460334777832e-02 8.561437726020812988e-01 -2.310833930969238281e-01 -2.290382236242294312e-01 -7.823106646537780762e-01 7.434722185134887695e-01 -9.524564146995544434e-01 6.489816904067993164e-01 4.923950135707855225e-01
8.475031852722167969e-01 -1.028417870402336121e-01 -1.368123292922973633e-01 1.804997175931930542e-01 7.325443029403686523e-01 -6.425492763519287109e-01 -6.782544404268264771e-02 5.840685591101646423e-02 8.273352384567260742e-01 -1.638147383928298950e-01 -4.473816603422164917e-02 -7.890325188636779785e-01 7.887655496597290039e-01 -9.372872114181518555e-01 7.011243104934692383e-01 5.034821629524230957e-01
8.462932705879211426e-01 -1.741428673267364502e-01 -1.264290511608123779e-01 3.042480945587158203e-01 6.475396752357482910e-01 -6.661111712455749512e-01 -1.183886751532554626e-01 4.796284809708595276e-02 7.954276800155639648e-01 -1.043501868844032288e-01 1.327909678220748901e-01 -7.881317734718322754e-01 8.259290456771850586e-01 -9.157791733741760254e-01 7.433292865753173828e-01 5.193019509315490723e-01
8.446731567382812500e-01 -2.371478378772735596e-01 -1.246169582009315491e-01 4.120703041553497314e-01 5.430714488029479980e-01 -6.856111288070678711e-01 -1.740346848964691162e-01 2.844319865107536316e-02 7.623223662376403809e-01 -5.380012840032577515e-02 2.911674678325653076e-01 -7.791163325309753418e-01 8.561707139015197754e-01 -8.863700032234191895e-01 7.770498991012573242e-01 5.402675271034240723e-01
8.429374694824218750e-01 -2.935047745704650879e-01 -1.324686557054519653e-01 5.006936788558959961e-01 4.251165986061096191e-01 -7.015557289123535156e-01 -2.334486842155456543e-01 -3.839246928691864014e-04 7.298579216003417969e-01 -1.277765072882175446e-02 4.247319102287292480e-01 -7.608568668365478516e-01 8.805255889892578125e-01 -8.479332923889160156e-01 8.036749362945556641e-01 5.664421319961547852e-01
8.412795662879943848e-01 -3.445428907871246338e-01 -1.509321630001068115e-01 5.694901943206787109e-01 3.017776608467102051e-01 -7.144171595573425293e-01 -2.955338954925537109e-01 -3.812468051910400391e-02 6.993177533149719238e-01 1.861715316772460938e-02 5.330660343170166016e-01 -7.315000891685485840e-01 9.000017642974853516e-01 -8.001018762588500977e-01 8.245037794113159180e-01 5.974361300468444824e-01
8.398050069808959961e-01 -3.912622928619384766e-01 -1.805857270956039429e-01 6.194013357162475586e-01 1.803166270256042480e-01 -7.245765328407287598e-01 -3.594422936439514160e-01 -8.386215567588806152e-02 6.713665723800659180e-01 4.070283472537994385e-02 6.184540987014770508e-01 -6.884720921516418457e-01 9.155410528182983398e-01 -7.434492707252502441e-01 8.406721353530883789e-01 6.323710083961486816e-01
8.385540843009948730e-01 -4.343697428703308105e-01 -2.215349674224853516e-01 6.517925262451171875e-01 6.560580432415008545e-02 -7.322690486907958984e-01 -4.243761003017425537e-01 -1.362928152084350586e-01 6.462096571922302246e-01 5.405216664075851440e-02 6.840895414352416992e-01 -6.285804510116577148e-01 9.279518127441406250e-01 -6.794682741165161133e-01 8.531016111373901367e-01 6.699362993240356445e-01
8.375239372253417969e-01 -4.742977321147918701e-01 -2.733953893184661865e-01 6.676270961761474609e-01 -3.991250321269035339e-02 -7.375406622886657715e-01 -4.894115626811981201e-01 -1.938836723566055298e-01 6.237726211547851562e-01 5.934370681643486023e-02 7.331361174583435059e-01 -5.482665300369262695e-01 9.378800392150878906e-01 -6.103674173355102539e-01 8.624885082244873047e-01 7.085338830947875977e-01
8.366865515708923340e-01 -5.111551284790039062e-01 -3.352815806865692139e-01 6.669192314147949219e-01 -1.355672627687454224e-01 -7.402047514915466309e-01 -5.534418225288391113e-01 -2.550177574157714844e-01 6.038293242454528809e-01 5.725915357470512390e-02 7.682942748069763184e-01 -4.441523849964141846e-01 9.458170533180236816e-01 -5.387829542160034180e-01 8.693141937255859375e-01 7.464777231216430664e-01
8.360023498535156250e-01 -5.445417761802673340e-01 -4.057443737983703613e-01 6.483592987060546875e-01 -2.217135280370712280e-01 -7.397814393043518066e-01 -6.152229309082031250e-01 -3.180954456329345703e-01 5.860804319381713867e-01 4.841360449790954590e-02 7.916058301925659180e-01 -3.140765726566314697e-01 9.521223306655883789e-01 -4.675072729587554932e-01 8.738558888435363770e-01 7.822037339210510254e-01
8.354291915893554688e-01 -5.731162428855895996e-01 -4.826278090476989746e-01 6.091350317001342773e-01 -2.991290688514709473e-01 -7.354099154472351074e-01 -6.734703779220581055e-01 -3.815762996673583984e-01 5.702002048492431641e-01 3.329442441463470459e-02 8.043480515480041504e-01 -1.587177366018295288e-01 9.570484757423400879e-01 -3.992939889430999756e-01 8.761840462684631348e-01 8.144447207450866699e-01
8.349273800849914551e-01 -5.937485098838806152e-01 -5.628756284713745117e-01 5.452542304992675781e-01 -3.685870170593261719e-01 -7.257456779479980469e-01 -7.269690036773681641e-01 -4.439707100391387939e-01 5.558634400367736816e-01 1.218621712177991867e-02 8.069298267364501953e-01 1.652229577302932739e-02 9.607605934143066406e-01 -3.367616832256317139e-01 8.761362433433532715e-01 8.423378467559814453e-01
8.344601988792419434e-01 -6.001746654510498047e-01 -6.424473524093627930e-01 4.530071318149566650e-01 -4.306142330169677734e-01 -7.088943719863891602e-01 -7.747001647949218750e-01 -5.038198828697204590e-01 5.427648425102233887e-01 -1.493220869451761246e-02 7.987293004989624023e-01 2.005005478858947754e-01 9.633508920669555664e-01 -2.823975384235382080e-01 8.732622861862182617e-01 8.654503226280212402e-01
8.339902758598327637e-01 -5.817012786865234375e-01 -7.166578173637390137e-01 3.319459557533264160e-01 -4.854769706726074219e-01 -6.824707388877868652e-01 -8.160010576248168945e-01 -5.597337484359741211e-01 5.306381583213806152e-01 -4.850586131215095520e-02 7.778164744377136230e-01 3.777929842472076416e-01 9.648536443710327148e-01 -2.386589348316192627e-01 8.667303323745727539e-01 8.837334513664245605e-01
8.334681987762451172e-01 -5.239240527153015137e-01 -7.811696529388427734e-01 1.879142671823501587e-01 -5.333884954452514648e-01 -6.438195109367370605e-01 -8.507168292999267578e-01 -6.105373501777648926e-01 5.192838907241821289e-01 -8.946497738361358643e-02 7.405382394790649414e-01 5.331027507781982422e-01 9.652678370475769043e-01 -2.081450074911117554e-01 8.551647663116455078e-01 8.974293470382690430e-01
