3.062711060047149658e-01 3.054189383983612061e-01
3.103530406951904297e-01 3.098860681056976318e-01
3.137430548667907715e-01 3.061439394950866699e-01
3.160645067691802979e-01 2.980484664440155029e-01
3.170559704303741455e-01 2.872336208820343018e-01
3.165532946586608887e-01 2.744109630584716797e-01
3.144568204879760742e-01 2.599253356456756592e-01
3.107008635997772217e-01 2.439814507961273193e-01
3.052337169647216797e-01 2.267318964004516602e-01
2.980086803436279297e-01 2.083108127117156982e-01
2.889841794967651367e-01 1.888480335474014282e-01
2.781294286251068115e-01 1.684772372245788574e-01
2.654335498809814453e-01 1.473420858383178711e-01
2.509152889251708984e-01 1.256015598773956299e-01
2.346318662166595459e-01 1.034334525465965271e-01
2.166849076747894287e-01 8.103603869676589966e-02
1.972232758998870850e-01 5.862737074494361877e-02
1.764419972896575928e-01 3.644241020083427429e-02
1.545782685279846191e-01 1.472854334861040115e-02
1.319049894809722900e-01 -6.259915418922901154e-03
1.087226867675781250e-01 -2.626753598451614380e-02
8.535079658031463623e-02 -4.504375532269477844e-02
6.211839616298675537e-02 -6.234909966588020325e-02
3.935438022017478943e-02 -7.796206325292587280e-02
1.737737283110618591e-02 -9.168704599142074585e-02
-3.514397889375686646e-03 -1.033632084727287292e-01
-2.305249124765396118e-02 -1.128736287355422974e-01
-4.100599139928817749e-02 -1.201536580920219421e-01
-5.718681961297988892e-02 -1.251969635486602783e-01
-7.145211845636367798e-02 -1.280581355094909668e-01
-8.370424807071685791e-02 -1.288509070873260498e-01
-9.388885647058486938e-02 -1.277421861886978149e-01
-1.019922569394111633e-01 -1.249422058463096619e-01
-1.080386266112327576e-01 -1.206920892000198364e-01
-1.120874062180519104e-01 -1.152503788471221924e-01
-1.142307147383689880e-01 -1.088800653815269470e-01
-1.145905926823616028e-01 -1.018375083804130554e-01
-1.133153960108757019e-01 -9.436399489641189575e-02
-1.105756536126136780e-01 -8.668037503957748413e-02
-1.065590903162956238e-01 -7.898434251546859741e-02
-1.014656797051429749e-01 -7.144979387521743774e-02
-9.550232440233230591e-02 -6.422762572765350342e-02
-8.887828141450881958e-02 -5.744703486561775208e-02
-8.180072903633117676e-02 -5.121714621782302856e-02
-7.447098940610885620e-02 -4.562831297516822815e-02
-6.708122044801712036e-02 -4.075315222144126892e-02
-5.981153994798660278e-02 -3.664711117744445801e-02
-5.282751470804214478e-02 -3.334885463118553162e-02
-4.627790302038192749e-02 -3.088035061955451965e-02
-4.029274731874465942e-02 -2.924696728587150574e-02
