-3.841058611869812012e-01 9.894319772720336914e-01
-2.351734936237335205e-01 1.076621532440185547e+00
-7.756122946739196777e-02 1.159788370132446289e+00
8.350349217653274536e-02 1.233159184455871582e+00
2.422681748867034912e-01 1.291940331459045410e+00
3.936839401721954346e-01 1.332365393638610840e+00
5.346565246582031250e-01 1.352094769477844238e+00
6.642205715179443359e-01 1.350164294242858887e+00
7.827661037445068359e-01 1.326561570167541504e+00
8.910622596740722656e-01 1.281890034675598145e+00
9.895401000976562500e-01 1.217303395271301270e+00
1.077939748764038086e+00 1.134562730789184570e+00
1.155267715454101562e+00 1.035930991172790527e+00
1.219918727874755859e+00 9.237165451049804688e-01
1.269782781600952148e+00 7.996111512184143066e-01
1.302287340164184570e+00 6.643532514572143555e-01
1.314579725265502930e+00 5.181441307067871094e-01
1.304100871086120605e+00 3.616070747375488281e-01
1.269454836845397949e+00 1.965887099504470825e-01
1.211083889007568359e+00 2.628035098314285278e-02
1.131280183792114258e+00 -1.453052759170532227e-01
1.033555746078491211e+00 -3.139657378196716309e-01
9.219336509704589844e-01 -4.754278063774108887e-01
7.999795079231262207e-01 -6.255970597267150879e-01
6.693642139434814453e-01 -7.617819309234619141e-01
5.295534133911132812e-01 -8.833501935005187988e-01
3.790890276432037354e-01 -9.908441305160522461e-01
2.172923386096954346e-01 -1.084806084632873535e+00
4.555413872003555298e-02 -1.165324568748474121e+00
-1.323792189359664917e-01 -1.231590270996093750e+00
-3.101462423801422119e-01 -1.280661821365356445e+00
-4.785117506980895996e-01 -1.307314276695251465e+00
-6.289768815040588379e-01 -1.307150959968566895e+00
-7.582449913024902344e-01 -1.279740214347839355e+00
-8.678193092346191406e-01 -1.227879166603088379e+00
-9.611181616783142090e-01 -1.155061244964599609e+00
-1.041364908218383789e+00 -1.063999176025390625e+00
-1.110543966293334961e+00 -9.565063714981079102e-01
-1.168933153152465820e+00 -8.340597152709960938e-01
-1.215039610862731934e+00 -6.984703540802001953e-01
-1.246058344841003418e+00 -5.522945523262023926e-01
-1.258920192718505859e+00 -3.989192843437194824e-01
-1.251656770706176758e+00 -2.425468415021896362e-01
-1.224342584609985352e+00 -8.801426738500595093e-02
-1.178822159767150879e+00 6.013470888137817383e-02
-1.117535591125488281e+00 1.990074068307876587e-01
-1.042621850967407227e+00 3.278204798698425293e-01
-9.555709362030029297e-01 4.473485946655273438e-01
-8.571176528930664062e-01 5.591806173324584961e-01
-7.473277449607849121e-01 6.651058197021484375e-01
