8.006130456924438477e-01 -6.306055188179016113e-01 -8.190447092056274414e-01 2.610298097133636475e-01 -5.989754199981689453e-01 -6.859785318374633789e-01 -8.571185469627380371e-01 -5.522642731666564941e-01 5.413612723350524902e-01 -2.836721241474151611e-01 8.107854723930358887e-01 6.576215028762817383e-01 9.417401552200317383e-01 -1.235150545835494995e-01 9.022232890129089355e-01 9.406844377517700195e-01
7.998443245887756348e-01 -4.672455191612243652e-01 -8.751571178436279297e-01 7.550606131553649902e-02 -6.467370986938476562e-01 -6.224068403244018555e-01 -8.947883248329162598e-01 -6.072676777839660645e-01 5.328025221824645996e-01 -3.043162822723388672e-01 7.576414346694946289e-01 7.806608676910400391e-01 9.470499753952026367e-01 -1.530183255672454834e-01 8.807487487792968750e-01 9.478242397308349609e-01
7.986553907394409180e-01 -2.305697798728942871e-01 -9.137115478515625000e-01 -9.789883345365524292e-02 -6.886336803436279297e-01 -5.392017364501953125e-01 -9.217209815979003906e-01 -6.546838879585266113e-01 5.248262286186218262e-01 -3.366179466247558594e-01 6.750347018241882324e-01 8.607213497161865234e-01 9.496098756790161133e-01 -1.940020918846130371e-01 8.439275622367858887e-01 9.519356489181518555e-01
7.965837717056274414e-01 4.600830376148223877e-02 -9.390234947204589844e-01 -2.493602037429809570e-01 -7.246004939079284668e-01 -4.347619712352752686e-01 -9.411503076553344727e-01 -6.952745318412780762e-01 5.176913142204284668e-01 -3.805964887142181396e-01 5.575490593910217285e-01 9.078197479248046875e-01 9.496715068817138672e-01 -2.484128326177597046e-01 7.814766764640808105e-01 9.538007974624633789e-01
7.927446365356445312e-01 3.151279687881469727e-01 -9.555045366287231445e-01 -3.776024281978607178e-01 -7.536696195602416992e-01 -3.087759613990783691e-01 -9.550244808197021484e-01 -7.296501994132995605e-01 5.117689371109008789e-01 -4.336836338043212891e-01 4.130512773990631104e-01 9.333549737930297852e-01 9.469947814941406250e-01 -3.173019886016845703e-01 6.796140074729919434e-01 9.538352489471435547e-01
7.855724692344665527e-01 5.406312942504882812e-01 -9.664485454559326172e-01 -4.855695664882659912e-01 -7.739515304565429688e-01 -1.627792418003082275e-01 -9.645634889602661133e-01 -7.581677436828613281e-01 5.074838399887084961e-01 -4.909842312335968018e-01 2.587276995182037354e-01 9.464807510375976562e-01 9.405230283737182617e-01 -3.992819786071777344e-01 5.256597995758056641e-01 9.521197676658630371e-01
7.724640965461730957e-01 7.086006402969360352e-01 -9.739689826965332031e-01 -5.770086050033569336e-01 -7.826203703880310059e-01 -4.377216100692749023e-04 -9.706513285636901855e-01 -7.810289859771728516e-01 5.052856802940368652e-01 -5.467885732650756836e-01 1.076979339122772217e-01 9.533012509346008301e-01 9.280465841293334961e-01 -4.896132946014404297e-01 3.158251941204071045e-01 9.483332633972167969e-01
7.493374347686767578e-01 8.229086399078369141e-01 -9.793161153793334961e-01 -6.549520492553710938e-01 -7.754157781600952148e-01 1.722589284181594849e-01 -9.739758968353271484e-01 -7.983138561248779297e-01 5.057348608970642090e-01 -5.962020754814147949e-01 -3.454145044088363647e-02 9.572933912277221680e-01 9.056415557861328125e-01 -5.813671350479125977e-01 6.167811155319213867e-02 9.415984749794006348e-01
7.102978229522705078e-01 8.956659436225891113e-01 -9.831898212432861328e-01 -7.213780879974365234e-01 -7.464268803596496582e-01 3.467048108577728271e-01 -9.750084877014160156e-01 -8.098518252372741699e-01 5.096828341484069824e-01 -6.360885500907897949e-01 -1.664571911096572876e-01 9.600257873535156250e-01 8.669216632843017578e-01 -6.676257252693176270e-01 -2.093841880559921265e-01 9.304256439208984375e-01
6.476886868476867676e-01 9.398361444473266602e-01 -9.859623908996582031e-01 -7.774190902709960938e-01 -6.894761323928833008e-01 5.117707252502441406e-01 -9.739316701889038086e-01 -8.149559497833251953e-01 5.183982253074645996e-01 -6.651017069816589355e-01 -2.873916625976562500e-01 9.618565440177917480e-01 8.028011322021484375e-01 -7.432003021240234375e-01 -4.619517624378204346e-01 9.133300781250000000e-01
5.525298118591308594e-01 9.657938480377197266e-01 -9.878214597702026367e-01 -8.237826228141784668e-01 -6.013883352279663086e-01 6.554471254348754883e-01 -9.705417156219482422e-01 -8.120756149291992188e-01 5.335297584533691406e-01 -6.830248832702636719e-01 -3.965144753456115723e-01 9.625176191329956055e-01 7.032932043075561523e-01 -8.053308725357055664e-01 -6.662352085113525391e-01 8.904334902763366699e-01
4.154100418090820312e-01 9.806974530220031738e-01 -9.888625741004943848e-01 -8.611646294593811035e-01 -4.845138788223266602e-01 7.683426141738891602e-01 -9.640898704528808594e-01 -7.984880805015563965e-01 5.568680763244628906e-01 -6.898466348648071289e-01 -4.930337071418762207e-01 9.615615606307983398e-01 5.623031258583068848e-01 -8.535344600677490234e-01 -8.094704747200012207e-01 8.640912771224975586e-01
2.291836589574813843e-01 9.890945553779602051e-01 -9.891459941864013672e-01 -8.904940485954284668e-01 -3.454870879650115967e-01 8.469840288162231445e-01 -9.529905319213867188e-01 -7.702547311782836914e-01 5.899100303649902344e-01 -6.849694252014160156e-01 -5.767706632614135742e-01 9.586149454116821289e-01 3.826901316642761230e-01 -8.890250921249389648e-01 -8.971670866012573242e-01 8.370446562767028809e-01
-3.265932202339172363e-03 9.937472343444824219e-01 -9.887214303016662598e-01 -9.129459857940673828e-01 -1.918438374996185303e-01 8.940703868865966797e-01 -9.342916011810302734e-01 -7.228207588195800781e-01 6.331797242164611816e-01 -6.668438315391540527e-01 -6.484180092811584473e-01 9.533883929252624512e-01 1.768547296524047852e-01 -9.140202999114990234e-01 -9.448392987251281738e-01 8.107933402061462402e-01
-2.543398439884185791e-01 9.962837696075439453e-01 -9.876137375831604004e-01 -9.297898411750793457e-01 -3.034581243991851807e-02 9.155121445655822754e-01 -9.030026197433471680e-01 -6.529015898704528809e-01 6.851835846900939941e-01 -6.334624886512756348e-01 -7.092640995979309082e-01 9.454225301742553711e-01 -3.693620860576629639e-02 -9.310960769653320312e-01 -9.683713912963867188e-01 7.856715917587280273e-01
-4.646437466144561768e-01 9.976358413696289062e-01 -9.857358336448669434e-01 -9.422155022621154785e-01 1.321742534637451172e-01 9.167364835739135742e-01 -8.524221777915954590e-01 -5.618731975555419922e-01 7.412735223770141602e-01 -5.844790339469909668e-01 -7.606574296951293945e-01 9.334868192672729492e-01 -2.391696721315383911e-01 -9.427654147148132324e-01 -9.790266156196594238e-01 7.615983486175537109e-01
-5.773928165435791016e-01 9.983161687850952148e-01 -9.827229976654052734e-01 -9.512211084365844727e-01 2.875090241432189941e-01 9.002203345298767090e-01 -7.780019640922546387e-01 -4.579055607318878174e-01 7.940491437911987305e-01 -5.244577527046203613e-01 -8.036237955093383789e-01 9.146821498870849609e-01 -4.139781296253204346e-01 -9.512637853622436523e-01 -9.829831719398498535e-01 7.387128472328186035e-01
-5.872769951820373535e-01 9.985890388488769531e-01 -9.778326749801635742e-01 -9.575497508049011230e-01 4.269843995571136475e-01 8.647772073745727539e-01 -6.828053593635559082e-01 -3.523273468017578125e-01 8.368617296218872070e-01 -4.631293416023254395e-01 -8.389167189598083496e-01 8.839717507362365723e-01 -5.528025031089782715e-01 -9.582611322402954102e-01 -9.828719496726989746e-01 7.174518704414367676e-01
-5.245176553726196289e-01 9.985661506652832031e-01 -9.700612425804138184e-01 -9.616485834121704102e-01 5.448185801506042480e-01 8.067783117294311523e-01 -5.757653713226318359e-01 -2.534683942794799805e-01 8.673391342163085938e-01 -4.107890427112579346e-01 -8.673170208930969238e-01 8.350089788436889648e-01 -6.540400981903076172e-01 -9.645708799362182617e-01 -9.794310331344604492e-01 6.980944275856018066e-01
-4.146868586540222168e-01 9.982481002807617188e-01 -9.582466483116149902e-01 -9.636485576629638672e-01 6.401152014732360840e-01 7.222629785537719727e-01 -4.653101265430450439e-01 -1.651356816291809082e-01 8.871548771858215332e-01 -3.743655383586883545e-01 -8.896830677986145020e-01 7.616012096405029297e-01 -7.201793193817138672e-01 -9.703056812286376953e-01 -9.723159074783325195e-01 6.805599927902221680e-01
-2.713587582111358643e-01 9.975109100341796875e-01 -9.408912658691406250e-01 -9.633153080940246582e-01 7.155557274818420410e-01 6.083124876022338867e-01 -3.567233085632324219e-01 -8.842861652374267578e-02 8.996618986129760742e-01 -3.569855690002441406e-01 -9.067581892013549805e-01 6.591883301734924316e-01 -7.547910809516906738e-01 -9.753116369247436523e-01 -9.599772691726684570e-01 6.645998358726501465e-01
-1.044611185789108276e-01 9.960155487060546875e-01 -9.158838391304016113e-01 -9.598885774612426758e-01 7.750067710876464844e-01 4.644289910793304443e-01 -2.526249587535858154e-01 -2.323725074529647827e-02 9.079037904739379883e-01 -3.587078154087066650e-01 -9.189971089363098145e-01 5.272762775421142578e-01 -7.601121664047241211e-01 -9.794511795043945312e-01 -9.389700293540954590e-01 6.499677896499633789e-01
7.310453057289123535e-02 9.929695129394531250e-01 -8.805729746818542480e-01 -9.517582654953002930e-01 8.218821287155151367e-01 2.955592274665832520e-01 -1.541723310947418213e-01 3.121186420321464539e-02 9.137617349624633789e-01 -3.767179250717163086e-01 -9.264841079711914062e-01 3.725316226482391357e-01 -7.356784343719482422e-01 -9.826779365539550781e-01 -9.030269384384155273e-01 6.364699602127075195e-01
2.442665249109268188e-01 9.866150617599487305e-01 -8.327466249465942383e-01 -9.360408782958984375e-01 8.585479259490966797e-01 1.149238795042037964e-01 -6.229614466428756714e-02 7.625003159046173096e-02 9.179885387420654297e-01 -4.052328467369079590e-01 -9.289625287055969238e-01 2.087892591953277588e-01 -6.787177324295043945e-01 -9.850190877914428711e-01 -8.428283333778381348e-01 6.239652037620544434e-01
3.929143548011779785e-01 9.733433723449707031e-01 -7.724570035934448242e-01 -9.084138274192810059e-01 8.864969015121459961e-01 -5.914881825447082520e-02 2.131509035825729370e-02 1.136434227228164673e-01 9.206557869911193848e-01 -4.364149272441864014e-01 -9.260034561157226562e-01 5.115590244531631470e-02 -5.871043205261230469e-01 -9.865432977676391602e-01 -7.483740448951721191e-01 6.123620867729187012e-01
5.107406377792358398e-01 9.466457366943359375e-01 -7.029256224632263184e-01 -8.637195825576782227e-01 9.068347215652465820e-01 -2.120861858129501343e-01 9.402818977832794189e-02 1.452680230140686035e-01 9.216144680976867676e-01 -4.629129767417907715e-01 -9.171805977821350098e-01 -9.060710668563842773e-02 -4.634252786636352539e-01 -9.873344302177429199e-01 -6.139671802520751953e-01 6.016280055046081543e-01
5.981899499893188477e-01 8.970100283622741699e-01 -6.289734244346618652e-01 -7.972671389579772949e-01 9.205901622772216797e-01 -3.380978703498840332e-01 1.529847383499145508e-01 1.727456450462341309e-01 9.207234978675842285e-01 -4.801963567733764648e-01 -9.019784331321716309e-01 -2.131887078285217285e-01 -3.159941434860229492e-01 -9.874714612960815430e-01 -4.418750405311584473e-01 5.918184518814086914e-01
6.603013277053833008e-01 8.152120709419250488e-01 -5.545898079872131348e-01 -7.060793638229370117e-01 9.286961555480957031e-01 -4.382317662239074707e-01 1.960084438323974609e-01 1.972755342721939087e-01 9.178600311279296875e-01 -4.864733815193176270e-01 -8.793997764587402344e-01 -3.170851469039916992e-01 -1.561668366193771362e-01 -9.870100021362304688e-01 -2.429104149341583252e-01 5.831044912338256836e-01
7.029594182968139648e-01 7.000818848609924316e-01 -4.819438755512237549e-01 -5.897575616836547852e-01 9.318394660949707031e-01 -5.165166854858398438e-01 2.221439480781555176e-01 2.196498960256576538e-01 9.128615856170654297e-01 -4.809591770172119141e-01 -8.474840521812438965e-01 -4.041805863380432129e-01 4.439510405063629150e-03 -9.859585165977478027e-01 -3.542385995388031006e-02 5.757554173469543457e-01
7.313640117645263672e-01 5.635923147201538086e-01 -4.119665026664733887e-01 -4.513566195964813232e-01 9.303493499755859375e-01 -5.774780511856079102e-01 2.319267541170120239e-01 2.403141409158706665e-01 9.054988622665405273e-01 -4.629203677177429199e-01 -8.029553890228271484e-01 -4.766243696212768555e-01 1.554597616195678711e-01 -9.842492341995239258e-01 1.592220366001129150e-01 5.700713396072387695e-01
7.497326135635375977e-01 4.238972961902618408e-01 -3.453639745712280273e-01 -2.978692352771759033e-01 9.241222143173217773e-01 -6.251419782638549805e-01 2.274354696273803711e-01 2.593880593776702881e-01 8.954849243164062500e-01 -4.324284195899963379e-01 -7.413059473037719727e-01 -5.364768505096435547e-01 2.892990708351135254e-01 -9.817084670066833496e-01 3.253794908523559570e-01 5.663377642631530762e-01
7.612730264663696289e-01 2.941543757915496826e-01 -2.830939590930938721e-01 -1.388016641139984131e-01 9.125200510025024414e-01 -6.627894043922424316e-01 2.117132395505905151e-01 2.766399979591369629e-01 8.824700117111206055e-01 -3.913764655590057373e-01 -6.576427817344665527e-01 -5.855742692947387695e-01 4.025530815124511719e-01 -9.780341386795043945e-01 4.582616984844207764e-01 5.648633837699890137e-01
7.682446837425231934e-01 1.795331984758377075e-01 -2.262630760669708252e-01 1.677137613296508789e-02 8.942120075225830078e-01 -6.929512023925781250e-01 1.875520646572113037e-01 2.914370298385620117e-01 8.660393357276916504e-01 -3.432268798351287842e-01 -5.483645200729370117e-01 -6.254332065582275391e-01 4.958365559577941895e-01 -9.727637767791748047e-01 5.610523223876953125e-01 5.660547614097595215e-01
7.721542119979858398e-01 8.015888184309005737e-02 -1.759350299835205078e-01 1.622169017791748047e-01 8.669856786727905273e-01 -7.174867987632751465e-01 1.565227955579757690e-01 3.026939034461975098e-01 8.458085060119628906e-01 -2.919039428234100342e-01 -4.133406877517700195e-01 -6.572058200836181641e-01 5.721217393875122070e-01 -9.652178287506103516e-01 6.396809816360473633e-01 5.704469084739685059e-01
7.740027904510498047e-01 -5.865104496479034424e-03 -1.330712735652923584e-01 2.934744060039520264e-01 8.276724219322204590e-01 -7.377089262008666992e-01 1.189406663179397583e-01 3.088670969009399414e-01 8.216642737388610840e-01 -2.409139573574066162e-01 -2.576334476470947266e-01 -6.816788315773010254e-01 6.349719762802124023e-01 -9.544445872306823730e-01 6.998323798179626465e-01 5.786651372909545898e-01
7.744882106781005859e-01 -8.088592439889907837e-02 -9.857724606990814209e-02 4.083231091499328613e-01 7.725326418876647949e-01 -7.545210123062133789e-01 7.456479966640472412e-02 3.080940842628479004e-01 7.940655946731567383e-01 -1.930309087038040161e-01 -9.125033020973205566e-02 -6.992734074592590332e-01 6.874734163284301758e-01 -9.392305016517639160e-01 7.460488677024841309e-01 5.913250446319580078e-01
7.741266489028930664e-01 -1.470975875854492188e-01 -7.339777052402496338e-02 5.058384537696838379e-01 6.984587907791137695e-01 -7.685428857803344727e-01 2.332686819136142731e-02 2.985524833202362061e-01 7.641661763191223145e-01 -1.503102332353591919e-01 7.373816519975662231e-02 -7.100012898445129395e-01 7.318876981735229492e-01 -9.182361364364624023e-01 7.817357778549194336e-01 6.088905334472656250e-01
7.733058929443359375e-01 -2.063595056533813477e-01 -5.860648304224014282e-02 5.861827135086059570e-01 6.047112345695495605e-01 -7.802094817161560059e-01 -3.444703668355941772e-02 2.789218127727508545e-01 7.335543632507324219e-01 -1.141527146100997925e-01 2.270261794328689575e-01 -7.133455872535705566e-01 7.697525024414062500e-01 -8.902524113655090332e-01 8.094060420989990234e-01 6.315279603004455566e-01
7.723027467727661133e-01 -2.601712048053741455e-01 -5.542183667421340942e-02 6.503740549087524414e-01 4.939631521701812744e-01 -7.898373007774353027e-01 -9.825730323791503906e-02 2.486765980720520020e-01 7.037574052810668945e-01 -8.533947169780731201e-02 3.622615933418273926e-01 -7.080705165863037109e-01 8.021316528320312500e-01 -8.544936180114746094e-01 8.309221267700195312e-01 6.589916944503784180e-01
7.712951302528381348e-01 -3.097065091133117676e-01 -6.511700898408889771e-02 6.998755931854248047e-01 3.716763556003570557e-01 -7.976561784744262695e-01 -1.676493883132934570e-01 2.080873697996139526e-01 6.758790016174316406e-01 -6.409439444541931152e-02 4.769510626792907715e-01 -6.919984221458435059e-01 8.298249244689941406e-01 -8.108451366424560547e-01 8.476740121841430664e-01 6.905599832534790039e-01
7.703796029090881348e-01 -3.558740019798278809e-01 -8.885633945465087891e-02 7.361332774162292480e-01 2.443109005689620972e-01 -8.038125038146972656e-01 -2.421651184558868408e-01 1.580426245927810669e-01 6.505218744277954102e-01 -5.020498484373092651e-02 5.712450742721557617e-01 -6.618078947067260742e-01 8.534888029098510742e-01 -7.600206136703491211e-01 8.606977462768554688e-01 7.250377535820007324e-01
7.695928812026977539e-01 -3.993766307830810547e-01 -1.275161951780319214e-01 7.601774334907531738e-01 1.176605597138404846e-01 -8.083508610725402832e-01 -3.211021125316619873e-01 9.983322769403457642e-02 6.278876066207885742e-01 -4.316157102584838867e-02 6.467143297195434570e-01 -6.129209399223327637e-01 8.736893534660339355e-01 -7.035915255546569824e-01 8.707531690597534180e-01 7.608506083488464355e-01
7.689324021339416504e-01 -4.407438039779663086e-01 -1.815177202224731445e-01 7.722699046134948730e-01 -3.974750638008117676e-03 -8.111775517463684082e-01 -4.032686650753021240e-01 3.496120497584342957e-02 6.079121828079223633e-01 -4.227165132761001587e-02 7.054911851882934570e-01 -5.396252870559692383e-01 8.909171819686889648e-01 -6.438629627227783203e-01 8.783740401268005371e-01 7.962356209754943848e-01
7.683733701705932617e-01 -4.802913665771484375e-01 -2.506489157676696777e-01 7.714965343475341797e-01 -1.178685426712036133e-01 -8.119988441467285156e-01 -4.868497252464294434e-01 -3.501167893409729004e-02 5.903752446174621582e-01 -4.674440249800682068e-02 7.497397661209106445e-01 -4.357504546642303467e-01 9.055892229080200195e-01 -5.836119651794433594e-01 8.838955163955688477e-01 8.294967412948608398e-01
7.678812146186828613e-01 -5.179202556610107422e-01 -3.338020443916320801e-01 7.552025914192199707e-01 -2.225626707077026367e-01 -8.102194666862487793e-01 -5.694110989570617676e-01 -1.085565239191055298e-01 5.749740600585937500e-01 -5.577087774872779846e-02 7.813335657119750977e-01 -2.964132428169250488e-01 9.180462360382080078e-01 -5.257493257522583008e-01 8.874552845954895020e-01 8.592574596405029297e-01
7.674204111099243164e-01 -5.525338649749755859e-01 -4.285221099853515625e-01 7.183163762092590332e-01 -3.174492716789245605e-01 -8.047871589660644531e-01 -6.480413675308227539e-01 -1.841843426227569580e-01 5.613704919815063477e-01 -6.863175332546234131e-02 8.016419410705566406e-01 -1.212372332811355591e-01 9.285480380058288574e-01 -4.729850292205810547e-01 8.889612555503845215e-01 8.846379518508911133e-01
7.669594883918762207e-01 -5.806124806404113770e-01 -5.303705930709838867e-01 6.531769037246704102e-01 -4.023775160312652588e-01 -7.940091490745544434e-01 -7.196780443191528320e-01 -2.603455185890197754e-01 5.492209196090698242e-01 -8.485773950815200806e-02 8.113462328910827637e-01 8.171026408672332764e-02 9.372643232345581055e-01 -4.275707900524139404e-01 8.880136013031005859e-01 9.053084254264831543e-01
7.664722800254821777e-01 -5.933851003646850586e-01 -6.325303316116333008e-01 5.516804456710815430e-01 -4.773886799812316895e-01 -7.754699587821960449e-01 -7.816898822784423828e-01 -3.352721035480499268e-01 5.381975173950195312e-01 -1.044426038861274719e-01 8.101941347122192383e-01 2.943057417869567871e-01 9.442666769027709961e-01 -3.911964893341064453e-01 8.837692737579345703e-01 9.214180111885070801e-01
7.659313082695007324e-01 -5.735238790512084961e-01 -7.266123294830322266e-01 4.115598499774932861e-01 -5.426824688911437988e-01 -7.462472915649414062e-01 -8.326114416122436523e-01 -4.069563150405883789e-01 5.280134677886962891e-01 -1.280612349510192871e-01 7.965518236160278320e-01 4.926663935184478760e-01 9.495378732681274414e-01 -3.651108741760253906e-01 8.747298717498779297e-01 9.334434270858764648e-01
7.652871012687683105e-01 -4.968903958797454834e-01 -8.051992654800415039e-01 2.429123818874359131e-01 -5.987967252731323242e-01 -7.033582925796508789e-01 -8.725796937942504883e-01 -4.734982550144195557e-01 5.184672474861145020e-01 -1.571766436100006104e-01 7.666158676147460938e-01 6.563634276390075684e-01 9.530235528945922852e-01 -3.504151105880737305e-01 8.583761453628540039e-01 9.420211911201477051e-01
