-5.058002471923828125e-01 8.918026089668273926e-01
-3.230405747890472412e-01 1.046208858489990234e+00
-1.319163441658020020e-01 1.184525370597839355e+00
6.821109354496002197e-02 1.307701110839843750e+00
2.722090780735015869e-01 1.412966132164001465e+00
4.722274839878082275e-01 1.495097994804382324e+00
6.648175716400146484e-01 1.551028370857238770e+00
8.473706245422363281e-01 1.580366253852844238e+00
1.013781905174255371e+00 1.581796169281005859e+00
1.159973382949829102e+00 1.554284691810607910e+00
1.284943580627441406e+00 1.500742793083190918e+00
1.389031887054443359e+00 1.425973415374755859e+00
1.472608089447021484e+00 1.332938194274902344e+00
1.534537792205810547e+00 1.221753001213073730e+00
1.571681261062622070e+00 1.090351223945617676e+00
1.580720663070678711e+00 9.366877079010009766e-01
1.561368227005004883e+00 7.619305253028869629e-01
1.516914248466491699e+00 5.714873671531677246e-01
1.450931429862976074e+00 3.725854456424713135e-01
1.364602923393249512e+00 1.713188141584396362e-01
1.256812572479248047e+00 -2.869019284844398499e-02
1.125156760215759277e+00 -2.262404263019561768e-01
9.687600135803222656e-01 -4.213111698627471924e-01
7.931165695190429688e-01 -6.122345924377441406e-01
6.079694032669067383e-01 -7.944790720939636230e-01
4.187401831150054932e-01 -9.633564352989196777e-01
2.244013249874114990e-01 -1.116545557975769043e+00
2.442401647567749023e-02 -1.252635478973388672e+00
-1.760618984699249268e-01 -1.367905259132385254e+00
-3.719734251499176025e-01 -1.457971692085266113e+00
-5.632106065750122070e-01 -1.522318840026855469e+00
-7.517198324203491211e-01 -1.563199996948242188e+00
-9.330432415008544922e-01 -1.580129504203796387e+00
-1.095388293266296387e+00 -1.569851040840148926e+00
-1.231325626373291016e+00 -1.532314181327819824e+00
-1.341394186019897461e+00 -1.470802426338195801e+00
-1.429269313812255859e+00 -1.388103008270263672e+00
-1.498078346252441406e+00 -1.284763097763061523e+00
-1.548643231391906738e+00 -1.159609675407409668e+00
-1.578517198562622070e+00 -1.011749863624572754e+00
-1.582456588745117188e+00 -8.432482481002807617e-01
-1.555815935134887695e+00 -6.601554751396179199e-01
-1.498526096343994141e+00 -4.696152210235595703e-01
-1.414304018020629883e+00 -2.755721509456634521e-01
-1.307118535041809082e+00 -7.835273444652557373e-02
-1.179994940757751465e+00 1.221015602350234985e-01
-1.035774946212768555e+00 3.234485089778900146e-01
-8.778952360153198242e-01 5.206058621406555176e-01
-7.101541757583618164e-01 7.075747251510620117e-01
-5.352854728698730469e-01 8.799447417259216309e-01
