1.745999902486801147e-01 -8.757593035697937012e-01 4.154958426952362061e-01 9.395797252655029297e-01 -1.479521244764328003e-01 -8.441416621208190918e-01 3.498082458972930908e-01 5.722223967313766479e-02 -5.363649129867553711e-01 3.122660517692565918e-01 8.805797100067138672e-01 -6.056222915649414062e-01 3.574868738651275635e-01 3.396622836589813232e-03 8.957988023757934570e-01 8.702293634414672852e-01
1.819542050361633301e-01 -8.826709389686584473e-01 2.764129042625427246e-01 9.432861804962158203e-01 -2.976894378662109375e-01 -8.477462530136108398e-01 1.809959709644317627e-01 -1.015930622816085815e-01 -5.557104349136352539e-01 3.141021728515625000e-01 8.986047506332397461e-01 -4.585778117179870605e-01 4.587578475475311279e-01 8.341381698846817017e-02 8.982100486755371094e-01 9.256482124328613281e-01
1.878907233476638794e-01 -8.875471353530883789e-01 9.461546689271926880e-02 9.394699335098266602e-01 -4.337188601493835449e-01 -8.482998013496398926e-01 -1.111231744289398193e-03 -2.572538256645202637e-01 -5.691856741905212402e-01 3.088862895965576172e-01 9.118816852569580078e-01 -2.490759491920471191e-01 5.450080633163452148e-01 1.516928672790527344e-01 8.996263742446899414e-01 9.565292000770568848e-01
1.925314962863922119e-01 -8.858482837677001953e-01 -1.196136921644210815e-01 9.232957959175109863e-01 -5.511901974678039551e-01 -8.437477350234985352e-01 -1.905507594347000122e-01 -4.028382897377014160e-01 -5.787341594696044922e-01 2.983945012092590332e-01 9.205920696258544922e-01 1.878753304481506348e-02 6.181779503822326660e-01 2.091163396835327148e-01 8.997431993484497070e-01 9.728162288665771484e-01
1.960821151733398438e-01 -8.613914847373962402e-01 -3.454275131225585938e-01 8.830867409706115723e-01 -6.489849686622619629e-01 -8.299965858459472656e-01 -3.732688426971435547e-01 -5.333219766616821289e-01 -5.856354832649230957e-01 2.843194305896759033e-01 9.244379401206970215e-01 3.132323026657104492e-01 6.802909970283508301e-01 2.572992444038391113e-01 8.978245258331298828e-01 9.811104536056518555e-01
1.988135427236557007e-01 -7.706438302993774414e-01 -5.532934665679931641e-01 7.984551191329956055e-01 -7.282798886299133301e-01 -8.007038831710815430e-01 -5.332064628601074219e-01 -6.448991298675537109e-01 -5.907552242279052734e-01 2.676165997982025146e-01 9.222742319107055664e-01 5.803075432777404785e-01 7.327610254287719727e-01 2.983352541923522949e-01 8.923373222351074219e-01 9.851191043853759766e-01
2.010204046964645386e-01 -5.611528158187866211e-01 -7.164613008499145508e-01 6.545814275741577148e-01 -7.917378544807434082e-01 -7.494902610778808594e-01 -6.616114974021911621e-01 -7.355084419250488281e-01 -5.946464538574218750e-01 2.477035075426101685e-01 9.107258319854736328e-01 7.765170931816101074e-01 7.764060497283935547e-01 3.346332907676696777e-01 8.803026080131530762e-01 9.866366982460021973e-01
2.029133886098861694e-01 -2.475179433822631836e-01 -8.262494802474975586e-01 4.687516093254089355e-01 -8.424113988876342773e-01 -6.726886034011840820e-01 -7.589471340179443359e-01 -8.058114051818847656e-01 -5.976048111915588379e-01 2.225857079029083252e-01 8.809882402420043945e-01 8.941456079483032227e-01 8.118833899497985840e-01 3.685069680213928223e-01 8.560457229614257812e-01 9.863324761390686035e-01
2.044671177864074707e-01 9.503893554210662842e-02 -8.928288817405700684e-01 2.784879207611083984e-01 -8.825346231460571289e-01 -5.702929496765136719e-01 -8.299979567527770996e-01 -8.584877848625183105e-01 -5.997433066368103027e-01 1.905018687248229980e-01 8.187680244445800781e-01 9.529286623001098633e-01 8.398895859718322754e-01 4.015550017356872559e-01 8.112584948539733887e-01 9.841998219490051270e-01
2.053136080503463745e-01 3.986761271953582764e-01 -9.316876530647277832e-01 1.061095297336578369e-01 -9.135429859161376953e-01 -4.437343478202819824e-01 -8.804248571395874023e-01 -8.968548774719238281e-01 -6.009986996650695801e-01 1.512074470520019531e-01 7.181599736213684082e-01 9.782827496528625488e-01 8.610278367996215820e-01 4.343989491462707520e-01 7.382949590682983398e-01 9.796064496040344238e-01
2.047270536422729492e-01 6.302813887596130371e-01 -9.545413851737976074e-01 -4.480824619531631470e-02 -9.367302656173706055e-01 -2.943646013736724854e-01 -9.154087901115417480e-01 -9.240231513977050781e-01 -6.010420918464660645e-01 1.056334227323532104e-01 5.921472311019897461e-01 9.882841110229492188e-01 8.754513859748840332e-01 4.667175710201263428e-01 6.332681179046630859e-01 9.709267020225524902e-01
2.016292661428451538e-01 7.875405550003051758e-01 -9.683512449264526367e-01 -1.774721443653106689e-01 -9.534922242164611816e-01 -1.246099919080734253e-01 -9.392222166061401367e-01 -9.426059722900390625e-01 -5.991665720939636230e-01 5.511976405978202820e-02 4.573546051979064941e-01 9.922434091567993164e-01 8.824817538261413574e-01 4.972604215145111084e-01 4.971528649330139160e-01 9.547327756881713867e-01
1.945257037878036499e-01 8.848989605903625488e-01 -9.769308567047119141e-01 -2.954606413841247559e-01 -9.651613831520080566e-01 6.053220480680465698e-02 -9.552276730537414551e-01 -9.546432495117187500e-01 -5.941737294197082520e-01 9.675920009613037109e-04 3.226914405822753906e-01 9.940273165702819824e-01 8.803420066833496094e-01 5.239522457122802734e-01 3.351784348487854004e-01 9.243083000183105469e-01
1.813099980354309082e-01 9.408675432205200195e-01 -9.823528528213500977e-01 -4.011520147323608398e-01 -9.728193283081054688e-01 2.524994909763336182e-01 -9.659340381622314453e-01 -9.615960121154785156e-01 -5.841869711875915527e-01 -5.578176677227020264e-02 1.911676526069641113e-01 9.950123429298400879e-01 8.658031225204467773e-01 5.439747571945190430e-01 1.551525890827178955e-01 8.679215908050537109e-01
1.588792651891708374e-01 9.711267948150634766e-01 -9.857602715492248535e-01 -4.957518577575683594e-01 -9.772006869316101074e-01 4.390437602996826172e-01 -9.730935692787170410e-01 -9.643504619598388672e-01 -5.663215517997741699e-01 -1.144415289163589478e-01 6.319893896579742432e-02 9.956291317939758301e-01 8.338286876678466797e-01 5.536366105079650879e-01 -3.394687175750732422e-02 7.701416611671447754e-01
1.224759668111801147e-01 9.866039752960205078e-01 -9.877791404724121094e-01 -5.797046422958374023e-01 -9.786142110824584961e-01 6.060500144958496094e-01 -9.778423905372619629e-01 -9.631481170654296875e-01 -5.361342430114746094e-01 -1.746250838041305542e-01 -6.179329380393028259e-02 9.959833621978759766e-01 7.778236865997314453e-01 5.480328202247619629e-01 -2.226379811763763428e-01 6.222417354583740234e-01
6.486041843891143799e-02 9.940688610076904297e-01 -9.887399673461914062e-01 -6.531271934509277344e-01 -9.767789244651794434e-01 7.417459487915039062e-01 -9.808266162872314453e-01 -9.573820829391479492e-01 -4.868886768817901611e-01 -2.358486205339431763e-01 -1.844505965709686279e-01 9.960701465606689453e-01 6.915243864059448242e-01 5.209512710571289062e-01 -4.013301730155944824e-01 4.365266561508178711e-01
-2.380263060331344604e-02 9.974249601364135742e-01 -9.888345003128051758e-01 -7.161540985107421875e-01 -9.704492688179016113e-01 8.411253094673156738e-01 -9.822683930397033691e-01 -9.452278614044189453e-01 -4.092924296855926514e-01 -2.967090606689453125e-01 -3.045169115066528320e-01 9.958392977714538574e-01 5.729354023933410645e-01 4.660861194133758545e-01 -5.611163377761840820e-01 2.424060553312301636e-01
-1.534698456525802612e-01 9.988147020339965820e-01 -9.882401227951049805e-01 -7.691606879234313965e-01 -9.566177129745483398e-01 9.069718122482299805e-01 -9.819334149360656738e-01 -9.229657649993896484e-01 -2.930981814861297607e-01 -3.541552126407623291e-01 -4.203888177871704102e-01 9.952021241188049316e-01 4.275511205196380615e-01 3.796935379505157471e-01 -6.952278614044189453e-01 6.632848083972930908e-02
-3.267159461975097656e-01 9.993352890014648438e-01 -9.871847629547119141e-01 -8.128548860549926758e-01 -9.290082454681396484e-01 9.468805789947509766e-01 -9.788991808891296387e-01 -8.838169574737548828e-01 -1.316692680120468140e-01 -4.034317433834075928e-01 -5.296047925949096680e-01 9.939914345741271973e-01 2.666351199150085449e-01 2.628471255302429199e-01 -8.004193902015686035e-01 -7.917810976505279541e-02
-5.257062315940856934e-01 9.994874000549316406e-01 -9.858922362327575684e-01 -8.482519388198852539e-01 -8.758909702301025391e-01 9.692139625549316406e-01 -9.708937406539916992e-01 -8.169071674346923828e-01 7.134488970041275024e-02 -4.387460947036743164e-01 -6.295557022094726562e-01 9.918527007102966309e-01 1.020594090223312378e-01 1.215045899152755737e-01 -8.772535324096679688e-01 -1.930564045906066895e-01
-7.056878209114074707e-01 9.994633793830871582e-01 -9.843709468841552734e-01 -8.765777349472045898e-01 -7.794237136840820312e-01 9.805734753608703613e-01 -9.528577327728271484e-01 -7.095699310302734375e-01 2.973049581050872803e-01 -4.548918604850769043e-01 -7.177370190620422363e-01 9.879264831542968750e-01 -5.740391463041305542e-02 -3.621160984039306641e-02 -9.291787147521972656e-01 -2.793926596641540527e-01
-8.205999135971069336e-01 9.993077516555786133e-01 -9.821398258209228516e-01 -8.991299271583557129e-01 -6.238214969635009766e-01 9.850462675094604492e-01 -9.148190021514892578e-01 -5.577811598777770996e-01 5.156412124633789062e-01 -4.501184821128845215e-01 -7.918467521667480469e-01 9.799515604972839355e-01 -2.070631384849548340e-01 -2.034645378589630127e-01 -9.610571861267089844e-01 -3.430728912353515625e-01
-8.618652820587158203e-01 9.989869594573974609e-01 -9.781005382537841797e-01 -9.170992970466613770e-01 -4.146451354026794434e-01 9.842045903205871582e-01 -8.415539860725402832e-01 -3.769458532333374023e-01 6.963917016983032227e-01 -4.284705817699432373e-01 -8.504583835601806641e-01 9.621264934539794922e-01 -3.451185226440429688e-01 -3.737560808658599854e-01 -9.779113531112670898e-01 -3.885927796363830566e-01
-8.478341698646545410e-01 9.983986616134643555e-01 -9.706214666366577148e-01 -9.314264655113220215e-01 -1.828570067882537842e-01 9.768326878547668457e-01 -7.203384637832641602e-01 -1.940437555313110352e-01 8.237911462783813477e-01 -3.991899490356445312e-01 -8.939792513847351074e-01 9.215108156204223633e-01 -4.700284004211425781e-01 -5.369690656661987305e-01 -9.843091964721679688e-01 -4.204410612583160400e-01
-7.881683111190795898e-01 9.973081946372985840e-01 -9.575309753417968750e-01 -9.427711367607116699e-01 3.878542780876159668e-02 9.576278924942016602e-01 -5.556867122650146484e-01 -3.038278222084045410e-02 9.001635313034057617e-01 -3.747131526470184326e-01 -9.245926141738891602e-01 8.358957171440124512e-01 -5.792099237442016602e-01 -6.807917356491088867e-01 -9.838207364082336426e-01 -4.428633749485015869e-01
-6.741944551467895508e-01 9.951140284538269043e-01 -9.354000687599182129e-01 -9.514906406402587891e-01 2.326650619506835938e-01 9.142107963562011719e-01 -3.684522509574890137e-01 1.046437174081802368e-01 9.398058056831359863e-01 -3.682499825954437256e-01 -9.450967311859130859e-01 6.836528182029724121e-01 -6.704112291336059570e-01 -7.962124943733215332e-01 -9.778161048889160156e-01 -4.591768682003021240e-01
-4.900511801242828369e-01 9.901198148727416992e-01 -8.979154825210571289e-01 -9.574451446533203125e-01 3.946330547332763672e-01 8.231911659240722656e-01 -1.782346367835998535e-01 2.102302312850952148e-01 9.590660929679870605e-01 -3.897004127502441406e-01 -9.576959609985351562e-01 4.743183851242065430e-01 -7.432651519775390625e-01 -8.803653717041015625e-01 -9.637344479560852051e-01 -4.715692400932312012e-01
-2.368523776531219482e-01 9.775432348251342773e-01 -8.355427384376525879e-01 -9.594953060150146484e-01 5.262916088104248047e-01 6.564655900001525879e-01 3.783017396926879883e-03 2.899526953697204590e-01 9.688853025436401367e-01 -4.384034574031829834e-01 -9.633462429046630859e-01 2.594849765300750732e-01 -7.991949319839477539e-01 -9.356657266616821289e-01 -9.327505230903625488e-01 -4.813021421432495117e-01
4.207626357674598694e-02 9.451650381088256836e-01 -7.411174774169921875e-01 -9.547473788261413574e-01 6.304736137390136719e-01 4.177848994731903076e-01 1.714620441198348999e-01 3.493442535400390625e-01 9.737809896469116211e-01 -4.960172772407531738e-01 -9.619772434234619141e-01 8.056177198886871338e-02 -8.394092321395874023e-01 -9.676989912986755371e-01 -8.685923814773559570e-01 -4.890751540660858154e-01
2.839878797531127930e-01 8.675733804702758789e-01 -6.179006099700927734e-01 -9.376904964447021484e-01 7.107585668563842773e-01 1.594940125942230225e-01 3.206629157066345215e-01 3.942427635192871094e-01 9.751251935958862305e-01 -5.359476804733276367e-01 -9.534248709678649902e-01 -5.728518962860107422e-02 -8.624281883239746094e-01 -9.836265444755554199e-01 -7.524318695068359375e-01 -4.954054355621337891e-01
4.555979073047637939e-01 7.146657109260559082e-01 -4.776601791381835938e-01 -8.999547958374023438e-01 7.713191509246826172e-01 -6.808561086654663086e-02 4.476846456527709961e-01 4.296270012855529785e-01 9.733355641365051270e-01 -5.435226559638977051e-01 -9.378154277801513672e-01 -1.631356775760650635e-01 -8.652470111846923828e-01 -9.904121160507202148e-01 -5.754998922348022461e-01 -5.007514953613281250e-01
5.599725246429443359e-01 4.911871552467346191e-01 -3.312191069126129150e-01 -8.317239880561828613e-01 8.163042664527893066e-01 -2.470504194498062134e-01 5.504783391952514648e-01 4.590035080909729004e-01 9.680572748184204102e-01 -5.179851055145263672e-01 -9.147567749023437500e-01 -2.459577918052673340e-01 -8.476962447166442871e-01 -9.929343461990356445e-01 -3.500753045082092285e-01 -5.054414868354797363e-01
6.135402917861938477e-01 2.483876645565032959e-01 -1.858170330524444580e-01 -7.257765531539916992e-01 8.494711518287658691e-01 -3.803449273109436035e-01 6.301870346069335938e-01 4.846028685569763184e-01 9.581123590469360352e-01 -4.639590978622436523e-01 -8.824447989463806152e-01 -3.121693730354309082e-01 -8.142502307891845703e-01 -9.936565756797790527e-01 -1.091824024915695190e-01 -5.095927119255065918e-01
6.315424442291259766e-01 3.199087083339691162e-02 -4.765388369560241699e-02 -5.837231874465942383e-01 8.739737272262573242e-01 -4.779621362686157227e-01 6.904740333557128906e-01 5.079129934310913086e-01 9.417722225189208984e-01 -3.888324797153472900e-01 -8.374814391136169434e-01 -3.662656545639038086e-01 -7.718057632446289062e-01 -9.935084581375122070e-01 1.107547879219055176e-01 -5.130761265754699707e-01
6.245321035385131836e-01 -1.433839350938796997e-01 7.838830351829528809e-02 -4.166291058063507080e-01 8.921791911125183105e-01 -5.501458048820495605e-01 7.356235980987548828e-01 5.299679636955261230e-01 9.167910814285278320e-01 -3.006988763809204102e-01 -7.750465869903564453e-01 -4.113753139972686768e-01 -7.264457941055297852e-01 -9.927295446395874023e-01 2.908787131309509277e-01 -5.154950618743896484e-01
5.992387533187866211e-01 -2.807898819446563721e-01 1.898139417171478271e-01 -2.385840862989425659e-01 9.056400656700134277e-01 -6.047898530960083008e-01 7.692725658416748047e-01 5.514207482337951660e-01 8.798706531524658203e-01 -2.065954506397247314e-01 -6.893606185913085938e-01 -4.496445655822753906e-01 -6.817325949668884277e-01 -9.912666082382202148e-01 4.305204749107360840e-01 -5.160719156265258789e-01
5.601047873497009277e-01 -3.880167007446289062e-01 2.861793041229248047e-01 -6.119491904973983765e-02 9.151905179023742676e-01 -6.472840309143066406e-01 7.940403223037719727e-01 5.725821852684020996e-01 8.258926868438720703e-01 -1.123572587966918945e-01 -5.748242139816284180e-01 -4.825522303581237793e-01 -6.387737393379211426e-01 -9.888598322868347168e-01 5.367251634597778320e-01 -5.133832693099975586e-01
5.105347037315368652e-01 -4.725097417831420898e-01 3.682553768157958984e-01 1.077917814254760742e-01 9.209972023963928223e-01 -6.811727285385131836e-01 8.115563392639160156e-01 5.934460759162902832e-01 7.473566532135009766e-01 -2.234639041125774384e-02 -4.283389747142791748e-01 -5.111334323883056641e-01 -5.970325469970703125e-01 -9.849642515182495117e-01 6.172977685928344727e-01 -5.049141049385070801e-01
4.539831876754760742e-01 -5.401437282562255859e-01 4.373636245727539062e-01 2.634085416793823242e-01 9.224147796630859375e-01 -7.087845802307128906e-01 8.226037621498107910e-01 6.136524081230163574e-01 6.349537968635559082e-01 6.076285988092422485e-02 -2.528543472290039062e-01 -5.361358523368835449e-01 -5.550181865692138672e-01 -9.785242080688476562e-01 6.785458922386169434e-01 -4.864201843738555908e-01
3.948795199394226074e-01 -5.952601432800292969e-01 4.949694871902465820e-01 4.021834433078765869e-01 9.175038933753967285e-01 -7.316715121269226074e-01 8.272610902786254883e-01 6.323360800743103027e-01 4.815304875373840332e-01 1.357229202985763550e-01 -6.035248190164566040e-02 -5.581268072128295898e-01 -5.106244087219238281e-01 -9.675477147102355957e-01 7.250962257385253906e-01 -4.513539671897888184e-01
3.388252258300781250e-01 -6.409579515457153320e-01 5.424438714981079102e-01 5.218629837036132812e-01 9.021182060241699219e-01 -7.509011030197143555e-01 8.250200748443603516e-01 6.478418111801147461e-01 2.907998263835906982e-01 2.020894289016723633e-01 1.300164163112640381e-01 -5.775389671325683594e-01 -4.611397683620452881e-01 -9.484816789627075195e-01 7.603383660316467285e-01 -3.913086354732513428e-01
2.914025187492370605e-01 -6.793438792228698730e-01 5.808859467506408691e-01 6.218393445014953613e-01 8.690122961997985840e-01 -7.672506570816040039e-01 8.149142265319824219e-01 6.573839187622070312e-01 8.359975367784500122e-02 2.595907747745513916e-01 3.002486228942871094e-01 -5.946272015571594238e-01 -4.030254483222961426e-01 -9.157947897911071777e-01 7.869722843170166016e-01 -2.987748980522155762e-01
2.562552094459533691e-01 -7.117697596549987793e-01 6.109101176261901855e-01 7.031838893890380859e-01 8.087691068649291992e-01 -7.813175916671752930e-01 7.956305146217346191e-01 6.568597555160522461e-01 -1.108414828777313232e-01 3.079336881637573242e-01 4.412837326526641846e-01 -6.093304753303527832e-01 -3.319590985774993896e-01 -8.629170060157775879e-01 8.073362112045288086e-01 -1.713096052408218384e-01
2.341835498809814453e-01 -7.391475439071655273e-01 6.323236823081970215e-01 7.680164575576782227e-01 7.140406370162963867e-01 -7.935548424720764160e-01 7.654272317886352539e-01 6.409242749214172363e-01 -2.719745039939880371e-01 3.470724523067474365e-01 5.532605051994323730e-01 -6.210477948188781738e-01 -2.440080344676971436e-01 -7.852551341056823730e-01 8.233549594879150391e-01 -1.327781379222869873e-02
2.236353904008865356e-01 -7.622440457344055176e-01 6.436521410942077637e-01 8.188013434410095215e-01 5.840535759925842285e-01 -8.042778372764587402e-01 7.218452692031860352e-01 6.032580137252807617e-01 -3.941733241081237793e-01 3.773847222328186035e-01 6.408597230911254883e-01 -6.282667517662048340e-01 -1.380255669355392456e-01 -6.834198236465454102e-01 8.363601565361022949e-01 1.656938493251800537e-01
2.216835319995880127e-01 -7.818101644515991211e-01 6.415042877197265625e-01 8.579014539718627930e-01 4.250700473785400391e-01 -8.136806488037109375e-01 6.615939736366271973e-01 5.374626517295837402e-01 -4.816671609878540039e-01 3.995081484317779541e-01 7.093989253044128418e-01 -6.279340982437133789e-01 -1.777712255716323853e-02 -5.639235377311706543e-01 8.471051454544067383e-01 3.522137403488159180e-01
2.250131070613861084e-01 -7.985784411430358887e-01 6.199403405189514160e-01 8.873474597930908203e-01 2.477874159812927246e-01 -8.218519687652587891e-01 5.810682773590087891e-01 4.393925964832305908e-01 -5.421618819236755371e-01 4.140977859497070312e-01 7.632738351821899414e-01 -6.145776510238647461e-01 1.084632351994514465e-01 -4.369997382164001465e-01 8.559615612030029297e-01 5.299981236457824707e-01
2.307873517274856567e-01 -8.132109045982360840e-01 5.704929828643798828e-01 9.087216258049011230e-01 6.446830183267593384e-02 -8.287709951400756836e-01 4.774470031261444092e-01 3.102217018604278564e-01 -5.832470655441284180e-01 4.217218160629272461e-01 8.057662248611450195e-01 -5.794505476951599121e-01 2.313175648450851440e-01 -3.130690455436706543e-01 8.631280660629272461e-01 6.828474998474121094e-01
2.371120899915695190e-01 -8.262063860893249512e-01 4.838280975818634033e-01 9.230612516403198242e-01 -1.134848818182945251e-01 -8.342762589454650879e-01 3.495153784751892090e-01 1.575103551149368286e-01 -6.110327243804931641e-01 4.228847026824951172e-01 8.392499685287475586e-01 -5.102793574333190918e-01 3.439284861087799072e-01 -1.997508108615875244e-01 8.687503933906555176e-01 8.000756502151489258e-01
