8.040475845336914062e-01 -6.260353326797485352e-01 -8.025643825531005859e-01 2.037332653999328613e-01 -5.701189041137695312e-01 -6.291454434394836426e-01 -8.364027142524719238e-01 -5.744194984436035156e-01 5.235755443572998047e-01 -2.602783441543579102e-01 7.536956071853637695e-01 5.884983539581298828e-01 9.502235651016235352e-01 -1.042578220367431641e-01 8.915558457374572754e-01 9.058761000633239746e-01
8.035792112350463867e-01 -4.918218553066253662e-01 -8.558261990547180176e-01 3.357484936714172363e-02 -6.121738553047180176e-01 -5.697809457778930664e-01 -8.749631643295288086e-01 -6.264343261718750000e-01 5.127711296081542969e-01 -2.885279953479766846e-01 6.910071372985839844e-01 7.172805070877075195e-01 9.521498680114746094e-01 -1.259872764348983765e-01 8.710970878601074219e-01 9.168443679809570312e-01
8.028094172477722168e-01 -2.905045747756958008e-01 -8.948738574981689453e-01 -1.290704309940338135e-01 -6.492086648941040039e-01 -4.911310076713562012e-01 -9.034115672111511230e-01 -6.710782647132873535e-01 5.026481151580810547e-01 -3.296200335025787354e-01 5.996436476707458496e-01 8.057906031608581543e-01 9.518535137176513672e-01 -1.610862910747528076e-01 8.376151919364929199e-01 9.232177734375000000e-01
8.013982176780700684e-01 -4.308293759822845459e-02 -9.220660924911499023e-01 -2.745225727558135986e-01 -6.806393861770629883e-01 -3.912651538848876953e-01 -9.246321916580200195e-01 -7.087896466255187988e-01 4.934888780117034912e-01 -3.828475773334503174e-01 4.751783907413482666e-01 8.611630797386169434e-01 9.494454860687255859e-01 -2.126238346099853516e-01 7.829902172088623047e-01 9.260470271110534668e-01
7.986677289009094238e-01 2.126147300004959106e-01 -9.406548738479614258e-01 -3.997868299484252930e-01 -7.049828767776489258e-01 -2.697207331657409668e-01 -9.402886629104614258e-01 -7.398896813392639160e-01 4.857638776302337646e-01 -4.451708793640136719e-01 3.235229551792144775e-01 8.932559490203857422e-01 9.446012973785400391e-01 -2.823861837387084961e-01 6.954907178878784180e-01 9.259639382362365723e-01
7.933560013771057129e-01 4.415127038955688477e-01 -9.534779787063598633e-01 -5.060136914253234863e-01 -7.195299267768859863e-01 -1.281636953353881836e-01 -9.513480663299560547e-01 -7.644855976104736328e-01 4.800844490528106689e-01 -5.114057660102844238e-01 1.595896482467651367e-01 9.108511209487915039e-01 9.362394213676452637e-01 -3.690506219863891602e-01 5.621168017387390137e-01 9.232478141784667969e-01
7.832456827163696289e-01 6.244385242462158203e-01 -9.625525474548339844e-01 -5.958393216133117676e-01 -7.204502224922180176e-01 2.947936952114105225e-02 -9.584805965423583984e-01 -7.826037406921386719e-01 4.771504402160644531e-01 -5.757583379745483398e-01 -2.652630209922790527e-03 9.203590750694274902e-01 9.221876263618469238e-01 -4.670257568359375000e-01 3.746266365051269531e-01 9.178047776222229004e-01
7.646374106407165527e-01 7.582656145095825195e-01 -9.691504240036010742e-01 -6.718417406082153320e-01 -7.027012109756469727e-01 1.971172988414764404e-01 -9.622254371643066406e-01 -7.943052053451538086e-01 4.777817428112030029e-01 -6.335170865058898926e-01 -1.553357094526290894e-01 9.258448481559753418e-01 8.986887931823730469e-01 -5.676796436309814453e-01 1.372687965631484985e-01 9.090831279754638672e-01
7.318276762962341309e-01 8.496899604797363281e-01 -9.739985466003417969e-01 -7.359762191772460938e-01 -6.604006886482238770e-01 3.664120137691497803e-01 -9.629570245742797852e-01 -7.996101379394531250e-01 4.830696284770965576e-01 -6.819645166397094727e-01 -2.950590252876281738e-01 9.294100403785705566e-01 8.597670793533325195e-01 -6.622177362442016602e-01 -1.285258233547210693e-01 8.960959315299987793e-01
6.770774126052856445e-01 9.089616537094116211e-01 -9.774650931358337402e-01 -7.895709872245788574e-01 -5.890069603919982910e-01 5.267502665519714355e-01 -9.607702493667602539e-01 -7.982195019721984863e-01 4.945021569728851318e-01 -7.203314900398254395e-01 -4.201993942260742188e-01 9.316403865814208984e-01 7.970947027206420898e-01 -7.441520690917968750e-01 -3.881699442863464355e-01 8.779084682464599609e-01
5.915174484252929688e-01 9.459090232849121094e-01 -9.797046184539794922e-01 -8.335846662521362305e-01 -4.889812469482421875e-01 6.664239764213562012e-01 -9.553490877151489258e-01 -7.891602516174316406e-01 5.138722658157348633e-01 -7.490895390510559082e-01 -5.296719074249267578e-01 9.321551322937011719e-01 7.018276453018188477e-01 -8.102797269821166992e-01 -6.074696183204650879e-01 8.547081351280212402e-01
4.671196043491363525e-01 9.682641029357910156e-01 -9.807713031768798828e-01 -8.689134716987609863e-01 -3.672969937324523926e-01 7.758612632751464844e-01 -9.458290338516235352e-01 -7.706018686294555664e-01 5.428690314292907715e-01 -7.690646648406982422e-01 -6.229659914970397949e-01 9.302366971969604492e-01 5.693222880363464355e-01 -8.603763580322265625e-01 -7.673444747924804688e-01 8.283069729804992676e-01
3.005746603012084961e-01 9.814692735671997070e-01 -9.807013273239135742e-01 -8.965915441513061523e-01 -2.341395020484924316e-01 8.513137698173522949e-01 -9.306284189224243164e-01 -7.400689125061035156e-01 5.824007987976074219e-01 -7.807846665382385254e-01 -7.005436420440673828e-01 9.253091812133789062e-01 4.038087725639343262e-01 -8.962956666946411133e-01 -8.687429428100585938e-01 8.009913563728332520e-01
1.008742228150367737e-01 9.891098737716674805e-01 -9.795528054237365723e-01 -9.178122282028198242e-01 -9.807422757148742676e-02 8.956604003906250000e-01 -9.072456359863281250e-01 -6.951095461845397949e-01 6.318123340606689453e-01 -7.842648029327392578e-01 -7.638511061668395996e-01 9.170362949371337891e-01 2.179676890373229980e-01 -9.209612607955932617e-01 -9.256962537765502930e-01 7.742062807083129883e-01
-1.012688577175140381e-01 9.934465885162353516e-01 -9.773657917976379395e-01 -9.338119029998779297e-01 3.589616343379020691e-02 9.154815673828125000e-01 -8.722687363624572754e-01 -6.344435811042785645e-01 6.882263422012329102e-01 -7.793086767196655273e-01 -8.148499727249145508e-01 9.049564599990844727e-01 2.802640199661254883e-02 -9.375057220458984375e-01 -9.546567201614379883e-01 7.484645247459411621e-01
-2.563398480415344238e-01 9.958510994911193848e-01 -9.740034341812133789e-01 -9.457278251647949219e-01 1.653186678886413574e-01 9.171166419982910156e-01 -8.223697543144226074e-01 -5.595579743385314941e-01 7.464572787284851074e-01 -7.663875818252563477e-01 -8.554667830467224121e-01 8.876860737800598145e-01 -1.509176045656204224e-01 -9.487479925155639648e-01 -9.679927825927734375e-01 7.239433526992797852e-01
-3.260408639907836914e-01 9.971221685409545898e-01 -9.689269065856933594e-01 -9.544997215270996094e-01 2.883632779121398926e-01 9.041894674301147461e-01 -7.567505836486816406e-01 -4.756495952606201172e-01 8.002231121063232422e-01 -7.477602958679199219e-01 -8.873202800750732422e-01 8.620765209197998047e-01 -3.076639175415039062e-01 -9.569532871246337891e-01 -9.727278947830200195e-01 7.009645700454711914e-01
-3.107590973377227783e-01 9.976990222930908203e-01 -9.611152410507202148e-01 -9.608135223388671875e-01 4.025197327136993408e-01 8.770455121994018555e-01 -6.787265539169311523e-01 -3.899157643318176270e-01 8.445913791656494141e-01 -7.275161743164062500e-01 -9.117701053619384766e-01 8.232241868972778320e-01 -4.358400106430053711e-01 -9.636315107345581055e-01 -9.719170331954956055e-01 6.799633502960205078e-01
-2.355604469776153564e-01 9.977941513061523438e-01 -9.492300152778625488e-01 -9.650784134864807129e-01 5.050183534622192383e-01 8.335889577865600586e-01 -5.936906337738037109e-01 -3.082972168922424316e-01 8.777495622634887695e-01 -7.098807096481323242e-01 -9.300400614738464355e-01 7.656695842742919922e-01 -5.330529212951660156e-01 -9.694522023200988770e-01 -9.663376808166503906e-01 6.611456871032714844e-01
-1.243787556886672974e-01 9.974582195281982422e-01 -9.317795038223266602e-01 -9.674244523048400879e-01 5.942362546920776367e-01 7.705422639846801758e-01 -5.061002373695373535e-01 -2.341047972440719604e-01 9.007337093353271484e-01 -6.975092887878417969e-01 -9.432042837142944336e-01 6.848242878913879395e-01 -5.994068384170532227e-01 -9.745072126388549805e-01 -9.553917050361633301e-01 6.443822383880615234e-01
7.049761712551116943e-03 9.965827465057373047e-01 -9.070978760719299316e-01 -9.676720499992370605e-01 6.701750159263610840e-01 6.843894720077514648e-01 -4.184459149837493896e-01 -1.686219573020935059e-01 9.159744977951049805e-01 -6.910597681999206543e-01 -9.520952701568603516e-01 5.781911611557006836e-01 -6.360992193222045898e-01 -9.787017703056335449e-01 -9.371356964111328125e-01 6.293689608573913574e-01
1.477930247783660889e-01 9.948205947875976562e-01 -8.733258247375488281e-01 -9.652180671691894531e-01 7.338446378707885742e-01 5.724351406097412109e-01 -3.315972387790679932e-01 -1.119803786277770996e-01 9.259312152862548828e-01 -6.895099282264709473e-01 -9.572453498840332031e-01 4.469097256660461426e-01 -6.441133022308349609e-01 -9.819794893264770508e-01 -9.078093171119689941e-01 6.157833337783813477e-01
2.881986200809478760e-01 9.913688898086547852e-01 -8.287324905395507812e-01 -9.588032960891723633e-01 7.864689826965332031e-01 4.349525868892669678e-01 -2.456125319004058838e-01 -6.366988271474838257e-02 9.323798418045043945e-01 -6.905948519706726074e-01 -9.588809013366699219e-01 2.972438931465148926e-01 -6.232031583786010742e-01 -9.843723773956298828e-01 -8.613096475601196289e-01 6.033570766448974609e-01
4.187777340412139893e-01 9.844986200332641602e-01 -7.726114988327026367e-01 -9.461877346038818359e-01 8.290609121322631836e-01 2.781206667423248291e-01 -1.607931256294250488e-01 -2.277144044637680054e-02 9.363124966621398926e-01 -6.912845373153686523e-01 -9.569556713104248047e-01 1.400838792324066162e-01 -5.716397762298583984e-01 -9.859739542007446289e-01 -7.894591093063354492e-01 5.919039845466613770e-01
5.315064787864685059e-01 9.707109332084655762e-01 -7.064200043678283691e-01 -9.239352941513061523e-01 8.624250888824462891e-01 1.146676987409591675e-01 -7.875755429267883301e-02 1.189934834837913513e-02 9.381658434867858887e-01 -6.884359121322631836e-01 -9.512070417404174805e-01 -1.264554262161254883e-02 -4.874022006988525391e-01 -9.869006276130676270e-01 -6.844111084938049316e-01 5.813291668891906738e-01
6.220560669898986816e-01 9.436637163162231445e-01 -6.340356469154357910e-01 -8.877155184745788574e-01 8.873640298843383789e-01 -4.060878604650497437e-02 -2.950724214315414429e-03 4.162441939115524292e-02 9.381072521209716797e-01 -6.795349717140197754e-01 -9.411717057228088379e-01 -1.521939784288406372e-01 -3.709362745285034180e-01 -9.872596263885498047e-01 -5.432896018028259277e-01 5.716243982315063477e-01
6.905103921890258789e-01 8.939831256866455078e-01 -5.603880882263183594e-01 -8.333350419998168945e-01 9.047945737838745117e-01 -1.771873831748962402e-01 6.195209175348281860e-02 6.759133189916610718e-02 9.362047910690307617e-01 -6.630524396896362305e-01 -9.260663986206054688e-01 -2.744622528553009033e-01 -2.277541905641555786e-01 -9.871288537979125977e-01 -3.718121051788330078e-01 5.628498792648315430e-01
7.399358749389648438e-01 8.125360012054443359e-01 -4.894670546054840088e-01 -7.580071687698364258e-01 9.156591892242431641e-01 -2.912726998329162598e-01 1.115451902151107788e-01 9.075228869915008545e-02 9.324505329132080078e-01 -6.380794644355773926e-01 -9.044990539550781250e-01 -3.788282871246337891e-01 -6.855507194995880127e-02 -9.865441322326660156e-01 -1.834065318107604980e-01 5.551159381866455078e-01
7.743980884552001953e-01 6.981048583984375000e-01 -4.233483374118804932e-01 -6.611580848693847656e-01 9.207351803779602051e-01 -3.840030729770660400e-01 1.432431638240814209e-01 1.117711812257766724e-01 9.267157912254333496e-01 -6.037118434906005859e-01 -8.740827441215515137e-01 -4.664101302623748779e-01 9.322424232959747314e-02 -9.854897260665893555e-01 5.181238055229187012e-03 5.485748052597045898e-01
7.977480888366699219e-01 5.620890855789184570e-01 -3.626235723495483398e-01 -5.447753667831420898e-01 9.204654097557067871e-01 -4.586381018161773682e-01 1.571050435304641724e-01 1.310210973024368286e-01 9.187240600585937500e-01 -5.591687560081481934e-01 -8.311259746551513672e-01 -5.389463901519775391e-01 2.449531555175781250e-01 -9.838826656341552734e-01 1.789350658655166626e-01 5.434237122535705566e-01
8.131802082061767578e-01 4.217793941497802734e-01 -3.073676228523254395e-01 -4.133913218975067139e-01 9.148225188255310059e-01 -5.187356472015380859e-01 1.555475890636444092e-01 1.485811322927474976e-01 9.080701470375061035e-01 -5.048583745956420898e-01 -7.707101702690124512e-01 -5.982916355133056641e-01 3.779872953891754150e-01 -9.815511703491210938e-01 3.285523653030395508e-01 5.399181842803955078e-01
8.231252431869506836e-01 2.900558114051818848e-01 -2.577320933341979980e-01 -2.731096148490905762e-01 9.031765460968017578e-01 -5.674391984939575195e-01 1.420503258705139160e-01 1.642178744077682495e-01 8.942533731460571289e-01 -4.430819749832153320e-01 -6.874840259552001953e-01 -6.461836099624633789e-01 4.889996647834777832e-01 -9.782110452651977539e-01 4.514820277690887451e-01 5.383909344673156738e-01
8.293024897575378418e-01 1.724878251552581787e-01 -2.140489220619201660e-01 -1.299158632755279541e-01 8.841384649276733398e-01 -6.072981953620910645e-01 1.195846199989318848e-01 1.773559898138046265e-01 8.767179250717163086e-01 -3.774195313453674316e-01 -5.773069858551025391e-01 -6.841049194335937500e-01 5.790200829505920410e-01 -9.734283685684204102e-01 5.498319864273071289e-01 5.392692685127258301e-01
8.328775167465209961e-01 6.980422884225845337e-02 -1.767770498991012573e-01 1.128773391246795654e-02 8.553739786148071289e-01 -6.402560472488403320e-01 8.970306068658828735e-02 1.870469748973846436e-01 8.549686074256896973e-01 -3.115762174129486084e-01 -4.395658671855926514e-01 -7.132145166397094727e-01 6.513645052909851074e-01 -9.665571451187133789e-01 6.275726556777954102e-01 5.430788397789001465e-01
8.346473574638366699e-01 -1.939713954925537109e-02 -1.464670598506927490e-01 1.463783681392669678e-01 8.135341405868530273e-01 -6.677185297012329102e-01 5.267396941781044006e-02 1.919790059328079224e-01 8.288226127624511719e-01 -2.486445903778076172e-01 -2.793257832527160645e-01 -7.343250513076782227e-01 7.097960710525512695e-01 -9.566696882247924805e-01 6.887643337249755859e-01 5.504212975502014160e-01
8.351888656616210938e-01 -9.716364741325378418e-02 -1.237629801034927368e-01 2.713605463504791260e-01 7.547345757484436035e-01 -6.906720399856567383e-01 8.328733965754508972e-03 1.906117945909500122e-01 7.987366318702697754e-01 -1.909315884113311768e-01 -1.074995398521423340e-01 -7.478868961334228516e-01 7.574783563613891602e-01 -9.425403475761413574e-01 7.368556261062622070e-01 5.619074702262878418e-01
8.349459171295166016e-01 -1.655651628971099854e-01 -1.094346344470977783e-01 3.824590444564819336e-01 6.760333180427551270e-01 -7.098174095153808594e-01 -4.309879988431930542e-02 1.814789921045303345e-01 7.659566998481750488e-01 -1.400741040706634521e-01 6.232971698045730591e-02 -7.539400458335876465e-01 7.966920137405395508e-01 -9.227546453475952148e-01 7.745800018310546875e-01 5.780438780784606934e-01
8.342621922492980957e-01 -2.264561206102371216e-01 -1.044018417596817017e-01 4.769487082958221436e-01 5.774749517440795898e-01 -7.256849408149719238e-01 -1.007425487041473389e-01 1.635368019342422485e-01 7.322357892990112305e-01 -9.716448187828063965e-02 2.186804115772247314e-01 -7.520044445991516113e-01 8.290218114852905273e-01 -8.959556818008422852e-01 8.040841221809387207e-01 5.990978479385375977e-01
8.333874344825744629e-01 -2.813851237297058105e-01 -1.096751764416694641e-01 5.537526011466979980e-01 4.630441069602966309e-01 -7.387065887451171875e-01 -1.634528934955596924e-01 1.363551020622253418e-01 6.992666721343994141e-01 -6.279173493385314941e-02 3.549206256866455078e-01 -7.409213185310363770e-01 8.556535243988037109e-01 -8.611499667167663574e-01 8.270779252052307129e-01 6.249787211418151855e-01
8.324844837188720703e-01 -3.315774798393249512e-01 -1.261948049068450928e-01 6.132308244705200195e-01 3.394507467746734619e-01 -7.492388486862182617e-01 -2.301794290542602539e-01 1.001040786504745483e-01 6.682662963867187500e-01 -3.707445785403251648e-02 4.689526557922363281e-01 -7.187036871910095215e-01 8.775640726089477539e-01 -8.179750442504882812e-01 8.449307084083557129e-01 6.551597714424133301e-01
8.316446542739868164e-01 -3.779662251472473145e-01 -1.546457111835479736e-01 6.564688682556152344e-01 2.137780189514160156e-01 -7.575492262840270996e-01 -3.000307977199554443e-01 5.544012412428855896e-02 6.398953795433044434e-01 -1.975703239440917969e-02 5.615303516387939453e-01 -6.824507713317871094e-01 8.955882787704467773e-01 -7.668699026107788086e-01 8.587213158607482910e-01 6.886611580848693848e-01
8.309074044227600098e-01 -4.212393164634704590e-01 -1.953277885913848877e-01 6.845476627349853516e-01 9.170424938201904297e-02 -7.637860178947448730e-01 -3.720956444740295410e-01 3.369804471731185913e-03 6.143781542778015137e-01 -1.034221332520246506e-02 6.347405910491943359e-01 -6.283726096153259277e-01 9.104294776916503906e-01 -7.091087102890014648e-01 8.692709207534790039e-01 7.241155505180358887e-01
8.302783370018005371e-01 -4.618622362613677979e-01 -2.480853050947189331e-01 6.979726552963256836e-01 -2.309554070234298706e-02 -7.679398655891418457e-01 -4.452507495880126953e-01 -5.488393083214759827e-02 5.916571021080017090e-01 -8.207202889025211334e-03 6.910482645034790039e-01 -5.520120263099670410e-01 9.226595163345336914e-01 -6.466847062110900879e-01 8.771717548370361328e-01 7.599204182624816895e-01
8.297433257102966309e-01 -5.000302791595458984e-01 -3.122467696666717529e-01 6.962167024612426758e-01 -1.287326514720916748e-01 -7.697933316230773926e-01 -5.180804729461669922e-01 -1.179968267679214478e-01 5.715124011039733887e-01 -1.268809568136930466e-02 7.327694892883300781e-01 -4.488575458526611328e-01 9.327266216278076172e-01 -5.820847749710083008e-01 8.828095197677612305e-01 7.944480180740356445e-01
8.292789459228515625e-01 -5.354754924774169922e-01 -3.865108489990234375e-01 6.773056983947753906e-01 -2.245845496654510498e-01 -7.688451409339904785e-01 -5.889155864715576172e-01 -1.846171021461486816e-01 5.536408424377441406e-01 -2.314756065607070923e-02 7.617827057838439941e-01 -3.156342804431915283e-01 9.409683346748352051e-01 -5.180224180221557617e-01 8.863712549209594727e-01 8.262641429901123047e-01
8.288592100143432617e-01 -5.669766664505004883e-01 -4.687227606773376465e-01 6.375153660774230957e-01 -3.107587695121765137e-01 -7.641983628273010254e-01 -6.559461355209350586e-01 -2.533757388591766357e-01 5.377045273780822754e-01 -3.905007988214492798e-02 7.793461084365844727e-01 -1.524648815393447876e-01 9.476244449615478516e-01 -4.571963846683502197e-01 8.878294229507446289e-01 8.543012142181396484e-01
8.284590244293212891e-01 -5.913038253784179688e-01 -5.555533170700073242e-01 5.716181993484497070e-01 -3.876466155052185059e-01 -7.544235587120056152e-01 -7.173833847045898438e-01 -3.228277266025543213e-01 5.233611464500427246e-01 -6.006567925214767456e-02 7.859374284744262695e-01 3.452011197805404663e-02 9.528459310531616211e-01 -4.021220207214355469e-01 8.868929147720336914e-01 8.779476284980773926e-01
8.280546069145202637e-01 -6.013478040695190430e-01 -6.422910690307617188e-01 4.746479392051696777e-01 -4.556236267089843750e-01 -7.374598383903503418e-01 -7.716893553733825684e-01 -3.913657665252685547e-01 5.102862119674682617e-01 -8.621016144752502441e-02 7.810447812080383301e-01 2.317756563425064087e-01 9.567018747329711914e-01 -3.550680875778198242e-01 8.829165101051330566e-01 8.970397710800170898e-01
8.276195526123046875e-01 -5.840359926223754883e-01 -7.232204675674438477e-01 3.458566665649414062e-01 -5.149778723716735840e-01 -7.106618881225585938e-01 -8.178837895393371582e-01 -4.572221040725708008e-01 4.981963932514190674e-01 -1.179941967129707336e-01 7.628363370895385742e-01 4.204803407192230225e-01 9.591932296752929688e-01 -3.181241750717163086e-01 8.747549653053283691e-01 9.117761850357055664e-01
8.271125555038452148e-01 -5.209978222846984863e-01 -7.929643392562866211e-01 1.926753222942352295e-01 -5.660887956619262695e-01 -6.710269451141357422e-01 -8.558111190795898438e-01 -5.186895132064819336e-01 4.868865907192230225e-01 -1.564880907535552979e-01 7.276735901832580566e-01 5.826253294944763184e-01 9.602858424186706543e-01 -2.933783829212188721e-01 8.605175614356994629e-01 9.225916862487792969e-01
