1.874631345272064209e-01 1.085959076881408691e+00
3.453066051006317139e-01 1.115342020988464355e+00
4.957630634307861328e-01 1.121271967887878418e+00
6.367050409317016602e-01 1.102243185043334961e+00
7.667785882949829102e-01 1.058161497116088867e+00
8.845103979110717773e-01 9.904470443725585938e-01
9.878000020980834961e-01 9.017562866210937500e-01
1.073969364166259766e+00 7.952078580856323242e-01
1.140050053596496582e+00 6.733675599098205566e-01
1.183045387268066406e+00 5.377832055091857910e-01
1.200322151184082031e+00 3.895909190177917480e-01
1.190302729606628418e+00 2.306510955095291138e-01
1.153174400329589844e+00 6.415358185768127441e-02
1.091083526611328125e+00 -1.056970730423927307e-01
1.007658720016479492e+00 -2.743603587150573730e-01
9.073011875152587891e-01 -4.372224211692810059e-01
7.941859960556030273e-01 -5.898500084877014160e-01
6.707354784011840820e-01 -7.291257977485656738e-01
5.370327234268188477e-01 -8.540252447128295898e-01
3.919163942337036133e-01 -9.648883342742919922e-01
2.346876859664916992e-01 -1.062204599380493164e+00
6.650853902101516724e-02 -1.146062374114990234e+00
-1.091460660099983215e-01 -1.215784072875976562e+00
-2.862791419029235840e-01 -1.268774867057800293e+00
-4.558715224266052246e-01 -1.300012230873107910e+00
-6.088597774505615234e-01 -1.304717183113098145e+00
-7.409832477569580078e-01 -1.281829476356506348e+00
-8.531285524368286133e-01 -1.233836054801940918e+00
-9.485385417938232422e-01 -1.164270758628845215e+00
-1.030512571334838867e+00 -1.076013088226318359e+00
-1.101230978965759277e+00 -9.710050821304321289e-01
-1.161214828491210938e+00 -8.507547378540039062e-01
-1.209200382232666016e+00 -7.170176506042480469e-01
-1.242513656616210938e+00 -5.722554922103881836e-01
-1.258046030998229980e+00 -4.197560548782348633e-01
-1.253606557846069336e+00 -2.636196911334991455e-01
-1.228977918624877930e+00 -1.086322888731956482e-01
-1.185824513435363770e+00 4.053858667612075806e-02
-1.126572608947753906e+00 1.807177215814590454e-01
-1.053430795669555664e+00 3.108502626419067383e-01
-9.679872989654541016e-01 4.315409064292907715e-01
-8.710799813270568848e-01 5.443032979965209961e-01
-7.628525495529174805e-01 6.509291529655456543e-01
-6.430359482765197754e-01 7.529470920562744141e-01
-5.114173889160156250e-01 8.511357903480529785e-01
-3.683955669403076172e-01 9.451531767845153809e-01
-2.154972553253173828e-01 1.033372521400451660e+00
-5.574060231447219849e-02 1.112952709197998047e+00
1.063737049698829651e-01 1.180139899253845215e+00
2.656291723251342773e-01 1.230883955955505371e+00
