8.081024885177612305e-01 -5.950990319252014160e-01 -8.306689262390136719e-01 2.385845184326171875e-01 -6.156194806098937988e-01 -6.800532341003417969e-01 -8.733705282211303711e-01 -5.416820049285888672e-01 5.470803976058959961e-01 -2.728566527366638184e-01 8.202279806137084961e-01 7.044070959091186523e-01 9.414701461791992188e-01 -1.976124197244644165e-01 8.983208537101745605e-01 9.401129484176635742e-01
8.071361184120178223e-01 -4.068177342414855957e-01 -8.839851617813110352e-01 5.319587886333465576e-02 -6.624307036399841309e-01 -6.114930510520935059e-01 -9.072408676147460938e-01 -5.951570272445678711e-01 5.389795303344726562e-01 -2.930522561073303223e-01 7.659503221511840820e-01 8.145443201065063477e-01 9.470924139022827148e-01 -2.310924679040908813e-01 8.734700679779052734e-01 9.470216035842895508e-01
8.056456446647644043e-01 -1.502028852701187134e-01 -9.200445413589477539e-01 -1.171013936400413513e-01 -7.034502029418945312e-01 -5.236659646034240723e-01 -9.312981367111206055e-01 -6.414397954940795898e-01 5.315369963645935059e-01 -3.249427676200866699e-01 6.804313063621520996e-01 8.835154771804809570e-01 9.500157237052917480e-01 -2.756155431270599365e-01 8.305168747901916504e-01 9.511557221412658691e-01
8.030757904052734375e-01 1.334249079227447510e-01 -9.435732960700988770e-01 -2.644783556461334229e-01 -7.384811639785766602e-01 -4.153822064399719238e-01 -9.484828710556030273e-01 -6.813373565673828125e-01 5.250341892242431641e-01 -3.682615458965301514e-01 5.596569180488586426e-01 9.226251244544982910e-01 9.504331350326538086e-01 -3.325755894184112549e-01 7.576020359992980957e-01 9.532461762428283691e-01
7.984068393707275391e-01 3.961334824562072754e-01 -9.589209556579589844e-01 -3.890712261199951172e-01 -7.664372324943542480e-01 -2.865622639656066895e-01 -9.605582952499389648e-01 -7.154631614685058594e-01 5.198283195495605469e-01 -4.200087487697601318e-01 4.145051836967468262e-01 9.431114792823791504e-01 9.479972124099731445e-01 -4.021801948547363281e-01 6.402101516723632812e-01 9.536818265914916992e-01
7.898976802825927734e-01 6.068599820137023926e-01 -9.691726565361022949e-01 -4.943502545356750488e-01 -7.854285240173339844e-01 -1.387566328048706055e-01 -9.686605334281921387e-01 -7.442011833190917969e-01 5.162937045097351074e-01 -4.750279784202575684e-01 2.626533508300781250e-01 9.533902406692504883e-01 9.415175914764404297e-01 -4.820038974285125732e-01 4.673432111740112305e-01 9.525191783905029297e-01
7.747418284416198730e-01 7.577059268951416016e-01 -9.762582182884216309e-01 -5.840260982513427734e-01 -7.925812005996704102e-01 2.447560429573059082e-02 -9.736329317092895508e-01 -7.677991986274719238e-01 5.148134231567382812e-01 -5.276005268096923828e-01 1.153694093227386475e-01 9.587861299514770508e-01 9.285919666290283203e-01 -5.667333602905273438e-01 2.397463917732238770e-01 9.493844509124755859e-01
7.486870288848876953e-01 8.566969037055969238e-01 -9.813069701194763184e-01 -6.608706116676330566e-01 -7.834506034851074219e-01 1.972047984600067139e-01 -9.761178493499755859e-01 -7.863562107086181641e-01 5.159001350402832031e-01 -5.729830861091613770e-01 -2.336449921131134033e-02 9.621382951736450195e-01 9.049705266952514648e-01 -6.498187780380249023e-01 -2.516546845436096191e-02 9.432771205902099609e-01
7.058261036872863770e-01 9.176837205886840820e-01 -9.849526882171630859e-01 -7.265610694885253906e-01 -7.520012259483337402e-01 3.706828653812408447e-01 -9.765261411666870117e-01 -7.996616959571838379e-01 5.203740000724792480e-01 -6.082164049148559570e-01 -1.525522619485855103e-01 9.645717144012451172e-01 8.637874126434326172e-01 -7.254844307899475098e-01 -2.957259416580200195e-01 9.325011372566223145e-01
6.387199759483337402e-01 9.536558389663696289e-01 -9.875397682189941406e-01 -7.819898128509521484e-01 -6.923804283142089844e-01 5.335215330123901367e-01 -9.749717712402343750e-01 -8.069217205047607422e-01 5.294522047042846680e-01 -6.320528984069824219e-01 -2.715130448341369629e-01 9.662005901336669922e-01 7.955233454704284668e-01 -7.899327278137207031e-01 -5.364262461662292480e-01 9.154734015464782715e-01
5.387308001518249512e-01 9.742544889450073242e-01 -9.892534613609313965e-01 -8.277332782745361328e-01 -6.022182703018188477e-01 6.737329959869384766e-01 -9.711779356002807617e-01 -8.064206838607788086e-01 5.446874499320983887e-01 -6.442463397979736328e-01 -3.792495727539062500e-01 9.666860103607177734e-01 6.903129220008850098e-01 -8.416057229042053223e-01 -7.219234108924865723e-01 8.926098942756652832e-01
3.967121541500091553e-01 9.857935905456542969e-01 -9.902017116546630859e-01 -8.644637465476989746e-01 -4.843753874301910400e-01 7.825527191162109375e-01 -9.643113613128662109e-01 -7.952160239219665527e-01 5.677551031112670898e-01 -6.446155309677124023e-01 -4.748740196228027344e-01 9.656221270561218262e-01 5.430836677551269531e-01 -8.808108568191528320e-01 -8.458337187767028809e-01 8.666120767593383789e-01
2.055329382419586182e-01 9.921364784240722656e-01 -9.904617071151733398e-01 -8.931516408920288086e-01 -3.449988663196563721e-01 8.574973344802856445e-01 -9.526585340499877930e-01 -7.690649032592773438e-01 6.000965833663940430e-01 -6.322692036628723145e-01 -5.582088828086853027e-01 9.627078175544738770e-01 3.580279946327209473e-01 -9.091032743453979492e-01 -9.183070659637451172e-01 8.401795029640197754e-01
-3.220796585083007812e-02 9.955624341964721680e-01 -9.900978803634643555e-01 -9.150227308273315430e-01 -1.905132234096527100e-01 9.019997119903564453e-01 -9.330163598060607910e-01 -7.229936122894287109e-01 6.423230767250061035e-01 -6.053183674812316895e-01 -6.299688220024108887e-01 9.576919674873352051e-01 1.482558101415634155e-01 -9.286578893661499023e-01 -9.561580419540405273e-01 8.145998120307922363e-01
-2.890649437904357910e-01 9.973797202110290527e-01 -9.891464710235595703e-01 -9.313724040985107422e-01 -2.688927948474884033e-02 9.221249818801879883e-01 -8.998920917510986328e-01 -6.533156633377075195e-01 6.931634545326232910e-01 -5.616223812103271484e-01 -6.914204359054565430e-01 9.500974416732788086e-01 -6.788581609725952148e-02 -9.417538642883300781e-01 -9.742637872695922852e-01 7.900578975677490234e-01
-5.047968626022338867e-01 9.983162283897399902e-01 -9.875375032424926758e-01 -9.433880448341369629e-01 1.388640999794006348e-01 9.230127334594726562e-01 -8.458360433578491211e-01 -5.613867640495300293e-01 7.481566667556762695e-01 -5.013415217399597168e-01 -7.438349127769470215e-01 9.386391639709472656e-01 -2.708908617496490479e-01 -9.505117535591125488e-01 -9.822786450386047363e-01 7.664000391960144043e-01
-6.216222047805786133e-01 9.987597465515136719e-01 -9.849501848220825195e-01 -9.520494937896728516e-01 2.974226474761962891e-01 9.066547155380249023e-01 -7.659595012664794922e-01 -4.558507502079010010e-01 7.998446226119995117e-01 -4.302520751953125000e-01 -7.881129980087280273e-01 9.203472137451171875e-01 -4.449042081832885742e-01 -9.568164944648742676e-01 -9.851220846176147461e-01 7.437434792518615723e-01
-6.351181864738464355e-01 9.989008903503417969e-01 -9.807300567626953125e-01 -9.580789208412170410e-01 4.388880133628845215e-01 8.713136911392211914e-01 -6.642012596130371094e-01 -3.485049307346343994e-01 8.414130210876464844e-01 -3.592106997966766357e-01 -8.248652815818786621e-01 8.900879025459289551e-01 -5.816690921783447266e-01 -9.621071219444274902e-01 -9.847056865692138672e-01 7.225396633148193359e-01
-5.766392946243286133e-01 9.988100528717041016e-01 -9.740012884140014648e-01 -9.619064331054687500e-01 5.570556521415710449e-01 8.128411173820495605e-01 -5.508046150207519531e-01 -2.478162050247192383e-01 8.705257773399353027e-01 -2.990565598011016846e-01 -8.547625541687011719e-01 8.414044380187988281e-01 -6.802111268043518066e-01 -9.670791625976562500e-01 -9.814593791961669922e-01 7.030897736549377441e-01
-4.713380932807922363e-01 9.984660148620605469e-01 -9.637471437454223633e-01 -9.636484980583190918e-01 6.513743400573730469e-01 7.268697023391723633e-01 -4.348852038383483887e-01 -1.575766801834106445e-01 8.890519738197326660e-01 -2.570290267467498779e-01 -8.785997033119201660e-01 7.680408954620361328e-01 -7.437535524368286133e-01 -9.717884063720703125e-01 -9.749785661697387695e-01 6.853307485580444336e-01
-3.314332962036132812e-01 9.977353811264038086e-01 -9.486092329025268555e-01 -9.630527496337890625e-01 7.251055240631103516e-01 6.101769208908081055e-01 -3.218713700771331787e-01 -7.890777289867401123e-02 9.005053043365478516e-01 -2.366816252470016479e-01 -8.970813155174255371e-01 6.654715538024902344e-01 -7.764449119567871094e-01 -9.760469198226928711e-01 -9.637981653213500977e-01 6.690366864204406738e-01
-1.654386967420578003e-01 9.962778091430664062e-01 -9.265682101249694824e-01 -9.593295454978942871e-01 7.826125621795654297e-01 4.621678590774536133e-01 -2.143933773040771484e-01 -1.178567111492156982e-02 9.079868197441101074e-01 -2.386996150016784668e-01 -9.106284379959106445e-01 5.333957076072692871e-01 -7.807585000991821289e-01 -9.796881079673767090e-01 -9.446557760238647461e-01 6.539922356605529785e-01
1.445829123258590698e-02 9.933069348335266113e-01 -8.949121832847595215e-01 -9.508202075958251953e-01 8.276451826095581055e-01 2.882976233959197998e-01 -1.137248426675796509e-01 4.445808008313179016e-02 9.133644700050354004e-01 -2.609122097492218018e-01 -9.192812442779541016e-01 3.788651823997497559e-01 -7.560194134712219238e-01 -9.826327562332153320e-01 -9.114953875541687012e-01 6.400377750396728516e-01
1.905435770750045776e-01 9.870835542678833008e-01 -8.510707020759582520e-01 -9.345766305923461914e-01 8.627525568008422852e-01 1.030727475881576538e-01 -2.105817943811416626e-02 9.108461439609527588e-02 9.173511266708374023e-01 -2.977132499217987061e-01 -9.227236509323120117e-01 2.160985171794891357e-01 -6.988050937652587891e-01 -9.848656058311462402e-01 -8.550632596015930176e-01 6.270607709884643555e-01
3.450492620468139648e-01 9.740566611289978027e-01 -7.944484949111938477e-01 -9.062254428863525391e-01 8.894874453544616699e-01 -7.398159801959991455e-02 6.166817620396614075e-02 1.298523545265197754e-01 9.199737310409545898e-01 -3.404678702354431152e-01 -9.204753637313842773e-01 6.020367890596389771e-02 -6.062719821929931641e-01 -9.864010810852050781e-01 -7.650390863418579102e-01 6.149845123291015625e-01
4.682963490486145020e-01 9.478603601455688477e-01 -7.276297807693481445e-01 -8.605980873107910156e-01 9.089347124099731445e-01 -2.281413972377777100e-01 1.318429708480834961e-01 1.626719534397125244e-01 9.210382699966430664e-01 -3.801828324794769287e-01 -9.121099710464477539e-01 -7.948045432567596436e-02 -4.808277487754821777e-01 -9.872658252716064453e-01 -6.348744034767150879e-01 6.037788987159729004e-01
5.602152347564697266e-01 8.991576433181762695e-01 -6.551008820533752441e-01 -7.929922938346862793e-01 9.220635890960693359e-01 -3.541730642318725586e-01 1.869930028915405273e-01 1.912031173706054688e-01 9.203621149063110352e-01 -4.107022881507873535e-01 -8.971741795539855957e-01 -2.001284956932067871e-01 -3.311571180820465088e-01 -9.874949455261230469e-01 -4.654903411865234375e-01 5.935089588165283203e-01
6.258115768432617188e-01 8.185946941375732422e-01 -5.808259248733520508e-01 -7.003645300865173340e-01 9.297343492507934570e-01 -4.536672830581665039e-01 2.254879176616668701e-01 2.166684865951538086e-01 9.177932143211364746e-01 -4.293069243431091309e-01 -8.747686147689819336e-01 -3.025239706039428711e-01 -1.689821332693099976e-01 -9.871231317520141602e-01 -2.663762569427490234e-01 5.843864679336547852e-01
6.710567474365234375e-01 7.042790651321411133e-01 -5.071036815643310547e-01 -5.822288990020751953e-01 9.325602054595947266e-01 -5.309692621231079102e-01 2.467845082283020020e-01 2.398732751607894897e-01 9.131575226783752441e-01 -4.349106252193450928e-01 -8.430371284484863281e-01 -3.886293172836303711e-01 -6.027735769748687744e-03 -9.861568808555603027e-01 -5.567694082856178284e-02 5.767519474029541016e-01
7.012652754783630371e-01 5.675592422485351562e-01 -4.350301325321197510e-01 -4.416582584381103516e-01 9.308059215545654297e-01 -5.907765626907348633e-01 2.515727877616882324e-01 2.612734138965606689e-01 9.062305688858032227e-01 -4.266501665115356445e-01 -7.987924814224243164e-01 -4.605498015880584717e-01 1.472578644752502441e-01 -9.845370054244995117e-01 1.437578797340393066e-01 5.709694027900695801e-01
7.208112478256225586e-01 4.269132614135742188e-01 -3.655047714710235596e-01 -2.859104573726654053e-01 9.243228435516357422e-01 -6.372271180152893066e-01 2.419684827327728271e-01 2.809975445270538330e-01 8.967393636703491211e-01 -4.044019877910614014e-01 -7.375820279121398926e-01 -5.202591419219970703e-01 2.830265164375305176e-01 -9.821035861968994141e-01 3.142831623554229736e-01 5.673385262489318848e-01
7.330827713012695312e-01 2.962112426757812500e-01 -2.997379004955291748e-01 -1.249886155128479004e-01 9.124446511268615723e-01 -6.736793518066406250e-01 2.211422026157379150e-01 2.988139390945434570e-01 8.843489885330200195e-01 -3.699659705162048340e-01 -6.545411348342895508e-01 -5.695090293884277344e-01 3.976301550865173340e-01 -9.785734415054321289e-01 4.501661658287048340e-01 5.661357641220092773e-01
7.404932975769042969e-01 1.809908896684646606e-01 -2.391167432069778442e-01 3.155562281608581543e-02 8.938177824020385742e-01 -7.027114629745483398e-01 1.921118199825286865e-01 3.140697777271270752e-01 8.686510920524597168e-01 -3.269721865653991699e-01 -5.460980534553527832e-01 -6.097449064254760742e-01 4.916553795337677002e-01 -9.735134840011596680e-01 5.546950101852416992e-01 5.677213668823242188e-01
7.446548938751220703e-01 8.140174299478530884e-02 -1.849527508020401001e-01 1.768767535686492920e-01 8.662071228027343750e-01 -7.262076735496520996e-01 1.566441357135772705e-01 3.256317973136901855e-01 8.492535352706909180e-01 -2.796651124954223633e-01 -4.121498167514801025e-01 -6.420596837997436523e-01 5.682165622711181641e-01 -9.662920832633972168e-01 6.342192888259887695e-01 5.725889801979064941e-01
7.466339468955993652e-01 -4.556149244308471680e-03 -1.383927315473556519e-01 3.070278465747833252e-01 8.264278769493103027e-01 -7.454918026924133301e-01 1.151597499847412109e-01 3.318758904933929443e-01 8.260181546211242676e-01 -2.318520098924636841e-01 -2.577085494995117188e-01 -6.671896576881408691e-01 6.310623884201049805e-01 -9.560333490371704102e-01 6.947778463363647461e-01 5.813287496566772461e-01
7.471686601638793945e-01 -7.934132218360900879e-02 -1.004681214690208435e-01 4.201447367668151855e-01 7.707389593124389648e-01 -7.614701986312866211e-01 6.745983660221099854e-02 3.308344483375549316e-01 7.993627786636352539e-01 -1.865124851465225220e-01 -9.257648885250091553e-02 -6.855080723762512207e-01 6.834388375282287598e-01 -9.416339397430419922e-01 7.411433458328247070e-01 5.945239663124084473e-01
7.468026280403137207e-01 -1.452312320470809937e-01 -7.220858335494995117e-02 5.157470107078552246e-01 6.960381269454956055e-01 -7.747595310211181641e-01 1.349079981446266174e-02 3.205892145633697510e-01 7.703916430473327637e-01 -1.458124220371246338e-01 7.147186249494552612e-02 -6.969699263572692871e-01 7.277234792709350586e-01 -9.218919873237609863e-01 7.768598794937133789e-01 6.126062870025634766e-01
7.459437847137451172e-01 -2.041400969028472900e-01 -5.475145950913429260e-02 5.943691730499267578e-01 6.015733480453491211e-01 -7.857865095138549805e-01 -4.642515257000923157e-02 2.997882664203643799e-01 7.406503558158874512e-01 -1.111943572759628296e-01 2.243329733610153198e-01 -7.009776234626770020e-01 7.655225992202758789e-01 -8.957383632659912109e-01 8.045191764831542969e-01 6.357065439224243164e-01
7.448846101760864258e-01 -2.576023936271667480e-01 -4.937575757503509521e-02 6.572431325912475586e-01 4.899818599224090576e-01 -7.948547005653381348e-01 -1.118128448724746704e-01 2.679784893989562988e-01 7.116416692733764648e-01 -8.344214409589767456e-02 3.596624135971069336e-01 -6.961699724197387695e-01 7.979244589805603027e-01 -8.624967336654663086e-01 8.260230422019958496e-01 6.635365486145019531e-01
7.438142299652099609e-01 -3.068162798881530762e-01 -5.742452293634414673e-02 7.058953642845153809e-01 3.666988313198089600e-01 -8.021770119667053223e-01 -1.822615712881088257e-01 2.255969792604446411e-01 6.844623684883117676e-01 -6.276696175336837769e-02 4.748330116271972656e-01 -6.801753044128417969e-01 8.257225751876831055e-01 -8.221045732498168945e-01 8.427758812904357910e-01 6.953254938125610352e-01
7.428362965583801270e-01 -3.527098894119262695e-01 -8.014594763517379761e-02 7.417374849319458008e-01 2.382023781538009644e-01 -8.078798055648803711e-01 -2.573756873607635498e-01 1.737422645092010498e-01 6.597179174423217773e-01 -4.894268512725830078e-02 5.698233842849731445e-01 -6.493875384330749512e-01 8.495539426803588867e-01 -7.752549648284912109e-01 8.558137416839599609e-01 7.298305034637451172e-01
7.419908642768859863e-01 -3.960044980049133301e-01 -1.185111105442047119e-01 7.657167315483093262e-01 1.103487610816955566e-01 -8.119831681251525879e-01 -3.365352153778076172e-01 1.139023229479789734e-01 6.376155614852905273e-01 -4.145272076129913330e-02 6.460619568824768066e-01 -5.988492965698242188e-01 8.699654340744018555e-01 -7.234268188476562500e-01 8.658884763717651367e-01 7.654455900192260742e-01
7.412762045860290527e-01 -4.372453093528747559e-01 -1.730383932590484619e-01 7.779849767684936523e-01 -1.247987896203994751e-02 -8.143597841262817383e-01 -4.186452627182006836e-01 4.772334545850753784e-02 6.180977225303649902e-01 -3.960782289505004883e-02 7.055916190147399902e-01 -5.224198698997497559e-01 8.874352574348449707e-01 -6.687765717506408691e-01 8.735206723213195801e-01 8.004082441329956055e-01
7.406663298606872559e-01 -4.767518937587738037e-01 -2.435966730117797852e-01 7.774776816368103027e-01 -1.274764388799667358e-01 -8.146629333496093750e-01 -5.019783973693847656e-01 -2.315685525536537170e-02 6.009514331817626953e-01 -4.263266548514366150e-02 7.505373358726501465e-01 -4.135998189449310303e-01 9.023751616477966309e-01 -6.139034032821655273e-01 8.790259361267089844e-01 8.330618739128112793e-01
7.401249408721923828e-01 -5.143804550170898438e-01 -3.290925323963165283e-01 7.612959146499633789e-01 -2.331109344959259033e-01 -8.122060894966125488e-01 -5.841366052627563477e-01 -9.719662368297576904e-02 5.858820676803588867e-01 -4.974729940295219421e-02 7.827729582786560059e-01 -2.675953209400177002e-01 9.151253104209899902e-01 -5.615381598472595215e-01 8.825111985206604004e-01 8.621016144752502441e-01
7.396144866943359375e-01 -5.488325357437133789e-01 -4.269132614135742188e-01 7.239498496055603027e-01 -3.287107348442077637e-01 -8.057818412780761719e-01 -6.621577143669128418e-01 -1.729350537061691284e-01 5.725604891777038574e-01 -6.027774512767791748e-02 8.036964535713195801e-01 -8.498870581388473511e-02 9.259448647499084473e-01 -5.142228007316589355e-01 8.838325142860412598e-01 8.867332339286804199e-01
7.391024827957153320e-01 -5.759476423263549805e-01 -5.321565866470336914e-01 6.571986079216003418e-01 -4.140771031379699707e-01 -7.934675812721252441e-01 -7.328640818595886230e-01 -2.488625049591064453e-01 5.606517791748046875e-01 -7.382147014141082764e-02 8.140332102775573730e-01 1.241239011287689209e-01 9.349989891052246094e-01 -4.740512073040008545e-01 8.825010061264038086e-01 9.067058563232421875e-01
7.385618686676025391e-01 -5.853846669197082520e-01 -6.372313499450683594e-01 5.526145696640014648e-01 -4.892542660236358643e-01 -7.726097106933593750e-01 -7.935543060302734375e-01 -3.232447504997253418e-01 5.498368740081787109e-01 -9.046596288681030273e-02 8.135590553283691406e-01 3.392198681831359863e-01 9.423485398292541504e-01 -4.425635933876037598e-01 8.775249719619750977e-01 9.222258329391479492e-01
7.379624843597412109e-01 -5.572724342346191406e-01 -7.329906225204467773e-01 4.086888730525970459e-01 -5.545355081558227539e-01 -7.402125000953674316e-01 -8.428517580032348633e-01 -3.941245675086975098e-01 5.398405790328979492e-01 -1.110129207372665405e-01 8.005657196044921875e-01 5.351712703704833984e-01 9.479632377624511719e-01 -4.208783507347106934e-01 8.671611547470092773e-01 9.338002204895019531e-01
7.372444868087768555e-01 -4.660188257694244385e-01 -8.117907047271728516e-01 2.372825443744659424e-01 -6.106207966804504395e-01 -6.935073733329772949e-01 -8.811164498329162598e-01 -4.597228467464447021e-01 5.304830074310302734e-01 -1.370890438556671143e-01 7.708975672721862793e-01 6.924148797988891602e-01 9.517832994461059570e-01 -4.099873304367065430e-01 8.484671711921691895e-01 9.420727491378784180e-01
