6.313468217849731445e-01 -5.137807726860046387e-01 -5.695321559906005859e-01 1.842029094696044922e-01 -5.887122154235839844e-01 -4.659302830696105957e-01 -7.721135616302490234e-01 -4.762533307075500488e-01 -3.807773888111114502e-01 9.157926589250564575e-02 8.216383457183837891e-01 5.082061290740966797e-01 9.259658455848693848e-01 2.140311896800994873e-01 7.358822226524353027e-01 9.265866279602050781e-01
6.225695013999938965e-01 -4.061294496059417725e-01 -6.548535823822021484e-01 3.252295404672622681e-02 -6.333620548248291016e-01 -3.698063790798187256e-01 -8.088217377662658691e-01 -5.213307142257690430e-01 -3.958408534526824951e-01 7.834248244762420654e-03 7.796406745910644531e-01 6.044448614120483398e-01 9.237239956855773926e-01 2.403429150581359863e-01 7.091248035430908203e-01 9.205577373504638672e-01
6.123791337013244629e-01 -2.791279554367065430e-01 -7.264962196350097656e-01 -1.187649667263031006e-01 -6.724549531936645508e-01 -2.553692460060119629e-01 -8.372706174850463867e-01 -5.597991943359375000e-01 -4.086839556694030762e-01 -8.529688417911529541e-02 7.182326316833496094e-01 6.808993220329284668e-01 9.164793491363525391e-01 2.348273098468780518e-01 6.772040128707885742e-01 9.095906615257263184e-01
5.998626947402954102e-01 -1.373692005872726440e-01 -7.845226526260375977e-01 -2.607022821903228760e-01 -7.054964303970336914e-01 -1.268138289451599121e-01 -8.591542243957519531e-01 -5.905974507331848145e-01 -4.187731742858886719e-01 -1.843173056840896606e-01 6.329118013381958008e-01 7.391327619552612305e-01 9.031681418418884277e-01 1.926805227994918823e-01 6.388533115386962891e-01 8.939188122749328613e-01
5.838981866836547852e-01 1.170462369918823242e-02 -8.302519321441650391e-01 -3.878736495971679688e-01 -7.321033477783203125e-01 9.808443486690521240e-03 -8.754737973213195801e-01 -6.127412319183349609e-01 -4.248459339141845703e-01 -2.846215367317199707e-01 5.214477181434631348e-01 7.815547585487365723e-01 8.820911645889282227e-01 1.134301573038101196e-01 5.924374461174011230e-01 8.741739392280578613e-01
5.632500648498535156e-01 1.591068208217620850e-01 -8.655902147293090820e-01 -4.983210265636444092e-01 -7.517579793930053711e-01 1.475881487131118774e-01 -8.867998123168945312e-01 -6.252972483634948730e-01 -4.245605170726776123e-01 -3.814215362071990967e-01 3.856485188007354736e-01 8.107634186744689941e-01 8.507354259490966797e-01 2.018254250288009644e-03 5.360416769981384277e-01 8.515297770500183105e-01
5.367432832717895508e-01 2.965883612632751465e-01 -8.925015926361083984e-01 -5.922957062721252441e-01 -7.636377215385437012e-01 2.799012064933776855e-01 -8.933335542678833008e-01 -6.274591684341430664e-01 -4.142025411128997803e-01 -4.706796407699584961e-01 2.315957546234130859e-01 8.291369676589965820e-01 8.056755661964416504e-01 -1.311495453119277954e-01 4.677417874336242676e-01 8.274949789047241211e-01
5.034428238868713379e-01 4.185031950473785400e-01 -9.127047061920166016e-01 -6.710265278816223145e-01 -7.664582729339599609e-01 4.014290571212768555e-01 -8.949172496795654297e-01 -6.187542080879211426e-01 -3.887505531311035156e-01 -5.496975183486938477e-01 6.800496578216552734e-02 8.386974334716796875e-01 7.427713871002197266e-01 -2.718663215637207031e-01 3.860458433628082275e-01 8.034480810165405273e-01
4.627531468868255615e-01 5.223233699798583984e-01 -9.275662899017333984e-01 -7.360050678253173828e-01 -7.583138942718505859e-01 5.087341666221618652e-01 -8.910275697708129883e-01 -5.993042588233947754e-01 -3.425276577472686768e-01 -6.172374486923217773e-01 -9.607344865798950195e-02 8.411499261856079102e-01 6.578760743141174316e-01 -4.058014750480651855e-01 2.904103994369506836e-01 7.802558541297912598e-01
4.144382774829864502e-01 6.080625057220458984e-01 -9.381104707717895508e-01 -7.887406349182128906e-01 -7.365422844886779785e-01 6.001928448677062988e-01 -8.807383775711059570e-01 -5.699629783630371094e-01 -2.703003883361816406e-01 -6.732707619667053223e-01 -2.528868913650512695e-01 8.379391431808471680e-01 5.481008887290954590e-01 -5.226393938064575195e-01 1.816673278808593750e-01 7.582355141639709473e-01
3.587103486061096191e-01 6.773205995559692383e-01 -9.450641870498657227e-01 -8.307448625564575195e-01 -6.977041959762573242e-01 6.754379272460937500e-01 -8.626424074172973633e-01 -5.321892499923706055e-01 -1.685271263122558594e-01 -7.185543179512023926e-01 -3.966351747512817383e-01 8.302012681961059570e-01 4.133764505386352539e-01 -6.181229352951049805e-01 6.224309653043746948e-02 7.373905181884765625e-01
2.966286838054656982e-01 7.324268817901611328e-01 -9.488925933837890625e-01 -8.635433316230773926e-01 -6.379118561744689941e-01 7.346749305725097656e-01 -8.347876071929931641e-01 -4.877060651779174805e-01 -3.678382933139801025e-02 -7.542181611061096191e-01 -5.235067009925842285e-01 8.186086416244506836e-01 2.577365338802337646e-01 -6.931480765342712402e-01 -6.380750238895416260e-02 7.176747322082519531e-01
2.309624850749969482e-01 7.758535146713256836e-01 -9.498084783554077148e-01 -8.886328339576721191e-01 -5.539037585258483887e-01 7.781132459640502930e-01 -7.948134541511535645e-01 -4.381462335586547852e-01 1.204892843961715698e-01 -7.814654111862182617e-01 -6.314790844917297363e-01 8.032051324844360352e-01 8.956801146268844604e-02 -7.513054609298706055e-01 -1.908628195524215698e-01 6.991270184516906738e-01
1.672855466604232788e-01 8.098955154418945312e-01 -9.477556943893432617e-01 -9.073966145515441895e-01 -4.449818730354309082e-01 8.055351376533508301e-01 -7.405917644500732422e-01 -3.848583698272705078e-01 2.925491034984588623e-01 -8.014076352119445801e-01 -7.200741767883300781e-01 7.833300232887268066e-01 -7.974196970462799072e-02 -7.966333627700805664e-01 -3.119210004806518555e-01 6.818628907203674316e-01
1.144221723079681396e-01 8.365367054939270020e-01 -9.423662424087524414e-01 -9.210187792778015137e-01 -3.148023486137390137e-01 8.159800171852111816e-01 -6.715341806411743164e-01 -3.289192616939544678e-01 4.630250930786132812e-01 -8.150199651718139648e-01 -7.901096940040588379e-01 7.576665878295898438e-01 -2.385109961032867432e-01 -8.323825597763061523e-01 -4.191231131553649902e-01 6.659905910491943359e-01
8.299343287944793701e-02 8.574077486991882324e-01 -9.328819513320922852e-01 -9.304240942001342773e-01 -1.711688935756683350e-01 8.076651096343994141e-01 -5.900243520736694336e-01 -2.712950706481933594e-01 6.142373085021972656e-01 -8.231720328330993652e-01 -8.434208631515502930e-01 7.243986129760742188e-01 -3.775682449340820312e-01 -8.607531785964965820e-01 -5.048254728317260742e-01 6.515371203422546387e-01
8.175577223300933838e-02 8.737735748291015625e-01 -9.180176258087158203e-01 -9.362478852272033691e-01 -2.344616502523422241e-02 7.784017324447631836e-01 -5.015987753868103027e-01 -2.130321860313415527e-01 7.336560487747192383e-01 -8.266563415527343750e-01 -8.825080394744873047e-01 6.814281940460205078e-01 -4.917811751365661621e-01 -8.832054138183593750e-01 -5.630338788032531738e-01 6.384322047233581543e-01
1.136291325092315674e-01 8.865310549736022949e-01 -8.957824707031250000e-01 -9.388239979743957520e-01 1.203510761260986328e-01 7.265719175338745117e-01 -4.131547510623931885e-01 -1.553330421447753906e-01 8.179836869239807129e-01 -8.261321783065795898e-01 -9.101139903068542480e-01 6.266367435455322266e-01 -5.798444747924804688e-01 -9.008607268333435059e-01 -5.904102325439453125e-01 6.265404224395751953e-01
1.743299812078475952e-01 8.962178230285644531e-01 -8.633695840835571289e-01 -9.381695389747619629e-01 2.548488080501556396e-01 6.522034406661987305e-01 -3.305019438266754150e-01 -9.943692386150360107e-02 8.719573616981506348e-01 -8.219786286354064941e-01 -9.288201332092285156e-01 5.582354664802551270e-01 -6.429451107978820801e-01 -9.146931171417236328e-01 -5.861057639122009277e-01 6.157014369964599609e-01
2.544883787631988525e-01 9.030179977416992188e-01 -8.173075914382934570e-01 -9.339445233345031738e-01 3.770378828048706055e-01 5.574988126754760742e-01 -2.570524215698242188e-01 -4.638119414448738098e-02 9.038158655166625977e-01 -8.141340017318725586e-01 -9.407731294631958008e-01 4.752498269081115723e-01 -6.832790970802307129e-01 -9.255329966545104980e-01 -5.506740212440490723e-01 6.057482957839965820e-01
3.433314561843872070e-01 9.067258834838867188e-01 -7.540594339370727539e-01 -9.253704547882080078e-01 4.854680597782135010e-01 4.466770589351654053e-01 -1.939235031604766846e-01 3.190819174051284790e-03 9.213054776191711426e-01 -8.019947409629821777e-01 -9.475820064544677734e-01 3.780520856380462646e-01 -7.029968500137329102e-01 -9.340384006500244141e-01 -4.851251542568206787e-01 5.965134501457214355e-01
4.315957725048065186e-01 9.066191315650939941e-01 -6.711472272872924805e-01 -9.111063480377197266e-01 5.795995593070983887e-01 3.254278600215911865e-01 -1.406759321689605713e-01 4.907813295722007751e-02 9.299706220626831055e-01 -7.843895554542541504e-01 -9.503340125083923340e-01 2.687045335769653320e-01 -7.036252021789550781e-01 -9.407069087028503418e-01 -3.909736275672912598e-01 5.878300070762634277e-01
5.127999782562255859e-01 9.012041091918945312e-01 -5.686154365539550781e-01 -8.891103863716125488e-01 6.594552397727966309e-01 2.001699656248092651e-01 -9.604544937610626221e-02 9.144356846809387207e-02 9.331500530242919922e-01 -7.596149444580078125e-01 -9.496482014656066895e-01 1.508699953556060791e-01 -6.858212351799011230e-01 -9.459129571914672852e-01 -2.713874280452728271e-01 5.795351266860961914e-01
5.832580924034118652e-01 8.878677487373352051e-01 -4.501633048057556152e-01 -8.565867543220520020e-01 7.254799604415893555e-01 7.715857028961181641e-02 -5.846281349658966064e-02 1.306740343570709229e-01 9.325839281082153320e-01 -7.255489826202392578e-01 -9.457028508186340332e-01 2.923276275396347046e-02 -6.493858098983764648e-01 -9.499359130859375000e-01 -1.327314674854278564e-01 5.714707970619201660e-01
6.415123939514160156e-01 8.626829385757446289e-01 -3.229755759239196777e-01 -8.102135062217712402e-01 7.784805297851562500e-01 -3.841577097773551941e-02 -2.639418095350265503e-02 1.672367602586746216e-01 9.290012121200561523e-01 -6.799150705337524414e-01 -9.381980895996093750e-01 -9.136006236076354980e-02 -5.935745239257812500e-01 -9.529725313186645508e-01 1.497197896242141724e-02 5.634784102439880371e-01
6.876536011695861816e-01 8.209321498870849609e-01 -1.958583742380142212e-01 -7.468657493591308594e-01 8.195533156394958496e-01 -1.430630236864089966e-01 1.426583155989646912e-03 2.015679925680160522e-01 9.225008487701416016e-01 -6.207513809204101562e-01 -9.262243509292602539e-01 -2.066868245601654053e-01 -5.177390575408935547e-01 -9.551414251327514648e-01 1.599191129207611084e-01 5.553881525993347168e-01
7.227332592010498047e-01 7.587613463401794434e-01 -7.664686441421508789e-02 -6.647804975509643555e-01 8.499559164047241211e-01 -2.351536452770233154e-01 2.585040964186191559e-02 2.340053021907806396e-01 9.127281904220581055e-01 -5.470019578933715820e-01 -9.080045819282531738e-01 -3.136141896247863770e-01 -4.221805930137634277e-01 -9.564900398254394531e-01 2.919652163982391357e-01 5.470102429389953613e-01
7.483077049255371094e-01 6.751639246940612793e-01 2.951240912079811096e-02 -5.646288394927978516e-01 8.709337711334228516e-01 -3.146156072616577148e-01 4.728475585579872131e-02 2.647457122802734375e-01 8.989021182060241699e-01 -4.590587019920349121e-01 -8.804906606674194336e-01 -4.101845920085906982e-01 -3.089470863342285156e-01 -9.570028781890869141e-01 4.051400423049926758e-01 5.381405949592590332e-01
7.660843729972839355e-01 5.725923180580139160e-01 1.203515157103538513e-01 -4.497660398483276367e-01 8.835405111312866211e-01 -3.823940157890319824e-01 6.579110771417617798e-02 2.937982678413391113e-01 8.797581791877746582e-01 -3.591220974922180176e-01 -8.388769626617431641e-01 -4.954315423965454102e-01 -1.822841912508010864e-01 -9.566063880920410156e-01 4.978380203247070312e-01 5.285955667495727539e-01
7.776475548744201660e-01 4.557693004608154297e-01 1.957347989082336426e-01 -3.253365755081176758e-01 8.884819149971008301e-01 -4.399355649948120117e-01 8.120667934417724609e-02 3.209101259708404541e-01 8.534495234489440918e-01 -2.511982321739196777e-01 -7.763159275054931641e-01 -5.690715909004211426e-01 -4.846085980534553528e-02 -9.551618099212646484e-01 5.714340806007385254e-01 5.182883143424987793e-01
7.842661142349243164e-01 3.299613595008850098e-01 2.567718625068664551e-01 -1.966116875410079956e-01 8.859786987304687500e-01 -4.888173341751098633e-01 9.314593672752380371e-02 3.454646766185760498e-01 8.174294233322143555e-01 -1.405000388622283936e-01 -6.845450997352600098e-01 -6.312057971954345703e-01 8.524700999259948730e-02 -9.524447917938232422e-01 6.286804080009460449e-01 5.073638558387756348e-01
7.868009209632873535e-01 1.998473852872848511e-01 3.051332831382751465e-01 -6.751468032598495483e-02 8.756012320518493652e-01 -5.305075049400329590e-01 1.008551120758056641e-01 3.663682937622070312e-01 7.684132456779479980e-01 -3.234672546386718750e-02 -5.564990639686584473e-01 -6.821100711822509766e-01 2.121983468532562256e-01 -9.481121897697448730e-01 6.725860238075256348e-01 4.964089095592498779e-01
7.857239246368408203e-01 6.916959583759307861e-02 3.425979018211364746e-01 5.964528024196624756e-02 8.560349941253662109e-01 -5.662232637405395508e-01 1.030821278691291809e-01 3.819813132286071777e-01 7.027599215507507324e-01 6.893485784530639648e-02 -3.913327157497406006e-01 -7.221271991729736328e-01 3.277827203273773193e-01 -9.416587352752685547e-01 7.058303356170654297e-01 4.867353141307830811e-01
7.812554240226745605e-01 -5.909173563122749329e-02 3.707817196846008301e-01 1.829502731561660767e-01 8.248884081840515137e-01 -5.968808531761169434e-01 9.822140634059906006e-02 3.902194499969482422e-01 6.178952455520629883e-01 1.605874001979827881e-01 -1.993166804313659668e-01 -7.516166567802429199e-01 4.297437071800231934e-01 -9.323748350143432617e-01 7.305338382720947266e-01 4.806497693061828613e-01
7.735862135887145996e-01 -1.823011338710784912e-01 3.909540474414825439e-01 2.993151247501373291e-01 7.789659500122070312e-01 -6.231396198272705078e-01 8.479595184326171875e-02 3.889711201190948486e-01 5.148445963859558105e-01 2.412972748279571533e-01 -5.901902914047241211e-04 -7.708814740180969238e-01 5.176055431365966797e-01 -9.193248748779296875e-01 7.482543587684631348e-01 4.814330339431762695e-01
7.630802392959594727e-01 -2.977977395057678223e-01 4.038271605968475342e-01 4.044837951660156250e-01 7.155314683914184570e-01 -6.455043554306030273e-01 6.192892789840698242e-02 3.767486214637756348e-01 3.998156189918518066e-01 3.106241226196289062e-01 1.842360347509384155e-01 -7.800049781799316406e-01 5.920615196228027344e-01 -9.013683199882507324e-01 7.601541876792907715e-01 4.926550686359405518e-01
7.503292560577392578e-01 -4.028638005256652832e-01 4.093493819236755371e-01 4.947186112403869629e-01 6.342645287513732910e-01 -6.644096374511718750e-01 2.940542995929718018e-02 3.531257510185241699e-01 2.821994125843048096e-01 3.685198426246643066e-01 3.429542779922485352e-01 -7.786166667938232422e-01 6.546065807342529297e-01 -8.772476911544799805e-01 7.672415971755981445e-01 5.168544054031372070e-01
7.360639572143554688e-01 -4.950952529907226562e-01 4.066908061504364014e-01 5.682064890861511230e-01 5.382952690124511719e-01 -6.802441477775573730e-01 -1.254148129373788834e-02 3.186730444431304932e-01 1.704671084880828857e-01 4.152143001556396484e-01 4.726296067237854004e-01 -7.657306194305419922e-01 7.071067094802856445e-01 -8.457564711570739746e-01 7.705000638961791992e-01 5.542912483215332031e-01
7.210323810577392578e-01 -5.728839039802551270e-01 3.944717049598693848e-01 6.250655651092529297e-01 4.330893754959106445e-01 -6.933320164680480957e-01 -6.329511106014251709e-02 2.746277749538421631e-01 6.976270675659179688e-02 4.512357711791992188e-01 5.756665468215942383e-01 -7.397988438606262207e-01 7.513332366943359375e-01 -8.059482574462890625e-01 7.708329558372497559e-01 6.025608777999877930e-01
7.059057354927062988e-01 -6.356480121612548828e-01 3.710845410823822021e-01 6.665402650833129883e-01 3.241691589355468750e-01 -7.038981318473815918e-01 -1.217056810855865479e-01 2.225873619318008423e-01 -1.799745112657546997e-02 4.773133099079132080e-01 6.562759876251220703e-01 -6.989915370941162109e-01 7.887101173400878906e-01 -7.572776675224304199e-01 7.689470052719116211e-01 6.572661399841308594e-01
6.912156939506530762e-01 -6.836882829666137695e-01 3.349830806255340576e-01 6.941714286804199219e-01 2.155339270830154419e-01 -7.120302915573120117e-01 -1.860271245241165161e-01 1.642715334892272949e-01 -9.299284219741821289e-02 4.941902160644531250e-01 7.186995744705200195e-01 -6.415979862213134766e-01 8.202983140945434570e-01 -6.995856165885925293e-01 7.652992010116577148e-01 7.133267521858215332e-01
6.773238182067871094e-01 -7.177956104278564453e-01 2.849236130714416504e-01 7.092303037643432617e-01 1.094060465693473816e-01 -7.176405787467956543e-01 -2.541396915912628174e-01 1.013279259204864502e-01 -1.564447581768035889e-01 5.024609565734863281e-01 7.665828466415405273e-01 -5.664089918136596680e-01 8.468878269195556641e-01 -6.329614520072937012e-01 7.601152658462524414e-01 7.662573456764221191e-01
6.644233465194702148e-01 -7.388032674789428711e-01 2.201842814683914185e-01 7.123945355415344238e-01 6.768472492694854736e-03 -7.204204201698303223e-01 -3.239427208900451660e-01 3.519436717033386230e-02 -2.099332213401794434e-01 5.024750828742980957e-01 8.028447031974792480e-01 -4.730027914047241211e-01 8.690975904464721680e-01 -5.576004981994628906e-01 7.534375190734863281e-01 8.129324913024902344e-01
6.525623202323913574e-01 -7.472103238105773926e-01 1.407822817564010620e-01 7.035633325576782227e-01 -9.196333587169647217e-02 -7.197746038436889648e-01 -3.936628699302673340e-01 -3.296168148517608643e-02 -2.550322413444519043e-01 4.942995905876159668e-01 8.297128081321716309e-01 -3.619630932807922363e-01 8.874427080154418945e-01 -4.737615883350372314e-01 7.451695799827575684e-01 8.517484068870544434e-01
6.416724920272827148e-01 -7.429115772247314453e-01 4.769290238618850708e-02 6.817457675933837891e-01 -1.864607185125350952e-01 -7.147181034088134766e-01 -4.619292616844177246e-01 -1.022282093763351440e-01 -2.931496202945709229e-01 4.777230620384216309e-01 8.487932085990905762e-01 -2.351163774728775024e-01 9.023669958114624023e-01 -3.818680047988891602e-01 7.351062893867492676e-01 8.823637962341308594e-01
6.315937042236328125e-01 -7.250300645828247070e-01 -5.694956704974174500e-02 6.450298428535461426e-01 -2.762492001056671143e-01 -7.037256360054016113e-01 -5.276541709899902344e-01 -1.718733906745910645e-01 -3.254823088645935059e-01 4.522924423217773438e-01 8.611201047897338867e-01 -9.582238644361495972e-02 9.142493605613708496e-01 -2.827624380588531494e-01 7.229501008987426758e-01 9.052668809890747070e-01
6.220898032188415527e-01 -6.918715238571166992e-01 -1.697359085083007812e-01 5.907369852066040039e-01 -3.606733977794647217e-01 -6.845462918281555176e-01 -5.898598432540893555e-01 -2.412284612655639648e-01 -3.530261218547821045e-01 4.173749983310699463e-01 8.671603202819824219e-01 5.081741139292716980e-02 9.233942031860351562e-01 -1.781106740236282349e-01 7.083182334899902344e-01 9.213442206382751465e-01
6.128530502319335938e-01 -6.410790085792541504e-01 -2.860774397850036621e-01 5.159804224967956543e-01 -4.389895200729370117e-01 -6.540589332580566406e-01 -6.475811004638671875e-01 -3.095497190952301025e-01 -3.766041696071624756e-01 3.722425401210784912e-01 8.667511343955993652e-01 1.981433182954788208e-01 9.300123453140258789e-01 -7.093006372451782227e-02 6.907448172569274902e-01 9.315349459648132324e-01
6.034965515136718750e-01 -5.701002478599548340e-01 -4.006499052047729492e-01 4.188562631607055664e-01 -5.105149745941162109e-01 -6.083511710166931152e-01 -6.998958587646484375e-01 -3.758950829505920410e-01 -3.968920409679412842e-01 3.161871731281280518e-01 8.589497804641723633e-01 3.387856185436248779e-01 9.341922998428344727e-01 3.385670483112335205e-02 6.696774363517761230e-01 9.365859627723693848e-01
5.935270190238952637e-01 -4.770196080207824707e-01 -5.082012414932250977e-01 3.001750111579895020e-01 -5.747621655464172363e-01 -5.432965159416198730e-01 -7.460473179817199707e-01 -4.390658736228942871e-01 -4.144271314144134521e-01 2.487119585275650024e-01 8.417934775352478027e-01 4.660613834857940674e-01 9.358609914779663086e-01 1.290717869997024536e-01 6.444621086120605469e-01 9.368954896926879883e-01
