8.156030178070068359e-01 -6.309368610382080078e-01 -8.164681792259216309e-01 2.248945832252502441e-01 -5.893426537513732910e-01 -6.525676250457763672e-01 -8.530895709991455078e-01 -5.587133765220642090e-01 5.337192416191101074e-01 -3.091886639595031738e-01 7.707575559616088867e-01 6.305486559867858887e-01 9.463813304901123047e-01 -1.402667611837387085e-01 8.968975543975830078e-01 9.219553470611572266e-01
8.149377703666687012e-01 -4.825279712677001953e-01 -8.702811002731323242e-01 4.700708389282226562e-02 -6.346421241760253906e-01 -5.896247625350952148e-01 -8.894547224044799805e-01 -6.123837232589721680e-01 5.242248177528381348e-01 -3.315206766128540039e-01 7.118696570396423340e-01 7.553191184997558594e-01 9.499489068984985352e-01 -1.669430136680603027e-01 8.749454021453857422e-01 9.311882853507995605e-01
8.139209747314453125e-01 -2.628199756145477295e-01 -9.082902669906616211e-01 -1.209546402096748352e-01 -6.741181015968322754e-01 -5.072868466377258301e-01 -9.159052371978759766e-01 -6.585820913314819336e-01 5.153563022613525391e-01 -3.655071258544921875e-01 6.239583492279052734e-01 8.386443853378295898e-01 9.509721398353576660e-01 -2.064003944396972656e-01 8.382242321968078613e-01 9.366606473922729492e-01
8.121644854545593262e-01 1.443102955818176270e-03 -9.339179396629333496e-01 -2.693539261817932129e-01 -7.076131105422973633e-01 -4.037341475486755371e-01 -9.353580474853515625e-01 -6.979364752769470215e-01 5.074135661125183105e-01 -4.108262062072753906e-01 5.026276707649230957e-01 8.891695141792297363e-01 9.496424198150634766e-01 -2.611044645309448242e-01 7.770441174507141113e-01 9.393010735511779785e-01
8.089070916175842285e-01 2.667920887470245361e-01 -9.509922266006469727e-01 -3.960043191909790039e-01 -7.340276241302490234e-01 -2.785914540290832520e-01 -9.495327472686767578e-01 -7.309496402740478516e-01 5.008517503738403320e-01 -4.648002088069915771e-01 3.552660942077636719e-01 9.174712896347045898e-01 9.456664323806762695e-01 -3.322059512138366699e-01 6.779133677482604980e-01 9.396533370018005371e-01
8.027541637420654297e-01 4.962719082832336426e-01 -9.625417590141296387e-01 -5.029068589210510254e-01 -7.511268258094787598e-01 -1.335898041725158691e-01 -9.594612121582031250e-01 -7.578941583633422852e-01 4.962089359760284424e-01 -5.226004123687744141e-01 1.980373710393905640e-01 9.324803352355957031e-01 9.379283785820007324e-01 -4.177905917167663574e-01 5.274952054023742676e-01 9.379224777221679688e-01
7.912946939468383789e-01 6.726371645927429199e-01 -9.705908298492431641e-01 -5.932564735412597656e-01 -7.555471658706665039e-01 2.727209031581878662e-02 -9.658727049827575684e-01 -7.789183259010314941e-01 4.940544664859771729e-01 -5.787413120269775391e-01 4.413875192403793335e-02 9.404511451721191406e-01 9.241437315940856934e-01 -5.120238661766052246e-01 3.205196857452392578e-01 9.339286684989929199e-01
7.706033587455749512e-01 7.963743209838867188e-01 -9.763679504394531250e-01 -6.698753833770751953e-01 -7.424884438514709473e-01 1.977269351482391357e-01 -9.693467617034912109e-01 -7.941009998321533203e-01 4.950625300407409668e-01 -6.286998391151428223e-01 -1.002682745456695557e-01 9.451353549957275391e-01 9.003291726112365723e-01 -6.067218780517578125e-01 6.744803488254547119e-02 9.269965887069702148e-01
7.348474264144897461e-01 8.774286508560180664e-01 -9.805673360824584961e-01 -7.347351908683776855e-01 -7.059015035629272461e-01 3.690603971481323242e-01 -9.702882170677185059e-01 -8.033275008201599121e-01 5.001936554908752441e-01 -6.697913408279418945e-01 -2.331153303384780884e-01 9.483032226562500000e-01 8.601526021957397461e-01 -6.941119432449340820e-01 -2.040363550186157227e-01 9.159557223320007324e-01
6.763811707496643066e-01 9.279407262802124023e-01 -9.835541248321533203e-01 -7.890648245811462402e-01 -6.405175328254699707e-01 5.302163362503051758e-01 -9.688350558280944824e-01 -8.060147166252136230e-01 5.108079314231872559e-01 -7.011123895645141602e-01 -3.534801602363586426e-01 9.503519535064697266e-01 7.948866486549377441e-01 -7.688446044921875000e-01 -4.573462605476379395e-01 8.996752500534057617e-01
5.864068269729614258e-01 9.583259224891662598e-01 -9.855068922042846680e-01 -8.337098360061645508e-01 -5.453890562057495117e-01 6.694121360778808594e-01 -9.647431373596191406e-01 -8.007942438125610352e-01 5.285696983337402344e-01 -7.228307127952575684e-01 -4.605275392532348633e-01 9.509302973747253418e-01 6.954144835472106934e-01 -8.285908699035644531e-01 -6.619498729705810547e-01 8.782883882522583008e-01
4.561619460582733154e-01 9.761363267898559570e-01 -9.865134954452514648e-01 -8.695003390312194824e-01 -4.255172908306121826e-01 7.776280641555786133e-01 -9.572355747222900391e-01 -7.853292226791381836e-01 5.551137328147888184e-01 -7.352952957153320312e-01 -5.537071228027343750e-01 9.494880437850952148e-01 5.569289326667785645e-01 -8.735859394073486328e-01 -8.052095174789428711e-01 8.536912202835083008e-01
2.798032760620117188e-01 9.863596558570861816e-01 -9.866323471069335938e-01 -8.974613547325134277e-01 -2.892255187034606934e-01 8.518767356872558594e-01 -9.447643160820007324e-01 -7.564533352851867676e-01 5.915231704711914062e-01 -7.383551597595214844e-01 -6.332318186759948730e-01 9.456043243408203125e-01 3.833388388156890869e-01 -9.057489633560180664e-01 -8.930227756500244141e-01 8.281903266906738281e-01
6.179904937744140625e-02 9.921215772628784180e-01 -9.859198331832885742e-01 -9.188091754913330078e-01 -1.442626714706420898e-01 8.953319787979125977e-01 -9.246266484260559082e-01 -7.107969522476196289e-01 6.376574635505676270e-01 -7.310936450958251953e-01 -7.001676559448242188e-01 9.390109777450561523e-01 1.870188117027282715e-01 -9.277880191802978516e-01 -9.410253763198852539e-01 8.031567335128784180e-01
-1.703958064317703247e-01 9.953136444091796875e-01 -9.844113588333129883e-01 -9.348081946372985840e-01 3.628350794315338135e-03 9.142459630966186523e-01 -8.926028609275817871e-01 -6.461730599403381348e-01 6.913431882858276367e-01 -7.121906280517578125e-01 -7.560570836067199707e-01 9.292972087860107422e-01 -1.525101065635681152e-02 -9.424921274185180664e-01 -9.649787545204162598e-01 7.789930701255798340e-01
-3.619212806224822998e-01 9.970438480377197266e-01 -9.820160865783691406e-01 -9.466181397438049316e-01 1.497480720281600952e-01 9.143059849739074707e-01 -8.435680866241455078e-01 -5.638601183891296387e-01 7.477736473083496094e-01 -6.813427209854125977e-01 -8.024110794067382812e-01 9.152448177337646484e-01 -2.064702063798904419e-01 -9.523542523384094238e-01 -9.759867191314697266e-01 7.557462453842163086e-01
-4.612596035003662109e-01 9.979363679885864258e-01 -9.783285260200500488e-01 -9.551994800567626953e-01 2.890591919422149658e-01 8.983751535415649414e-01 -7.746046781539916992e-01 -4.702122807502746582e-01 8.002771139144897461e-01 -6.415580511093139648e-01 -8.404139280319213867e-01 8.939259052276611328e-01 -3.730119168758392334e-01 -9.594482779502868652e-01 -9.801267385482788086e-01 7.336494326591491699e-01
-4.621428251266479492e-01 9.983230829238891602e-01 -9.725146293640136719e-01 -9.612624049186706543e-01 4.160549640655517578e-01 8.659393787384033203e-01 -6.886075139045715332e-01 -3.744172453880310059e-01 8.431848287582397461e-01 -5.997697114944458008e-01 -8.709942698478698730e-01 8.603630065917968750e-01 -5.071227550506591797e-01 -9.652581810951232910e-01 -9.799705743789672852e-01 7.131736278533935547e-01
-3.921068310737609863e-01 9.983557462692260742e-01 -9.634279012680053711e-01 -9.652355313301086426e-01 5.264694690704345703e-01 8.141173720359802246e-01 -5.926634669303894043e-01 -2.838376760482788086e-01 8.744355440139770508e-01 -5.638063549995422363e-01 -8.950563669204711914e-01 8.084994554519653320e-01 -6.066327095031738281e-01 -9.704895019531250000e-01 -9.761878252029418945e-01 6.946250200271606445e-01
-2.777350842952728271e-01 9.980589151382446289e-01 -9.497412443161010742e-01 -9.672522544860839844e-01 6.189629435539245605e-01 7.393057346343994141e-01 -4.934025108814239502e-01 -2.022463679313659668e-01 8.953810930252075195e-01 -5.390544533729553223e-01 -9.135095477104187012e-01 7.327098846435546875e-01 -6.728323698043823242e-01 -9.752293229103088379e-01 -9.683547019958496094e-01 6.779546737670898438e-01
-1.354999840259552002e-01 9.973261952400207520e-01 -9.298491477966308594e-01 -9.671097397804260254e-01 6.948229074478149414e-01 6.383247375488281250e-01 -3.949566185474395752e-01 -1.309193819761276245e-01 9.089065790176391602e-01 -5.276114940643310547e-01 -9.271196126937866211e-01 6.292237043380737305e-01 -7.082018256187438965e-01 -9.793303012847900391e-01 -9.548981189727783203e-01 6.629181504249572754e-01
2.272538095712661743e-02 9.958421587944030762e-01 -9.017139077186584473e-01 -9.641300439834594727e-01 7.564893960952758789e-01 5.096206068992614746e-01 -2.991997599601745605e-01 -6.986568123102188110e-02 9.177497625350952148e-01 -5.287439823150634766e-01 -9.363825917243957520e-01 4.981799125671386719e-01 -7.145335078239440918e-01 -9.826629757881164551e-01 -9.325389862060546875e-01 6.492428779602050781e-01
1.847811341285705566e-01 9.928715229034423828e-01 -8.630664348602294922e-01 -9.568739533424377441e-01 8.063076734542846680e-01 3.557943105697631836e-01 -2.066767513751983643e-01 -1.840497925877571106e-02 9.237186908721923828e-01 -5.393797755241394043e-01 -9.414769411087036133e-01 3.459610939025878906e-01 -6.917973160743713379e-01 -9.851871728897094727e-01 -8.956034779548645020e-01 6.366966962814331055e-01
3.373128771781921387e-01 9.868038296699523926e-01 -8.123561143875122070e-01 -9.427439570426940918e-01 8.459948301315307617e-01 1.864943057298660278e-01 -1.177680566906929016e-01 2.463123202323913574e-02 9.276690483093261719e-01 -5.546713471412658691e-01 -9.422944784164428711e-01 1.849683225154876709e-01 -6.382408142089843750e-01 -9.869385957717895508e-01 -8.359546065330505371e-01 6.251079440116882324e-01
4.687537252902984619e-01 9.743492603302001953e-01 -7.502217292785644531e-01 -9.177459478378295898e-01 8.767240643501281738e-01 1.730690896511077881e-02 -3.382717072963714600e-02 6.075276434421539307e-02 9.298485517501831055e-01 -5.691414475440979004e-01 -9.385445117950439453e-01 2.891077846288681030e-02 -5.522745251655578613e-01 -9.879957437515258789e-01 -7.448887228965759277e-01 6.143741011619567871e-01
5.732645988464355469e-01 9.495303630828857422e-01 -6.800603270530700684e-01 -8.768944740295410156e-01 8.994747400283813477e-01 -1.369659751653671265e-01 4.233601689338684082e-02 9.156738221645355225e-02 9.302623271942138672e-01 -5.783198475837707520e-01 -9.298384785652160645e-01 -1.126777976751327515e-01 -4.354904294013977051e-01 -9.884479045867919922e-01 -6.170897483825683594e-01 6.044648289680480957e-01
6.513597965240478516e-01 9.034124016761779785e-01 -6.066143512725830078e-01 -8.153901696205139160e-01 9.152463674545288086e-01 -2.682237029075622559e-01 1.070407405495643616e-01 1.185085698962211609e-01 9.288601875305175781e-01 -5.797300338745117188e-01 -9.155983328819274902e-01 -2.358953952789306641e-01 -2.941963672637939453e-01 -9.883681535720825195e-01 -4.539220333099365234e-01 5.954263210296630859e-01
7.072213888168334961e-01 8.267757296562194824e-01 -5.338392257690429688e-01 -7.299544811248779297e-01 9.250016212463378906e-01 -3.752360045909881592e-01 1.568973511457443237e-01 1.426797807216644287e-01 9.255502223968505859e-01 -5.724041461944580078e-01 -8.947492837905883789e-01 -3.406228423118591309e-01 -1.381502002477645874e-01 -9.877952337265014648e-01 -2.641878724098205566e-01 5.873862504959106445e-01
7.458847761154174805e-01 7.171165943145751953e-01 -4.639336466789245605e-01 -6.197856664657592773e-01 9.294868111610412598e-01 -4.606268405914306641e-01 1.897603720426559448e-01 1.648340076208114624e-01 9.201560616493225098e-01 -5.556801557540893555e-01 -8.653072118759155273e-01 -4.283983111381530762e-01 2.162344008684158325e-02 -9.867199659347534180e-01 -6.334480643272399902e-02 5.805477499961853027e-01
7.718682289123535156e-01 5.843748450279235840e-01 -3.977878391742706299e-01 -4.873563647270202637e-01 9.290840625762939453e-01 -5.282207727432250977e-01 2.052294611930847168e-01 1.853987574577331543e-01 9.124057888984680176e-01 -5.287278890609741211e-01 -8.240321874618530273e-01 -5.012354254722595215e-01 1.745088100433349609e-01 -9.850672483444213867e-01 1.295407712459564209e-01 5.751621127128601074e-01
7.888435125350952148e-01 4.459195733070373535e-01 -3.359299600124359131e-01 -3.389271199703216553e-01 9.237130880355834961e-01 -5.817262530326843262e-01 2.047395110130310059e-01 2.044778168201446533e-01 9.019672274589538574e-01 -4.913477301597595215e-01 -7.664488554000854492e-01 -5.611608624458312988e-01 3.120003342628479004e-01 -9.826736450195312500e-01 2.985349893569946289e-01 5.715050101280212402e-01
7.996236085891723633e-01 3.156262040138244629e-01 -2.790598869323730469e-01 -1.834698468446731567e-01 9.127364158630371094e-01 -6.243260502815246582e-01 1.910466551780700684e-01 2.218210697174072266e-01 8.884772658348083496e-01 -4.449660181999206543e-01 -6.875878572463989258e-01 -6.100234389305114746e-01 4.293814301490783691e-01 -9.792661666870117188e-01 4.365737736225128174e-01 5.698891282081604004e-01
8.062238693237304688e-01 1.996425092220306396e-01 -2.280318140983581543e-01 -2.993280440568923950e-02 8.948284983634948730e-01 -6.585952639579772949e-01 1.670800149440765381e-01 2.367858737707138062e-01 8.715484738349914551e-01 -3.925526738166809082e-01 -5.835515260696411133e-01 -6.493731737136840820e-01 5.260896086692810059e-01 -9.744322896003723145e-01 5.447636842727661133e-01 5.707021951675415039e-01
8.100104928016662598e-01 9.869887679815292358e-02 -1.837041527032852173e-01 1.149379611015319824e-01 8.678072094917297363e-01 -6.865054368972778320e-01 1.348481476306915283e-01 2.483060359954833984e-01 8.508405685424804688e-01 -3.376943767070770264e-01 -4.536119103431701660e-01 -6.803972125053405762e-01 6.044607162475585938e-01 -9.675683975219726562e-01 6.280330419540405273e-01 5.744253993034362793e-01
8.118966221809387207e-01 1.117221266031265259e-02 -1.468871682882308960e-01 2.469083666801452637e-01 8.285533785820007324e-01 -7.094895839691162109e-01 9.515911340713500977e-02 2.549043595790863037e-01 8.262636661529541016e-01 -2.837345600128173828e-01 -3.020020127296447754e-01 -7.039055824279785156e-01 6.679570078849792480e-01 -9.578229784965515137e-01 6.918302774429321289e-01 5.816083550453186035e-01
8.125146031379699707e-01 -6.518456339836120605e-02 -1.183742880821228027e-01 3.635044097900390625e-01 7.733602523803710938e-01 -7.285509705543518066e-01 4.816108196973800659e-02 2.548289299011230469e-01 7.982529401779174805e-01 -2.333771884441375732e-01 -1.380046457052230835e-01 -7.203240394592285156e-01 7.198780775070190430e-01 -9.440854787826538086e-01 7.407853603363037109e-01 5.927980542182922363e-01
8.123276829719543457e-01 -1.325431615114212036e-01 -9.900991618633270264e-02 4.634002745151519775e-01 6.990996003150939941e-01 -7.443830966949462891e-01 -5.921088159084320068e-03 2.463768273591995239e-01 7.679008245468139648e-01 -1.886351108551025391e-01 2.652980387210845947e-02 -7.296527028083801270e-01 7.628065347671508789e-01 -9.250808954238891602e-01 7.784735560417175293e-01 6.084304451942443848e-01
8.116829991340637207e-01 -1.927758157253265381e-01 -8.974753320217132568e-02 5.462649464607238770e-01 6.049917340278625488e-01 -7.574751973152160645e-01 -6.646616756916046143e-02 2.283079326152801514e-01 7.367431521415710449e-01 -1.508775055408477783e-01 1.809594333171844482e-01 -7.313566207885742188e-01 7.985903024673461914e-01 -8.995794057846069336e-01 8.075700998306274414e-01 6.287098526954650879e-01
8.108311891555786133e-01 -2.474081218242645264e-01 -9.163568913936614990e-02 6.126723289489746094e-01 4.937622845172882080e-01 -7.681868076324462891e-01 -1.326176226139068604e-01 2.001148164272308350e-01 7.062984108924865723e-01 -1.208647713065147400e-01 3.183446526527404785e-01 -7.241922020912170410e-01 8.285475373268127441e-01 -8.666630983352661133e-01 8.300711512565612793e-01 6.535059213638305664e-01
8.099373579025268555e-01 -2.976393401622772217e-01 -1.057014912366867065e-01 6.637793183326721191e-01 3.710752129554748535e-01 -7.767845988273620605e-01 -2.035218775272369385e-01 1.620336174964904785e-01 6.776964068412780762e-01 -9.880334138870239258e-02 4.356462657451629639e-01 -7.060108184814453125e-01 8.536700010299682617e-01 -8.259769082069396973e-01 8.474726676940917969e-01 6.822851896286010742e-01
8.090958595275878906e-01 -3.443925678730010986e-01 -1.327767372131347656e-01 7.008554935455322266e-01 2.436623573303222656e-01 -7.834458351135253906e-01 -2.783375680446624756e-01 1.148872226476669312e-01 6.515743136405944824e-01 -8.445826172828674316e-02 5.326110720634460449e-01 -6.735998392105102539e-01 8.747503757476806641e-01 -7.779132723808288574e-01 8.608924746513366699e-01 7.140938043594360352e-01
8.083481788635253906e-01 -3.883697390556335449e-01 -1.733377426862716675e-01 7.248333692550659180e-01 1.175258457660675049e-01 -7.882378101348876953e-01 -3.560581803321838379e-01 5.988561734557151794e-02 6.281594634056091309e-01 -7.729356735944747925e-02 6.105316877365112305e-01 -6.226356029510498047e-01 8.924441933631896973e-01 -7.236849069595336914e-01 8.711503744125366211e-01 7.476141452789306641e-01
8.077005147933959961e-01 -4.300795495510101318e-01 -2.273869961500167847e-01 7.359169721603393555e-01 -2.964638173580169678e-03 -7.910792231559753418e-01 -4.353309869766235352e-01 -1.557592302560806274e-03 6.074014902114868164e-01 -7.659658789634704590e-02 6.713474988937377930e-01 -5.478813648223876953e-01 9.072945117950439453e-01 -6.652546525001525879e-01 8.788213729858398438e-01 7.813054919242858887e-01
8.071384429931640625e-01 -4.697956740856170654e-01 -2.943463325500488281e-01 7.331829071044921875e-01 -1.151490584015846252e-01 -7.916808724403381348e-01 -5.143902301788330078e-01 -6.796955317258834839e-02 5.890851020812988281e-01 -8.157416433095932007e-02 7.170819044113159180e-01 -4.438965022563934326e-01 9.197428226470947266e-01 -6.051311492919921875e-01 8.842664361000061035e-01 8.136078119277954102e-01
8.066375851631164551e-01 -5.073600411415100098e-01 -3.728894889354705811e-01 7.141118049621582031e-01 -2.177256941795349121e-01 -7.894539833068847656e-01 -5.911183953285217285e-01 -1.379020661115646362e-01 5.729082822799682617e-01 -9.143917262554168701e-02 7.494943737983703613e-01 -3.066477477550506592e-01 9.301351308822631836e-01 -5.460850596427917480e-01 8.876387476921081543e-01 8.431611061096191406e-01
8.061709403991699219e-01 -5.416461825370788574e-01 -4.606335461139678955e-01 6.741435527801513672e-01 -3.102773725986480713e-01 -7.833791971206665039e-01 -6.632055044174194336e-01 -2.099327743053436279e-01 5.585324168205261230e-01 -1.055126339197158813e-01 7.698459625244140625e-01 -1.362586170434951782e-01 9.387247562408447266e-01 -4.908580482006072998e-01 8.888580799102783203e-01 8.689812421798706055e-01
8.057129383087158203e-01 -5.693238973617553711e-01 -5.537040233612060547e-01 6.068234443664550781e-01 -3.928307890892028809e-01 -7.718597650527954102e-01 -7.284021377563476562e-01 -2.825757265090942383e-01 5.456143021583557129e-01 -1.233617067337036133e-01 7.786988019943237305e-01 5.979333817958831787e-02 9.456723928451538086e-01 -4.419324696063995361e-01 8.875446915626525879e-01 8.905478715896606445e-01
8.052402138710021973e-01 -5.825501084327697754e-01 -6.464822292327880859e-01 5.058853626251220703e-01 -4.655527770519256592e-01 -7.526570558547973633e-01 -7.848896980285644531e-01 -3.541546761989593506e-01 5.338289737701416016e-01 -1.449734568595886230e-01 7.756714820861816406e-01 2.653911113739013672e-01 9.510457515716552734e-01 -4.014263153076171875e-01 8.829020857810974121e-01 9.077876806259155273e-01
8.047264218330383301e-01 -5.663315653800964355e-01 -7.321969270706176758e-01 3.702535033226013184e-01 -5.286834239959716797e-01 -7.230385541915893555e-01 -8.317220211029052734e-01 -4.227962791919708252e-01 5.228952169418334961e-01 -1.709242761135101318e-01 7.590488195419311523e-01 4.591767191886901855e-01 9.548323154449462891e-01 -3.711647093296051025e-01 8.735316395759582520e-01 9.209762811660766602e-01
8.041269779205322266e-01 -4.995381534099578857e-01 -8.047596812248229980e-01 2.088358402252197266e-01 -5.827039480209350586e-01 -6.800944805145263672e-01 -8.690943717956542969e-01 -4.867140352725982666e-01 5.126167535781860352e-01 -2.024466246366500854e-01 7.251763343811035156e-01 6.221395134925842285e-01 9.569831490516662598e-01 -3.528895378112792969e-01 8.571145534515380859e-01 9.306014776229858398e-01
