1.539970338344573975e-01 9.827952980995178223e-01
2.729764580726623535e-01 9.590610861778259277e-01
3.879542946815490723e-01 9.185396432876586914e-01
4.972091615200042725e-01 8.624208569526672363e-01
5.990692377090454102e-01 7.920130491256713867e-01
6.919339895248413086e-01 7.089792490005493164e-01
7.744436264038085938e-01 6.154182553291320801e-01
8.456527590751647949e-01 5.134679079055786133e-01
9.048838019371032715e-01 4.046755433082580566e-01
9.512997865676879883e-01 2.896779477596282959e-01
9.835823774337768555e-01 1.684985607862472534e-01
1.000007867813110352e+00 4.134454578161239624e-02
9.989287257194519043e-01 -9.047091752290725708e-02
9.794594645500183105e-01 -2.239208370447158813e-01
9.419654607772827148e-01 -3.543901443481445312e-01
8.879246711730957031e-01 -4.767458438873291016e-01
8.192144632339477539e-01 -5.869181752204895020e-01
7.374692559242248535e-01 -6.829537749290466309e-01
6.439842581748962402e-01 -7.648708820343017578e-01
5.399578809738159180e-01 -8.337057828903198242e-01
4.267147183418273926e-01 -8.905538916587829590e-01
3.058791160583496094e-01 -9.359782934188842773e-01
1.795863062143325806e-01 -9.697234034538269043e-01
5.062325298786163330e-02 -9.906458854675292969e-01
-7.777890563011169434e-02 -9.969317913055419922e-01
-2.025807499885559082e-01 -9.866618514060974121e-01
-3.215650022029876709e-01 -9.585267901420593262e-01
-4.334777891635894775e-01 -9.123222231864929199e-01
-5.378054380416870117e-01 -8.490120768547058105e-01
-6.345528364181518555e-01 -7.703280448913574219e-01
-7.239918708801269531e-01 -6.780214309692382812e-01
-8.060920238494873047e-01 -5.732772350311279297e-01
-8.795625567436218262e-01 -4.570552706718444824e-01
-9.411138892173767090e-01 -3.314137458801269531e-01
-9.861145615577697754e-01 -2.003595829010009766e-01
-1.010761737823486328e+00 -6.878039240837097168e-02
-1.013756752014160156e+00 5.944234877824783325e-02
-9.961272478103637695e-01 1.821151226758956909e-01
-9.601383209228515625e-01 2.982322573661804199e-01
-9.083855748176574707e-01 4.073474109172821045e-01
-8.432823419570922852e-01 5.092555880546569824e-01
-7.668060660362243652e-01 6.038902997970581055e-01
-6.804115176200866699e-01 6.912642717361450195e-01
-5.850778818130493164e-01 7.713576555252075195e-01
-4.814641475677490234e-01 8.439346551895141602e-01
-3.701244294643402100e-01 9.083309769630432129e-01
-2.517243027687072754e-01 9.632899165153503418e-01
-1.272026002407073975e-01 1.006950259208679199e+00
2.133579459041357040e-03 1.037080883979797363e+00
1.345368027687072754e-01 1.051553726196289062e+00
