1.310492455959320068e-01 9.857040047645568848e-01
2.541104257106781006e-01 9.637913107872009277e-01
3.739414215087890625e-01 9.265856146812438965e-01
4.898354709148406982e-01 8.734021186828613281e-01
5.982526540756225586e-01 8.037144541740417480e-01
6.954767704010009766e-01 7.193420529365539551e-01
7.802969217300415039e-01 6.232733130455017090e-01
8.532404899597167969e-01 5.180548429489135742e-01
9.139533042907714844e-01 4.053006768226623535e-01
9.600853919982910156e-01 2.859012782573699951e-01
9.888906478881835938e-01 1.608506739139556885e-01
9.996205568313598633e-01 3.220690414309501648e-02
9.938874244689941406e-01 -9.690795838832855225e-02
9.736943244934082031e-01 -2.234236299991607666e-01
9.391130208969116211e-01 -3.454133570194244385e-01
8.881421089172363281e-01 -4.619957506656646729e-01
8.199421167373657227e-01 -5.719117522239685059e-01
7.373304367065429688e-01 -6.725947260856628418e-01
6.443783044815063477e-01 -7.613787651062011719e-01
5.433539152145385742e-01 -8.369095921516418457e-01
4.345926344394683838e-01 -8.989900946617126465e-01
3.179303705692291260e-01 -9.475906491279602051e-01
1.941388547420501709e-01 -9.820206165313720703e-01
6.559386849403381348e-02 -1.000723719596862793e+00
-6.425859034061431885e-02 -1.001827955245971680e+00
-1.922083348035812378e-01 -9.842209219932556152e-01
-3.162102699279785156e-01 -9.485058188438415527e-01
-4.351185858249664307e-01 -8.969785571098327637e-01
-5.473399162292480469e-01 -8.324108719825744629e-01
-6.500604152679443359e-01 -7.567352056503295898e-01
-7.405765056610107422e-01 -6.708596348762512207e-01
-8.178805112838745117e-01 -5.750752091407775879e-01
-8.823354244232177734e-01 -4.692661762237548828e-01
-9.342676401138305664e-01 -3.533866107463836670e-01
-9.729355573654174805e-01 -2.284497171640396118e-01
-9.964894056320190430e-01 -9.725888073444366455e-02
-1.002886414527893066e+00 3.600203618407249451e-02
-9.910370111465454102e-01 1.670737117528915405e-01
-9.612584114074707031e-01 2.926826179027557373e-01
-9.148942232131958008e-01 4.107974469661712646e-01
-8.536692857742309570e-01 5.203580260276794434e-01
-7.792298793792724609e-01 6.208578944206237793e-01
-6.929425001144409180e-01 7.119628787040710449e-01
-5.958881378173828125e-01 7.932122349739074707e-01
-4.890350401401519775e-01 8.637818694114685059e-01
-3.736173808574676514e-01 9.222862124443054199e-01
-2.516097426414489746e-01 9.667224287986755371e-01
-1.258990317583084106e-01 9.948597550392150879e-01
3.498867154121398926e-04 1.005307793617248535e+00
1.249725818634033203e-01 9.985414147377014160e-01
