1.050024479627609253e-01 -8.890161514282226562e-01 5.614636540412902832e-01 9.506702423095703125e-01 -1.288905292749404907e-01 -9.007570743560791016e-01 1.408627778291702271e-01 8.456874638795852661e-02 -7.496255040168762207e-01 6.751350760459899902e-01 8.471192121505737305e-01 -6.729649305343627930e-01 6.481049060821533203e-01 2.894980013370513916e-01 8.621453046798706055e-01 9.008135795593261719e-01
1.177255287766456604e-01 -8.972492814064025879e-01 4.737204015254974365e-01 9.517980813980102539e-01 -2.868551015853881836e-01 -9.006838798522949219e-01 4.643261432647705078e-03 -6.215817108750343323e-02 -7.578363418579101562e-01 6.776571869850158691e-01 8.702628016471862793e-01 -5.676989555358886719e-01 7.280479669570922852e-01 3.781630694866180420e-01 8.663607835769653320e-01 9.372643232345581055e-01
1.280053257942199707e-01 -9.035555124282836914e-01 3.531711995601654053e-01 9.473826885223388672e-01 -4.259359836578369141e-01 -8.973809480667114258e-01 -1.383219808340072632e-01 -2.040672749280929565e-01 -7.639642953872680664e-01 6.763736009597778320e-01 8.885586857795715332e-01 -4.120311737060546875e-01 7.883954048156738281e-01 4.533795416355133057e-01 8.694858551025390625e-01 9.570764303207397461e-01
1.364044696092605591e-01 -9.057967066764831543e-01 1.975214481353759766e-01 9.349002838134765625e-01 -5.453805923461914062e-01 -8.891926407814025879e-01 -2.834469079971313477e-01 -3.352631330490112305e-01 -7.686524391174316406e-01 6.712648868560791016e-01 9.019628167152404785e-01 -1.973500549793243408e-01 8.336371183395385742e-01 5.168947577476501465e-01 8.715444803237915039e-01 9.667636156082153320e-01
1.433269232511520386e-01 -8.974027633666992188e-01 8.796632289886474609e-03 9.082266092300415039e-01 -6.456229686737060547e-01 -8.730781078338623047e-01 -4.263606965541839600e-01 -4.523228406906127930e-01 -7.723147273063659668e-01 6.621692776679992676e-01 9.099707007408142090e-01 6.893602013587951660e-02 8.673955202102661133e-01 5.705003738403320312e-01 8.723767995834350586e-01 9.704196453094482422e-01
1.491098701953887939e-01 -8.591852784156799316e-01 -2.020073533058166504e-01 8.547389507293701172e-01 -7.278915643692016602e-01 -8.442937135696411133e-01 -5.601843595504760742e-01 -5.535731315612792969e-01 -7.752274870872497559e-01 6.486433744430541992e-01 9.112095236778259277e-01 3.531149923801422119e-01 8.923652172088623047e-01 6.159088611602783203e-01 8.715357780456542969e-01 9.701267480850219727e-01
1.541118174791336060e-01 -7.489622831344604492e-01 -4.117539525032043457e-01 7.551606893539428711e-01 -7.940307855606079102e-01 -7.978225946426391602e-01 -6.765108108520507812e-01 -6.382930874824523926e-01 -7.775787711143493652e-01 6.295215487480163574e-01 9.024913311004638672e-01 6.042417287826538086e-01 9.104771018028259277e-01 6.547497510910034180e-01 8.681244254112243652e-01 9.665663838386535645e-01
1.587730348110198975e-01 -5.284395813941955566e-01 -5.921335220336914062e-01 5.975452065467834473e-01 -8.464732170104980469e-01 -7.313062548637390137e-01 -7.700550556182861328e-01 -7.070524692535400391e-01 -7.794829607009887695e-01 6.021423935890197754e-01 8.765903711318969727e-01 7.852519750595092773e-01 9.231755733489990234e-01 6.884408593177795410e-01 8.604278564453125000e-01 9.593089818954467773e-01
1.635878235101699829e-01 -2.278224527835845947e-01 -7.262243032455444336e-01 3.995012044906616211e-01 -8.876093626022338867e-01 -6.459124088287353516e-01 -8.405690789222717285e-01 -7.618274688720703125e-01 -7.809787988662719727e-01 5.623083114624023438e-01 8.194245696067810059e-01 8.927280902862548828e-01 9.316120147705078125e-01 7.178249359130859375e-01 8.451461791992187500e-01 9.467328786849975586e-01
1.689594984054565430e-01 8.067625761032104492e-02 -8.158593177795410156e-01 1.968294978141784668e-01 -9.189973473548889160e-01 -5.446311831474304199e-01 -8.905960321426391602e-01 -8.041622638702392578e-01 -7.820233702659606934e-01 5.066819787025451660e-01 7.169939875602722168e-01 9.465352296829223633e-01 9.365451335906982422e-01 7.428537607192993164e-01 8.172808885574340820e-01 9.261757135391235352e-01
1.750623434782028198e-01 3.485990762710571289e-01 -8.725025653839111328e-01 1.188687980175018311e-02 -9.418345689773559570e-01 -4.296483397483825684e-01 -9.241321086883544922e-01 -8.347606658935546875e-01 -7.824270129203796387e-01 4.350442290306091309e-01 5.733274221420288086e-01 9.700759649276733398e-01 9.381780624389648438e-01 7.625253200531005859e-01 7.716629505157470703e-01 8.940294384956359863e-01
1.817614436149597168e-01 5.593808889389038086e-01 -9.074903726577758789e-01 -1.499225497245788574e-01 -9.575868844985961914e-01 -3.020419776439666748e-01 -9.455802440643310547e-01 -8.546516299247741699e-01 -7.817049622535705566e-01 3.494698405265808105e-01 4.072534143924713135e-01 9.795545339584350586e-01 9.360707998275756836e-01 7.749097943305969238e-01 7.044537067413330078e-01 8.453371524810791016e-01
1.884993612766265869e-01 7.145135402679443359e-01 -9.289082288742065430e-01 -2.900341749191284180e-01 -9.678450822830200195e-01 -1.630448997020721436e-01 -9.587168097496032715e-01 -8.653059601783752441e-01 -7.788706421852111816e-01 2.526843845844268799e-01 2.351528257131576538e-01 9.832629561424255371e-01 9.290137887001037598e-01 7.772321701049804688e-01 6.136642694473266602e-01 7.736437320709228516e-01
1.940763145685195923e-01 8.228971958160400391e-01 -9.418528079986572266e-01 -4.111733436584472656e-01 -9.739614725112915039e-01 -1.493856310844421387e-02 -9.662899971008300781e-01 -8.680334091186523438e-01 -7.721452713012695312e-01 1.472645998001098633e-01 6.596539914608001709e-02 9.846527576446533203e-01 9.147053956985473633e-01 7.659080624580383301e-01 4.990264773368835449e-01 6.718383431434631348e-01
1.962267309427261353e-01 8.951424360275268555e-01 -9.493658542633056641e-01 -5.157269835472106934e-01 -9.768531918525695801e-01 1.385376900434494019e-01 -9.700400829315185547e-01 -8.635362982749938965e-01 -7.585212588310241699e-01 3.548279404640197754e-02 -9.623253345489501953e-02 9.849369525909423828e-01 8.891255259513854980e-01 7.363544702529907227e-01 3.616285324096679688e-01 5.350040197372436523e-01
1.908741146326065063e-01 9.409968852996826172e-01 -9.532126188278198242e-01 -6.054913401603698730e-01 -9.769220352172851562e-01 2.921131253242492676e-01 -9.708591699600219727e-01 -8.517004847526550293e-01 -7.331225275993347168e-01 -8.047106862068176270e-02 -2.494803816080093384e-01 9.844216704368591309e-01 8.457789421081542969e-01 6.826941967010498047e-01 2.037148475646972656e-01 3.654642701148986816e-01
1.710960417985916138e-01 9.684872627258300781e-01 -9.544355869293212891e-01 -6.817996501922607422e-01 -9.739332199096679688e-01 4.393358230590820312e-01 -9.689135551452636719e-01 -8.315224647521972656e-01 -6.883476972579956055e-01 -1.979416012763977051e-01 -3.922420740127563477e-01 9.830365180969238281e-01 7.759109735488891602e-01 5.979887247085571289e-01 2.892372012138366699e-02 1.767119318246841431e-01
1.263327747583389282e-01 9.838768243789672852e-01 -9.537739753723144531e-01 -7.457261681556701660e-01 -9.666745662689208984e-01 5.734671354293823242e-01 -9.636347293853759766e-01 -8.011605739593505859e-01 -6.129646301269531250e-01 -3.131562471389770508e-01 -5.225523710250854492e-01 9.805129170417785645e-01 6.722703576087951660e-01 4.761448204517364502e-01 -1.570213437080383301e-01 -9.716793894767761230e-03
4.327877610921859741e-02 9.918470382690429688e-01 -9.519786238670349121e-01 -7.982861995697021484e-01 -9.521479606628417969e-01 6.888175606727600098e-01 -9.535141587257385254e-01 -7.581446170806884766e-01 -4.920001327991485596e-01 -4.211180806159973145e-01 -6.380265951156616211e-01 9.764146804809570312e-01 5.366927981376647949e-01 3.160160481929779053e-01 -3.455156087875366211e-01 -1.743516474962234497e-01
-8.879157900810241699e-02 9.956459999084472656e-01 -9.499373435974121094e-01 -8.406001329421997070e-01 -9.240095615386962891e-01 7.820653915405273438e-01 -9.356021881103515625e-01 -6.998248100280761719e-01 -3.101580440998077393e-01 -5.165427923202514648e-01 -7.365844249725341797e-01 9.700602889060974121e-01 3.827655315399169922e-01 1.254258006811141968e-01 -5.248628854751586914e-01 -3.078275322914123535e-01
-2.651567459106445312e-01 9.972691535949707031e-01 -9.484663605690002441e-01 -8.739634752273559570e-01 -8.704448342323303223e-01 8.528901338577270508e-01 -9.046016931533813477e-01 -6.241306066513061523e-01 -6.280334293842315674e-02 -5.953063964843750000e-01 -8.171060085296630859e-01 9.602762460708618164e-01 2.272285521030426025e-01 -7.939010113477706909e-02 -6.816432476043701172e-01 -4.106966853141784668e-01
-4.504124224185943604e-01 9.977561235427856445e-01 -9.477566480636596680e-01 -8.998118042945861816e-01 -7.740529179573059082e-01 9.034721851348876953e-01 -8.519660830497741699e-01 -5.306587219238281250e-01 2.281637638807296753e-01 -6.553938388824462891e-01 -8.794542551040649414e-01 9.447234272956848145e-01 8.066255599260330200e-02 -2.799109518527984619e-01 -8.042854070663452148e-01 -4.881718754768371582e-01
-5.866054296493530273e-01 9.975190758705139160e-01 -9.468094706535339355e-01 -9.196330308914184570e-01 -6.210520267486572266e-01 9.371182918548583984e-01 -7.676976323127746582e-01 -4.220741093158721924e-01 5.112217068672180176e-01 -6.972959041595458984e-01 -9.243777990341186523e-01 9.183021783828735352e-01 -5.400221794843673706e-02 -4.616508483886718750e-01 -8.874896764755249023e-01 -5.456122159957885742e-01
-6.364746093750000000e-01 9.965928792953491211e-01 -9.433506727218627930e-01 -9.348251819610595703e-01 -4.196789562702178955e-01 9.567192792892456055e-01 -6.487363576889038086e-01 -3.046146333217620850e-01 7.319000363349914551e-01 -7.242940664291381836e-01 -9.539108872413635254e-01 8.706578016281127930e-01 -1.781124323606491089e-01 -6.158339977264404297e-01 -9.342406988143920898e-01 -5.872725248336791992e-01
-6.034355163574218750e-01 9.947659373283386230e-01 -9.342491626739501953e-01 -9.465166330337524414e-01 -1.999907344579696655e-01 9.633672833442687988e-01 -5.062847137451171875e-01 -1.863680183887481689e-01 8.687764406204223633e-01 -7.418161630630493164e-01 -9.714894890785217285e-01 7.856055498123168945e-01 -2.931322157382965088e-01 -7.381615638732910156e-01 -9.532315731048583984e-01 -6.170393228530883789e-01
-5.059343576431274414e-01 9.915158748626708984e-01 -9.155460596084594727e-01 -9.554381370544433594e-01 1.036718487739562988e-02 9.550125598907470703e-01 -3.574212789535522461e-01 -7.497648149728775024e-02 9.376114010810852051e-01 -7.554103732109069824e-01 -9.808462858200073242e-01 6.475404500961303711e-01 -3.986691236495971680e-01 -8.286271095275878906e-01 -9.531747102737426758e-01 -6.385139226913452148e-01
-3.608806431293487549e-01 9.856024980545043945e-01 -8.815788030624389648e-01 -9.618351459503173828e-01 1.981148272752761841e-01 9.247403144836425781e-01 -2.125779390335083008e-01 2.417311817407608032e-02 9.670426845550537109e-01 -7.688122391700744629e-01 -9.847122430801391602e-01 4.552983641624450684e-01 -4.933791756629943848e-01 -8.912316560745239258e-01 -9.376883506774902344e-01 -6.544129848480224609e-01
-1.864441633224487305e-01 9.741210937500000000e-01 -8.246658444404602051e-01 -9.652870893478393555e-01 3.593197464942932129e-01 8.588351607322692871e-01 -7.466578483581542969e-02 1.088759079575538635e-01 9.786624312400817871e-01 -7.826446294784545898e-01 -9.844349622726440430e-01 2.341932505369186401e-01 -5.762559175491333008e-01 -9.319988489151000977e-01 -9.028235077857971191e-01 -6.664760112762451172e-01
-6.199577823281288147e-03 9.507972598075866699e-01 -7.381853461265563965e-01 -9.643526673316955566e-01 4.932291209697723389e-01 7.394061088562011719e-01 5.571328103542327881e-02 1.795514374971389771e-01 9.831582903861999512e-01 -7.935917377471923828e-01 -9.803109765052795410e-01 2.438038587570190430e-02 -6.468031406402587891e-01 -9.569918513298034668e-01 -8.372851610183715820e-01 -6.757637858390808105e-01
1.555204689502716064e-01 9.033999443054199219e-01 -6.224437952041625977e-01 -9.560892581939697266e-01 6.005630493164062500e-01 5.589939355850219727e-01 1.777036190032958984e-01 2.379934489727020264e-01 9.843902587890625000e-01 -7.952846288681030273e-01 -9.721929430961608887e-01 -1.496821492910385132e-01 -7.042295932769775391e-01 -9.713793396949768066e-01 -7.264452576637268066e-01 -6.829352378845214844e-01
2.823566794395446777e-01 8.120781183242797852e-01 -4.859873950481414795e-01 -9.354873299598693848e-01 6.837983727455139160e-01 3.358885645866394043e-01 2.903903424739837646e-01 2.864365577697753906e-01 9.833719730377197266e-01 -7.810734510421752930e-01 -9.598886966705322266e-01 -2.857747077941894531e-01 -7.464706897735595703e-01 -9.791378378868103027e-01 -5.611250400543212891e-01 -6.883723735809326172e-01
3.664168417453765869e-01 6.586145162582397461e-01 -3.406787812709808350e-01 -8.952887654304504395e-01 7.467554807662963867e-01 1.066005676984786987e-01 3.923974037170410156e-01 3.272133171558380127e-01 9.800559282302856445e-01 -7.455862760543823242e-01 -9.430200457572937012e-01 -3.907493054866790771e-01 -7.705098986625671387e-01 -9.830020070075988770e-01 -3.506268858909606934e-01 -6.922250390052795410e-01
4.059395790100097656e-01 4.515178203582763672e-01 -1.967193484306335449e-01 -8.274905085563659668e-01 7.937396764755249023e-01 -9.759165346622467041e-02 4.819092750549316406e-01 3.625612258911132812e-01 9.737672805786132812e-01 -6.842424273490905762e-01 -9.205498099327087402e-01 -4.720358252525329590e-01 -7.748720645904541016e-01 -9.846117496490478516e-01 -1.276081800460815430e-01 -6.944846510887145996e-01
4.049531221389770508e-01 2.286617159843444824e-01 -6.109209358692169189e-02 -7.271170616149902344e-01 8.288414478302001953e-01 -2.637250423431396484e-01 5.581182837486267090e-01 3.943677842617034912e-01 9.632358551025390625e-01 -5.943890810012817383e-01 -8.902515172958374023e-01 -5.356243252754211426e-01 -7.623249292373657227e-01 -9.847836494445800781e-01 7.272963970899581909e-02 -6.950432062149047852e-01
3.720559179782867432e-01 2.353709936141967773e-02 6.199328973889350891e-02 -5.955581068992614746e-01 8.553979992866516113e-01 -3.934988081455230713e-01 6.220422387123107910e-01 4.240244626998901367e-01 9.464473724365234375e-01 -4.785164296627044678e-01 -8.482118844985961914e-01 -5.860685706138610840e-01 -7.389950752258300781e-01 -9.837804436683654785e-01 2.358296811580657959e-01 -6.936373114585876465e-01
3.170360326766967773e-01 -1.507920324802398682e-01 1.707281172275543213e-01 -4.396709501743316650e-01 8.757634758949279785e-01 -4.941334128379821777e-01 6.755841970443725586e-01 4.524118602275848389e-01 9.200772047042846680e-01 -3.443420529365539551e-01 -7.885074615478515625e-01 -6.266708970069885254e-01 -7.106786966323852539e-01 -9.815061092376708984e-01 3.645522594451904297e-01 -6.896780729293823242e-01
2.482796013355255127e-01 -2.940607368946075439e-01 2.650979757308959961e-01 -2.683938145637512207e-01 8.914337158203125000e-01 -5.727780461311340332e-01 7.203571200370788574e-01 4.799327850341796875e-01 8.785485029220581055e-01 -2.018213868141174316e-01 -7.034879326820373535e-01 -6.597294807434082031e-01 -6.806559562683105469e-01 -9.775664210319519043e-01 4.664726853370666504e-01 -6.820275187492370605e-01
1.725854575634002686e-01 -4.104758501052856445e-01 3.460668325424194336e-01 -9.045661985874176025e-02 9.032523632049560547e-01 -6.349686980247497559e-01 7.572524547576904297e-01 5.065435171127319336e-01 8.128506541252136230e-01 -6.049805134534835815e-02 -5.853137373924255371e-01 -6.868246197700500488e-01 -6.498044133186340332e-01 -9.711581468582153320e-01 5.479941368103027344e-01 -6.686738729476928711e-01
9.617920964956283569e-02 -5.049708485603332520e-01 4.149860441684722900e-01 8.613052964210510254e-02 9.114888906478881836e-01 -6.847085952758789062e-01 7.865087985992431641e-01 5.317470431327819824e-01 7.095816135406494141e-01 7.209122925996780396e-02 -4.297179579734802246e-01 -7.090542316436767578e-01 -6.174585223197937012e-01 -9.607338905334472656e-01 6.134690046310424805e-01 -6.461706161499023438e-01
2.588274143636226654e-02 -5.819897055625915527e-01 4.732947051525115967e-01 2.537874579429626465e-01 9.156854152679443359e-01 -7.248647212982177734e-01 8.078994154930114746e-01 5.545499920845031738e-01 5.528470277786254883e-01 1.910978853702545166e-01 -2.420426160097122192e-01 -7.272014617919921875e-01 -5.821446180343627930e-01 -9.433044195175170898e-01 6.656898260116577148e-01 -6.087551712989807129e-01
-3.044936805963516235e-02 -6.451791524887084961e-01 5.223962068557739258e-01 4.056003689765930176e-01 9.141417741775512695e-01 -7.575339078903198242e-01 8.208410739898681641e-01 5.734504461288452148e-01 3.353680074214935303e-01 2.941949963569641113e-01 -4.108621925115585327e-02 -7.418439388275146484e-01 -5.419062376022338867e-01 -9.132488965988159180e-01 7.065481543540954590e-01 -5.475389361381530762e-01
-6.556357443332672119e-02 -6.972812414169311523e-01 5.635807514190673828e-01 5.366065502166748047e-01 9.029873609542846680e-01 -7.843289375305175781e-01 8.244196176528930664e-01 5.865719914436340332e-01 7.856882363557815552e-02 3.808482289314270020e-01 1.475960314273834229e-01 -7.534013986587524414e-01 -4.937433898448944092e-01 -8.613666296005249023e-01 7.377762794494628906e-01 -4.516690671443939209e-01
-7.633150368928909302e-02 -7.400973439216613770e-01 5.979064702987670898e-01 6.448494195938110352e-01 8.756815791130065918e-01 -8.065572977066040039e-01 8.174557685852050781e-01 5.918893814086914062e-01 -1.680251508951187134e-01 4.516296386718750000e-01 3.064820468425750732e-01 -7.621201276779174805e-01 -4.319992363452911377e-01 -7.776448726654052734e-01 7.616227865219116211e-01 -3.142175376415252686e-01
-6.541136652231216431e-02 -7.748045325279235840e-01 6.260281801223754883e-01 7.310398817062377930e-01 8.250076770782470703e-01 -8.252567052841186523e-01 7.985185980796813965e-01 5.872359871864318848e-01 -3.646423518657684326e-01 5.080249905586242676e-01 4.324668347835540771e-01 -7.680277824401855469e-01 -3.477840423583984375e-01 -6.599603295326232910e-01 7.807040214538574219e-01 -1.392523348331451416e-01
-3.920713067054748535e-02 -8.025490641593933105e-01 6.479979157447814941e-01 7.975835204124450684e-01 7.466258406639099121e-01 -8.411449790000915527e-01 7.655286788940429688e-01 5.700260400772094727e-01 -5.034679770469665527e-01 5.522462725639343262e-01 5.309567451477050781e-01 -7.708739042282104492e-01 -2.323644310235977173e-01 -5.178752541542053223e-01 7.969802618026733398e-01 5.884607881307601929e-02
-5.286963656544685364e-03 -8.246746063232421875e-01 6.630756258964538574e-01 8.476760387420654297e-01 6.398476958274841309e-01 -8.546345829963684082e-01 7.152200341224670410e-01 5.370352864265441895e-01 -5.954803228378295898e-01 5.866701602935791016e-01 6.088601350784301758e-01 -7.700247764587402344e-01 -8.387788385152816772e-02 -3.650030195713043213e-01 8.112767338752746582e-01 2.615615725517272949e-01
2.942319959402084351e-02 -8.425326943397521973e-01 6.695678234100341797e-01 8.845393657684326172e-01 5.065272450447082520e-01 -8.659344315528869629e-01 6.434776782989501953e-01 4.845588803291320801e-01 -6.548218727111816406e-01 6.133310198783874512e-01 6.717662215232849121e-01 -7.642552852630615234e-01 8.725149929523468018e-02 -2.121289968490600586e-01 8.237176537513732910e-01 4.513697028160095215e-01
6.023557484149932861e-02 -8.572710156440734863e-01 6.647000908851623535e-01 9.109652042388916016e-01 3.514515161514282227e-01 -8.751470446586608887e-01 5.473189949989318848e-01 4.092805385589599609e-01 -6.929209232330322266e-01 6.337146759033203125e-01 7.235912084579467773e-01 -7.513568997383117676e-01 2.610369920730590820e-01 -6.638493388891220093e-02 8.342692255973815918e-01 6.147656440734863281e-01
8.536504209041595459e-02 -8.697533011436462402e-01 6.446146368980407715e-01 9.291704297065734863e-01 1.829926520586013794e-01 -8.823108673095703125e-01 4.276526868343353271e-01 3.100138902664184570e-01 -7.177215814590454102e-01 6.487982869148254395e-01 7.669027447700500488e-01 -7.274971604347229004e-01 4.185004532337188721e-01 6.752269715070724487e-02 8.429899811744689941e-01 7.438387870788574219e-01
1.051105111837387085e-01 -8.805576562881469727e-01 6.046288609504699707e-01 9.407881498336791992e-01 1.141496747732162476e-02 -8.873854875564575195e-01 2.900566160678863525e-01 1.894465684890747070e-01 -7.343177795410156250e-01 6.592112779617309570e-01 8.033102154731750488e-01 -6.863926649093627930e-01 5.495700836181640625e-01 1.867660880088806152e-01 8.500486016273498535e-01 8.369621038436889648e-01
