-4.888354539871215820e-01 1.020542860031127930e+00
-3.342251479625701904e-01 1.146407365798950195e+00
-1.700132936239242554e-01 1.260342240333557129e+00
6.738856434822082520e-03 1.364779353141784668e+00
1.961474567651748657e-01 1.459354758262634277e+00
3.934357762336730957e-01 1.539028525352478027e+00
5.925225615501403809e-01 1.595535755157470703e+00
7.889897227287292480e-01 1.622233510017395020e+00
9.736893773078918457e-01 1.616589546203613281e+00
1.136368632316589355e+00 1.579721212387084961e+00
1.273102045059204102e+00 1.516275525093078613e+00
1.384109735488891602e+00 1.431998491287231445e+00
1.470702409744262695e+00 1.330183625221252441e+00
1.533711314201354980e+00 1.211124539375305176e+00
1.573070764541625977e+00 1.073537349700927734e+00
1.588402032852172852e+00 9.165202975273132324e-01
1.579745531082153320e+00 7.411464452743530273e-01
1.547243714332580566e+00 5.506812930107116699e-01
1.489894270896911621e+00 3.495728969573974609e-01
1.405100822448730469e+00 1.419021040201187134e-01
1.290090084075927734e+00 -6.985388696193695068e-02
1.144701838493347168e+00 -2.836286127567291260e-01
9.745081067085266113e-01 -4.946149885654449463e-01
7.916476726531982422e-01 -6.939528584480285645e-01
6.082285046577453613e-01 -8.731834888458251953e-01
4.276500940322875977e-01 -1.030267000198364258e+00
2.462454885244369507e-01 -1.167909741401672363e+00
6.120325624942779541e-02 -1.287039875984191895e+00
-1.273234337568283081e-01 -1.384521842002868652e+00
-3.198477029800415039e-01 -1.457143187522888184e+00
-5.171433091163635254e-01 -1.505038499832153320e+00
-7.161785960197448730e-01 -1.530389428138732910e+00
-9.071634411811828613e-01 -1.534497857093811035e+00
-1.077865481376647949e+00 -1.517579913139343262e+00
-1.222373962402343750e+00 -1.480657815933227539e+00
-1.341590285301208496e+00 -1.425387024879455566e+00
-1.438456773757934570e+00 -1.352411150932312012e+00
-1.514662027359008789e+00 -1.260469913482666016e+00
-1.568948984146118164e+00 -1.146676421165466309e+00
-1.596447229385375977e+00 -1.008076071739196777e+00
-1.590697646141052246e+00 -8.445828557014465332e-01
-1.549669027328491211e+00 -6.616853475570678711e-01
-1.479256153106689453e+00 -4.683852195739746094e-01
-1.388095021247863770e+00 -2.707188725471496582e-01
-1.282341480255126953e+00 -7.006759941577911377e-02
-1.165305972099304199e+00 1.329669207334518433e-01
-1.038576602935791016e+00 3.352340459823608398e-01
-9.032870531082153320e-01 5.307474732398986816e-01
-7.610383033752441406e-01 7.129774093627929688e-01
-6.135983467102050781e-01 8.775333166122436523e-01
