1.638718843460083008e-01 1.010305523872375488e+00
2.884251177310943604e-01 9.866684675216674805e-01
4.096659123897552490e-01 9.466927051544189453e-01
5.261105895042419434e-01 8.895845413208007812e-01
6.338557004928588867e-01 8.155095577239990234e-01
7.293100357055664062e-01 7.269415855407714844e-01
8.115074038505554199e-01 6.271253824234008789e-01
8.812838792800903320e-01 5.186623334884643555e-01
9.388151168823242188e-01 4.031341671943664551e-01
9.823365211486816406e-01 2.813200950622558594e-01
1.009308815002441406e+00 1.540186107158660889e-01
1.018586516380310059e+00 2.304439619183540344e-02
1.010917425155639648e+00 -1.087011396884918213e-01
9.871907234191894531e-01 -2.383313477039337158e-01
9.465866088867187500e-01 -3.639702498912811279e-01
8.875890374183654785e-01 -4.843233525753021240e-01
8.114513158798217773e-01 -5.972846150398254395e-01
7.225543856620788574e-01 -6.998285055160522461e-01
6.248602271080017090e-01 -7.895262837409973145e-01
5.198637247085571289e-01 -8.653957247734069824e-01
4.073005318641662598e-01 -9.273638129234313965e-01
2.867209017276763916e-01 -9.752517938613891602e-01
1.587796509265899658e-01 -1.008033275604248047e+00
2.571242302656173706e-02 -1.023737430572509766e+00
-1.091913059353828430e-01 -1.020120739936828613e+00
-2.426314353942871094e-01 -9.959048032760620117e-01
-3.719899356365203857e-01 -9.518777132034301758e-01
-4.950293898582458496e-01 -8.907815814018249512e-01
-6.089075803756713867e-01 -8.157901763916015625e-01
-7.104927897453308105e-01 -7.291109561920166016e-01
-7.981729507446289062e-01 -6.317811012268066406e-01
-8.722480535507202148e-01 -5.239334702491760254e-01
-9.334015846252441406e-01 -4.053889513015747070e-01
-9.811366796493530273e-01 -2.769319415092468262e-01
-1.013409256935119629e+00 -1.414702832698822021e-01
-1.027673125267028809e+00 -3.743354231119155884e-03
-1.022456765174865723e+00 1.313369721174240112e-01
-9.980778098106384277e-01 2.601107656955718994e-01
-9.561805725097656250e-01 3.804807960987091064e-01
-8.988970518112182617e-01 4.915278851985931396e-01
-8.282696008682250977e-01 5.929849147796630859e-01
-7.460063695907592773e-01 6.847988367080688477e-01
-6.534418463706970215e-01 7.668254375457763672e-01
-5.516394376754760742e-01 8.386221528053283691e-01
-4.416587054729461670e-01 8.992828726768493652e-01
-3.249637484550476074e-01 9.473252296447753906e-01
-2.037551999092102051e-01 9.808040857315063477e-01
-8.080160617828369141e-02 9.979275465011596680e-01
4.143618792295455933e-02 9.980576038360595703e-01
1.617855429649353027e-01 9.820380210876464844e-01
