1.351886987686157227e-01 9.769095778465270996e-01
2.586724460124969482e-01 9.605274796485900879e-01
3.777516782283782959e-01 9.268798232078552246e-01
4.918817579746246338e-01 8.754866123199462891e-01
5.983790755271911621e-01 8.062328100204467773e-01
6.940077543258666992e-01 7.212856411933898926e-01
7.774388194084167480e-01 6.242244839668273926e-01
8.493282198905944824e-01 5.181946158409118652e-01
9.100283384323120117e-01 4.050751328468322754e-01
9.577966332435607910e-01 2.856855690479278564e-01
9.895659089088439941e-01 1.607547551393508911e-01
1.003313541412353516e+00 3.205204382538795471e-02
9.991719126701354980e-01 -9.739622473716735840e-02
9.782245755195617676e-01 -2.244040369987487793e-01
9.408012032508850098e-01 -3.468099832534790039e-01
8.866571784019470215e-01 -4.632826745510101318e-01
8.169112205505371094e-01 -5.721800327301025391e-01
7.345562577247619629e-01 -6.712619662284851074e-01
6.425772905349731445e-01 -7.586366534233093262e-01
5.424448251724243164e-01 -8.334569334983825684e-01
4.343102872371673584e-01 -8.956279754638671875e-01
3.180578947067260742e-01 -9.450157284736633301e-01
1.943527162075042725e-01 -9.807607531547546387e-01
6.521677225828170776e-02 -1.001078367233276367e+00
-6.610361486673355103e-02 -1.003742933273315430e+00
-1.958717703819274902e-01 -9.871545433998107910e-01
-3.207900822162628174e-01 -9.514744877815246582e-01
-4.385327994823455811e-01 -8.989748954772949219e-01
-5.474442839622497559e-01 -8.330761790275573730e-01
-6.460358500480651855e-01 -7.567221522331237793e-01
-7.333407402038574219e-01 -6.713548302650451660e-01
-8.094376921653747559e-01 -5.768409371376037598e-01
-8.749341368675231934e-01 -4.720178246498107910e-01
-9.297618269920349121e-01 -3.558570742607116699e-01
-9.722836017608642578e-01 -2.290640771389007568e-01
-9.994589090347290039e-01 -9.504787623882293701e-02
-1.008243680000305176e+00 4.088276997208595276e-02
-9.971918463706970215e-01 1.735236495733261108e-01
-9.668704867362976074e-01 2.992016971111297607e-01
-9.191095232963562012e-01 4.159803390502929688e-01
-8.560855388641357422e-01 5.231915116310119629e-01
-7.797950506210327148e-01 6.208369135856628418e-01
-6.918835043907165527e-01 7.090901136398315430e-01
-5.936713218688964844e-01 7.879514098167419434e-01
-4.863209724426269531e-01 8.570148348808288574e-01
-3.711454868316650391e-01 9.153025746345520020e-01
-2.499834597110748291e-01 9.612160325050354004e-01
-1.253781616687774658e-01 9.927914738655090332e-01
-2.183392643928527832e-04 1.008414149284362793e+00
1.231408938765525818e-01 1.007583856582641602e+00
