1.318856477737426758e-01 9.886574745178222656e-01
2.536667585372924805e-01 9.643386006355285645e-01
3.731850385665893555e-01 9.264707565307617188e-01
4.894309341907501221e-01 8.734780550003051758e-01
5.982233881950378418e-01 8.040362000465393066e-01
6.956712603569030762e-01 7.196971178054809570e-01
7.808365821838378906e-01 6.233535408973693848e-01
8.542881011962890625e-01 5.176452994346618652e-01
9.152790307998657227e-01 4.044749438762664795e-01
9.610795974731445312e-01 2.850044965744018555e-01
9.890191555023193359e-01 1.603116095066070557e-01
9.988112449645996094e-01 3.227769583463668823e-02
9.925386905670166016e-01 -9.635441750288009644e-02
9.725211858749389648e-01 -2.227987945079803467e-01
9.389269351959228516e-01 -3.450941443443298340e-01
8.892710804939270020e-01 -4.622149765491485596e-01
8.218228220939636230e-01 -5.728034377098083496e-01
7.392556667327880859e-01 -6.739184260368347168e-01
6.460928320884704590e-01 -7.624890804290771484e-01
5.446714162826538086e-01 -8.372637033462524414e-01
4.350412189960479736e-01 -8.984922170639038086e-01
3.169128894805908203e-01 -9.465168714523315430e-01
1.915006339550018311e-01 -9.807592630386352539e-01
6.216455250978469849e-02 -9.995932579040527344e-01
-6.682442873716354370e-02 -1.001090049743652344e+00
-1.924092173576354980e-01 -9.841953516006469727e-01
-3.137024343013763428e-01 -9.495194554328918457e-01
-4.310179650783538818e-01 -8.990547657012939453e-01
-5.436753630638122559e-01 -8.350014686584472656e-01
-6.485919356346130371e-01 -7.587903141975402832e-01
-7.417675256729125977e-01 -6.712779402732849121e-01
-8.209023475646972656e-01 -5.733460187911987305e-01
-8.857940435409545898e-01 -4.658437371253967285e-01
-9.368916749954223633e-01 -3.495358228683471680e-01
-9.739998579025268555e-01 -2.256688475608825684e-01
-9.959899187088012695e-01 -9.658502787351608276e-02
-1.001418352127075195e+00 3.440671414136886597e-02
-9.894155859947204590e-01 1.638477146625518799e-01
-9.601401090621948242e-01 2.888840436935424805e-01
-9.146101474761962891e-01 4.075126647949218750e-01
-8.542484045028686523e-01 5.184422135353088379e-01
-7.804877161979675293e-01 6.208142042160034180e-01
-6.945583224296569824e-01 7.139116525650024414e-01
-5.974628329277038574e-01 7.968966960906982422e-01
-4.901737570762634277e-01 8.685663938522338867e-01
-3.740856945514678955e-01 9.271312952041625977e-01
-2.515430450439453125e-01 9.701835513114929199e-01
-1.258718371391296387e-01 9.952847957611083984e-01
-3.629401326179504395e-04 1.001433253288269043e+00
1.232772693037986755e-01 9.902235269546508789e-01
