-1.158711314201354980e-01 -4.940614104270935059e-01 6.604416370391845703e-01 9.025814533233642578e-01 -2.362467646598815918e-01 -7.541602253913879395e-01 -1.474892795085906982e-01 -8.569827675819396973e-02 -8.231440782546997070e-01 7.947890758514404297e-01 8.947624564170837402e-01 9.649440646171569824e-02 8.762725591659545898e-01 -3.975946605205535889e-01 5.820601806044578552e-02 8.970452547073364258e-01
-1.755220890045166016e-01 -3.717586398124694824e-01 5.424805879592895508e-01 8.922905921936035156e-01 -3.731995224952697754e-01 -7.298154234886169434e-01 -2.294014841318130493e-01 -2.217022329568862915e-01 -8.411778211593627930e-01 7.965370416641235352e-01 9.021219015121459961e-01 2.807376384735107422e-01 8.976160287857055664e-01 -2.753494679927825928e-01 -5.688841640949249268e-02 9.052542448043823242e-01
-2.402012050151824951e-01 -2.253417968750000000e-01 4.016191661357879639e-01 8.739507198333740234e-01 -4.908786416053771973e-01 -6.937717199325561523e-01 -3.478017449378967285e-01 -3.492934703826904297e-01 -8.555665612220764160e-01 7.969248890876770020e-01 9.047297239303588867e-01 4.441098570823669434e-01 9.139865040779113770e-01 -1.451574862003326416e-01 -1.743124425411224365e-01 9.081417322158813477e-01
-3.085889816284179688e-01 -6.025426834821701050e-02 2.429034411907196045e-01 8.444393873214721680e-01 -5.915271043777465820e-01 -6.411654353141784668e-01 -4.717417955398559570e-01 -4.667239785194396973e-01 -8.670106530189514160e-01 7.959011197090148926e-01 9.017741680145263672e-01 5.817096233367919922e-01 9.263548851013183594e-01 -9.866006672382354736e-03 -2.925090789794921875e-01 9.066427350044250488e-01
-3.779999017715454102e-01 1.107469052076339722e-01 7.446317374706268311e-02 8.003386259078979492e-01 -6.760652065277099609e-01 -5.682706236839294434e-01 -5.855125188827514648e-01 -5.708132386207580566e-01 -8.761559724807739258e-01 7.932028174400329590e-01 8.915646672248840332e-01 6.914355754852294922e-01 9.354134202003479004e-01 1.269436180591583252e-01 -4.055568575859069824e-01 9.008824825286865234e-01
-4.452747106552124023e-01 2.728361785411834717e-01 -9.446191787719726562e-02 7.380952239036560059e-01 -7.455132007598876953e-01 -4.736829698085784912e-01 -6.809922456741333008e-01 -6.585615277290344238e-01 -8.835494518280029297e-01 7.883573770523071289e-01 8.716037273406982422e-01 7.750438451766967773e-01 9.416408538818359375e-01 2.607873082160949707e-01 -5.074589848518371582e-01 8.903220891952514648e-01
-5.075486302375793457e-01 4.156543910503387451e-01 -2.554967999458312988e-01 6.545705199241638184e-01 -8.013755083084106445e-01 -3.589414656162261963e-01 -7.556836605072021484e-01 -7.283902168273925781e-01 -8.896180987358093262e-01 7.806500792503356934e-01 8.388426303863525391e-01 8.366872072219848633e-01 9.453046917915344238e-01 3.865482807159423828e-01 -5.946191549301147461e-01 8.737300038337707520e-01
-5.627892613410949707e-01 5.353320837020874023e-01 -4.023630619049072266e-01 5.478630065917968750e-01 -8.455392122268676758e-01 -2.279790490865707397e-01 -8.111748695373535156e-01 -7.806555032730102539e-01 -8.946480154991149902e-01 7.690796256065368652e-01 7.900389432907104492e-01 8.811796903610229492e-01 9.464261531829833984e-01 4.989849328994750977e-01 -6.663179993629455566e-01 8.491067290306091309e-01
-6.098674535751342773e-01 6.326038241386413574e-01 -5.312536358833312988e-01 4.183065891265869141e-01 -8.799916505813598633e-01 -8.605515211820602417e-02 -8.510427474975585938e-01 -8.172864913940429688e-01 -8.987582325935363770e-01 7.523323893547058105e-01 7.220702171325683594e-01 9.128909111022949219e-01 9.446952939033508301e-01 5.933020114898681641e-01 -7.238596677780151367e-01 8.136729001998901367e-01
-6.482796669006347656e-01 7.102912664413452148e-01 -6.405767202377319336e-01 2.693312466144561768e-01 -9.065707921981811523e-01 6.103959679603576660e-02 -8.790950179100036621e-01 -8.409159183502197266e-01 -9.018419981002807617e-01 7.288098335266113281e-01 6.323265433311462402e-01 9.353027343750000000e-01 9.393122792243957520e-01 6.656315326690673828e-01 -7.694534659385681152e-01 7.641096711158752441e-01
-6.778120994567871094e-01 7.716865539550781250e-01 -7.303997278213500977e-01 1.075428351759910583e-01 -9.268286228179931641e-01 2.073905169963836670e-01 -8.984795212745666504e-01 -8.540339469909667969e-01 -9.034239649772644043e-01 6.967352032661437988e-01 5.194741487503051758e-01 9.509763717651367188e-01 9.287297725677490234e-01 7.133094668388366699e-01 -8.054312467575073242e-01 6.973290443420410156e-01
-6.983385086059570312e-01 8.198213577270507812e-01 -8.018785715103149414e-01 -5.842683464288711548e-02 -9.419931173324584961e-01 3.472492098808288574e-01 -9.114712476730346680e-01 -8.584661483764648438e-01 -9.023466706275939941e-01 6.543480753898620605e-01 3.845215737819671631e-01 9.616962671279907227e-01 9.102952480316162109e-01 7.349050641059875488e-01 -8.338654041290283203e-01 6.118673682212829590e-01
-7.098012566566467285e-01 8.572418093681335449e-01 -8.568261861801147461e-01 -2.198150455951690674e-01 -9.529793262481689453e-01 4.754375219345092773e-01 -9.195680618286132812e-01 -8.552001714706420898e-01 -8.961657285690307617e-01 6.001415848731994629e-01 2.315120100975036621e-01 9.686490297317504883e-01 8.799054026603698730e-01 7.300307750701904297e-01 -8.564451932907104492e-01 5.093042254447937012e-01
-7.123345732688903809e-01 8.860124945640563965e-01 -8.974309563636779785e-01 -3.693067729473114014e-01 -9.604028463363647461e-01 5.878798365592956543e-01 -9.236435890197753906e-01 -8.444377183914184570e-01 -8.801834583282470703e-01 5.330740809440612793e-01 6.716560572385787964e-02 9.725755453109741211e-01 8.320275545120239258e-01 6.990126371383666992e-01 -8.744737505912780762e-01 3.944894075393676758e-01
-7.064538598060607910e-01 9.077998399734497070e-01 -9.260574579238891602e-01 -5.017663240432739258e-01 -9.645549058914184570e-01 6.820856928825378418e-01 -9.240421056747436523e-01 -8.257271051406860352e-01 -8.463906645774841309e-01 4.527004063129425049e-01 -1.004141718149185181e-01 9.738750457763671875e-01 7.606731057167053223e-01 6.425057649612426758e-01 -8.889062404632568359e-01 2.740448415279388428e-01
-6.932257413864135742e-01 9.239588379859924316e-01 -9.450618624687194824e-01 -6.143395900726318359e-01 -9.652916193008422852e-01 7.573484182357788086e-01 -9.205851554870605469e-01 -7.980861663818359375e-01 -7.833380699157714844e-01 3.592024147510528564e-01 -2.632642984390258789e-01 9.726560115814208984e-01 6.616348624229431152e-01 5.610731840133666992e-01 -9.003890156745910645e-01 1.541918814182281494e-01
-6.743112206459045410e-01 9.355859756469726562e-01 -9.566129446029663086e-01 -7.062852382659912109e-01 -9.617614150047302246e-01 8.145407438278198242e-01 -9.124995470046997070e-01 -7.601021528244018555e-01 -6.784561872482299805e-01 2.533501684665679932e-01 -4.147182106971740723e-01 9.687253236770629883e-01 5.352024435997009277e-01 4.547409415245056152e-01 -9.092798829078674316e-01 3.934806585311889648e-02
-6.517560482025146484e-01 9.435410499572753906e-01 -9.625552892684936523e-01 -7.786598205566406250e-01 -9.518288373947143555e-01 8.555836677551269531e-01 -8.982954025268554688e-01 -7.100438475608825684e-01 -5.231570005416870117e-01 1.365031898021697998e-01 -5.499488115310668945e-01 9.615038037300109863e-01 3.874552249908447266e-01 3.229346871376037598e-01 -9.156402349472045898e-01 -6.808437407016754150e-02
-6.274534463882446289e-01 9.484627246856689453e-01 -9.643381834030151367e-01 -8.338260650634765625e-01 -9.309896230697631836e-01 8.827897906303405762e-01 -8.756401538848876953e-01 -6.460529565811157227e-01 -3.184688091278076172e-01 1.079148054122924805e-02 -6.659435033798217773e-01 9.498430490493774414e-01 2.287293374538421631e-01 1.657656431198120117e-01 -9.191992282867431641e-01 -1.672011464834213257e-01
-6.023070812225341797e-01 9.507936239242553711e-01 -9.629643559455871582e-01 -8.748123645782470703e-01 -8.907494544982910156e-01 8.982537984848022461e-01 -8.413395881652832031e-01 -5.665755867958068848e-01 -7.788379490375518799e-02 -1.205000728368759155e-01 -7.612049579620361328e-01 9.317209124565124512e-01 7.007362693548202515e-02 -1.280278339982032776e-02 -9.193018674850463867e-01 -2.579413950443267822e-01
-5.751907229423522949e-01 9.508167505264282227e-01 -9.588437080383300781e-01 -9.046838879585266113e-01 -8.177201747894287109e-01 9.033401012420654297e-01 -7.916969656944274902e-01 -4.712560176849365234e-01 1.744573712348937988e-01 -2.525425553321838379e-01 -8.355450630187988281e-01 9.038352966308593750e-01 -7.996480166912078857e-02 -2.017139792442321777e-01 -9.148755073547363281e-01 -3.406272232532501221e-01
-5.418773889541625977e-01 9.486987590789794922e-01 -9.514106512069702148e-01 -9.260989427566528320e-01 -6.976308226585388184e-01 8.982107639312744141e-01 -7.236897945404052734e-01 -3.621570467948913574e-01 4.102364182472229004e-01 -3.789430856704711914e-01 -8.901205062866210938e-01 8.612689971923828125e-01 -2.166613936424255371e-01 -3.836765885353088379e-01 -9.044803977012634277e-01 -4.157293736934661865e-01
-4.946365058422088623e-01 9.445121884346008301e-01 -9.384306669235229492e-01 -9.411087036132812500e-01 -5.268069505691528320e-01 8.813691735267639160e-01 -6.369944214820861816e-01 -2.444123625755310059e-01 6.061603426933288574e-01 -4.924929141998291016e-01 -9.274779558181762695e-01 7.976612448692321777e-01 -3.385552465915679932e-01 -5.417175889015197754e-01 -8.864740133285522461e-01 -4.837308824062347412e-01
-4.240951538085937500e-01 9.381349682807922363e-01 -9.150168895721435547e-01 -9.511393308639526367e-01 -3.194355666637420654e-01 8.495832681655883789e-01 -5.353918075561523438e-01 -1.253629326820373535e-01 7.513741254806518555e-01 -5.868276357650756836e-01 -9.511770009994506836e-01 7.064374089241027832e-01 -4.458959698677062988e-01 -6.662526726722717285e-01 -8.590710163116455078e-01 -5.450141429901123047e-01
-3.239307999610900879e-01 9.289492368698120117e-01 -8.723081946372985840e-01 -9.570381641387939453e-01 -9.891384094953536987e-02 7.989050149917602539e-01 -4.253452122211456299e-01 -1.234062016010284424e-02 8.484216928482055664e-01 -6.583126783370971680e-01 -9.649088978767395020e-01 5.831274986267089844e-01 -5.393292903900146484e-01 -7.570337057113647461e-01 -8.198278546333312988e-01 -5.998335480690002441e-01
-1.953376829624176025e-01 9.153624773025512695e-01 -7.961265444755554199e-01 -9.590803980827331543e-01 1.144150197505950928e-01 7.267109751701354980e-01 -3.125277757644653320e-01 8.953724801540374756e-02 9.080254435539245605e-01 -7.067421078681945801e-01 -9.716335535049438477e-01 4.279601573944091797e-01 -6.194956302642822266e-01 -8.200011849403381348e-01 -7.644093036651611328e-01 -6.483826637268066406e-01
-4.762437567114830017e-02 8.940216302871704102e-01 -6.685148477554321289e-01 -9.568603038787841797e-01 3.072592914104461670e-01 6.334413886070251465e-01 -1.998398452997207642e-01 1.781870722770690918e-01 9.424850940704345703e-01 -7.341859340667724609e-01 -9.732034206390380859e-01 2.477628290653228760e-01 -6.870788335800170898e-01 -8.627430200576782227e-01 -6.850445270538330078e-01 -6.908479928970336914e-01
1.051470488309860229e-01 8.582992553710937500e-01 -4.783941507339477539e-01 -9.489728212356567383e-01 4.720762372016906738e-01 5.230284929275512695e-01 -8.803939819335937500e-02 2.540220320224761963e-01 9.616261720657348633e-01 -7.427600026130676270e-01 -9.703822135925292969e-01 5.558916926383972168e-02 -7.427175045013427734e-01 -8.917203545570373535e-01 -5.696461200714111328e-01 -7.273379564285278320e-01
2.492327094078063965e-01 7.959285974502563477e-01 -2.395664751529693604e-01 -9.324458241462707520e-01 6.055121421813964844e-01 4.020411968231201172e-01 2.248466014862060547e-02 3.189721703529357910e-01 9.718046784400939941e-01 -7.329509854316711426e-01 -9.629451036453247070e-01 -1.333029866218566895e-01 -7.866176366806030273e-01 -9.115175604820251465e-01 -4.046129882335662842e-01 -7.576366066932678223e-01
3.754016757011413574e-01 6.885104179382324219e-01 8.474931120872497559e-03 -9.022740721702575684e-01 7.078219056129455566e-01 2.777551412582397461e-01 1.302245855331420898e-01 3.755587935447692871e-01 9.765633344650268555e-01 -7.038871049880981445e-01 -9.496629238128662109e-01 -3.067665398120880127e-01 -8.180497884750366211e-01 -9.250756502151489258e-01 -1.868298947811126709e-01 -7.808644771575927734e-01
4.796489179134368896e-01 5.212495326995849609e-01 2.276698797941207886e-01 -8.520660996437072754e-01 7.823950648307800293e-01 1.560497879981994629e-01 2.323799729347229004e-01 4.259128868579864502e-01 9.776136875152587891e-01 -6.549810171127319336e-01 -9.281239509582519531e-01 -4.580916166305541992e-01 -8.352330923080444336e-01 -9.342161417007446289e-01 6.005656719207763672e-02 -7.953267693519592285e-01
5.606642365455627441e-01 3.029758930206298828e-01 4.015654325485229492e-01 -7.765242457389831543e-01 8.345988988876342773e-01 4.095581173896789551e-02 3.260800242424011230e-01 4.710075855255126953e-01 9.755866527557373047e-01 -5.869860053062438965e-01 -8.946244120597839355e-01 -5.846962928771972656e-01 -8.359867334365844727e-01 -9.401267766952514648e-01 2.924721837043762207e-01 -7.987750768661499023e-01
6.185325980186462402e-01 6.774584949016571045e-02 5.314176082611083984e-01 -6.747001409530639648e-01 8.701018095016479492e-01 -6.446999311447143555e-02 4.096753001213073730e-01 5.109227299690246582e-01 9.705271720886230469e-01 -5.028622150421142578e-01 -8.447819948196411133e-01 -6.862993240356445312e-01 -8.188737630844116211e-01 -9.436253309249877930e-01 4.788829684257507324e-01 -7.890239953994750977e-01
6.554020643234252930e-01 -1.503686755895614624e-01 6.254396438598632812e-01 -5.511528253555297852e-01 8.935900926589965820e-01 -1.582330614328384399e-01 4.829137325286865234e-01 5.456544160842895508e-01 9.621320962905883789e-01 -4.085729718208312988e-01 -7.748664617538452148e-01 -7.644133567810058594e-01 -7.837698459625244141e-01 -9.452468156814575195e-01 6.139069199562072754e-01 -7.646352052688598633e-01
6.748136281967163086e-01 -3.336911201477050781e-01 6.924921274185180664e-01 -4.134686589241027832e-01 9.084100723266601562e-01 -2.400012612342834473e-01 5.462004542350769043e-01 5.753540396690368652e-01 9.497053027153015137e-01 -3.114137053489685059e-01 -6.827149391174316406e-01 -8.220758438110351562e-01 -7.311854362487792969e-01 -9.453027248382568359e-01 7.067210674285888672e-01 -7.251472473144531250e-01
6.801469922065734863e-01 -4.787781834602355957e-01 7.398990988731384277e-01 -2.688248157501220703e-01 9.167749881744384766e-01 -3.107725381851196289e-01 5.999454259872436523e-01 6.001183390617370605e-01 9.319742918014526367e-01 -2.170747369527816772e-01 -5.679632425308227539e-01 -8.630733489990234375e-01 -6.612406969070434570e-01 -9.439464807510375977e-01 7.688305974006652832e-01 -6.706579923629760742e-01
6.738533377647399902e-01 -5.894525647163391113e-01 7.731150388717651367e-01 -1.225050091743469238e-01 9.200490713119506836e-01 -3.720863461494445801e-01 6.443611979484558105e-01 6.198022365570068359e-01 9.068595767021179199e-01 -1.283017396926879883e-01 -4.321892857551574707e-01 -8.911008834838867188e-01 -5.732969641685485840e-01 -9.412118792533874512e-01 8.095138072967529297e-01 -6.011382341384887695e-01
6.575006842613220215e-01 -6.719415187835693359e-01 7.960087656974792480e-01 2.167083323001861572e-02 9.189351797103881836e-01 -4.254717230796813965e-01 6.794683337211608887e-01 6.339495778083801270e-01 8.711704015731811523e-01 -4.531369730830192566e-02 -2.792787849903106689e-01 -9.092373847961425781e-01 -4.664306044578552246e-01 -9.370211362838745117e-01 8.352808952331542969e-01 -5.159631371498107910e-01
6.321779489517211914e-01 -7.324471473693847656e-01 8.112663626670837402e-01 1.603981405496597290e-01 9.135587215423583984e-01 -4.722137451171875000e-01 7.050759196281433105e-01 6.418036222457885742e-01 8.202868700027465820e-01 3.310298919677734375e-02 -1.158339828252792358e-01 -9.197395443916320801e-01 -3.406171202659606934e-01 -9.311709403991699219e-01 8.503643274307250977e-01 -4.139764606952667236e-01
5.989894866943359375e-01 -7.761665582656860352e-01 8.207445144653320312e-01 2.904308438301086426e-01 9.034570455551147461e-01 -5.133061408996582031e-01 7.206605672836303711e-01 6.423950791358947754e-01 7.481344938278198242e-01 1.084945574402809143e-01 4.908396303653717041e-02 -9.240109920501708984e-01 -1.983085572719573975e-01 -9.232994318008422852e-01 8.572372198104858398e-01 -2.942223846912384033e-01
5.594534873962402344e-01 -8.070135116577148438e-01 8.257374167442321777e-01 4.088298380374908447e-01 8.874716758728027344e-01 -5.494880676269531250e-01 7.251629829406738281e-01 6.347193121910095215e-01 6.481227874755859375e-01 1.818469464778900146e-01 2.055916339159011841e-01 -9.226105213165283203e-01 -4.553885012865066528e-02 -9.128302931785583496e-01 8.569642305374145508e-01 -1.572661399841308594e-01
5.155784487724304199e-01 -8.276349306106567383e-01 8.271579742431640625e-01 5.135104060173034668e-01 8.635441064834594727e-01 -5.813086628913879395e-01 7.167986631393432617e-01 6.179550886154174805e-01 5.159706473350524902e-01 2.530272305011749268e-01 3.455659449100494385e-01 -9.152126312255859375e-01 1.086695268750190735e-01 -8.988974690437316895e-01 8.494155406951904297e-01 -6.677150726318359375e-03
4.695017933845520020e-01 -8.395553231239318848e-01 8.256353139877319336e-01 6.035299301147460938e-01 8.285294771194458008e-01 -6.091827750205993652e-01 6.931031346321105957e-01 5.915988683700561523e-01 3.544219732284545898e-01 3.207384943962097168e-01 4.645640850067138672e-01 -9.004988074302673340e-01 2.548163235187530518e-01 -8.802862167358398438e-01 8.334709405899047852e-01 1.501444131135940552e-01
4.228737354278564453e-01 -8.434331417083740234e-01 8.215224146842956543e-01 6.789299249649047852e-01 7.784565687179565430e-01 -6.334204077720642090e-01 6.515917778015136719e-01 5.554253458976745605e-01 1.764208376407623291e-01 3.830518722534179688e-01 5.620076656341552734e-01 -8.760710358619689941e-01 3.857484757900238037e-01 -8.554932475090026855e-01 8.074448704719543457e-01 3.028240203857421875e-01
3.763864338397979736e-01 -8.394579887390136719e-01 8.148206472396850586e-01 7.403846979141235352e-01 7.098579406738281250e-01 -6.542329788208007812e-01 5.912290811538696289e-01 5.093330144882202148e-01 9.917020797729492188e-04 4.382590055465698242e-01 6.400231122970581055e-01 -8.385937213897705078e-01 4.979655146598815918e-01 -8.230140805244445801e-01 7.699284553527832031e-01 4.409981667995452881e-01
3.297795653343200684e-01 -8.277627229690551758e-01 8.050693273544311523e-01 7.889594435691833496e-01 6.217956542968750000e-01 -6.717332005500793457e-01 5.138635635375976562e-01 4.532269835472106934e-01 -1.564214825630187988e-01 4.855366945266723633e-01 7.019113302230834961e-01 -7.842916250228881836e-01 5.911694765090942383e-01 -7.817476391792297363e-01 7.206887006759643555e-01 5.578579306602478027e-01
2.822809815406799316e-01 -8.085430264472961426e-01 7.912535667419433594e-01 8.260027170181274414e-01 5.166150331497192383e-01 -6.859349608421325684e-01 4.239897131919860840e-01 3.870472908020019531e-01 -2.891928553581237793e-01 5.250446200370788574e-01 7.509552836418151855e-01 -7.096217870712280273e-01 6.670345664024353027e-01 -7.311804890632629395e-01 6.607618927955627441e-01 6.514856815338134766e-01
2.330747544765472412e-01 -7.817924022674560547e-01 7.717173099517822266e-01 8.530140519142150879e-01 3.985756337642669678e-01 -6.967387795448303223e-01 3.266952931880950928e-01 3.109216392040252686e-01 -3.975899815559387207e-01 5.575727224349975586e-01 7.898451685905456543e-01 -6.118817329406738281e-01 7.280719280242919922e-01 -6.712412238121032715e-01 5.916397571563720703e-01 7.235817313194274902e-01
1.814972311258316040e-01 -7.468852996826171875e-01 7.440468072891235352e-01 8.714371919631958008e-01 2.720119357109069824e-01 -7.038810253143310547e-01 2.255367189645767212e-01 2.253101170063018799e-01 -4.849237203598022461e-01 5.841281414031982422e-01 8.205984234809875488e-01 -4.897717237472534180e-01 7.768983840942382812e-01 -6.020448207855224609e-01 5.143580436706542969e-01 7.774789333343505859e-01
1.270147264003753662e-01 -7.021999955177307129e-01 7.049606442451477051e-01 8.824405074119567871e-01 1.405186802148818970e-01 -7.068419456481933594e-01 1.217170730233192444e-01 1.310543417930603027e-01 -5.550823807716369629e-01 6.056746840476989746e-01 8.446836471557617188e-01 -3.440555632114410400e-01 8.158694505691528320e-01 -5.237159132957458496e-01 4.290387630462646484e-01 8.167541027069091797e-01
