-4.879851043224334717e-01 8.982081413269042969e-01
-3.130254447460174561e-01 1.048514366149902344e+00
-1.303934454917907715e-01 1.183051705360412598e+00
6.059010326862335205e-02 1.303059339523315430e+00
2.569574713706970215e-01 1.406919479370117188e+00
4.525771439075469971e-01 1.489914894104003906e+00
6.430118083953857422e-01 1.547292232513427734e+00
8.251361846923828125e-01 1.576909780502319336e+00
9.931313991546630859e-01 1.577976346015930176e+00
1.142262935638427734e+00 1.550493836402893066e+00
1.270787954330444336e+00 1.497180819511413574e+00
1.378157138824462891e+00 1.422522902488708496e+00
1.464026451110839844e+00 1.329681515693664551e+00
1.527553081512451172e+00 1.219462752342224121e+00
1.567076206207275391e+00 1.091044902801513672e+00
1.580838203430175781e+00 9.435248970985412598e-01
1.568400621414184570e+00 7.777261137962341309e-01
1.531051874160766602e+00 5.970008969306945801e-01
1.470268011093139648e+00 4.062928557395935059e-01
1.386182904243469238e+00 2.102693766355514526e-01
1.277960896492004395e+00 1.178796589374542236e-02
1.145356178283691406e+00 -1.879533678293228149e-01
9.908107519149780273e-01 -3.874617218971252441e-01
8.213609457015991211e-01 -5.825886130332946777e-01
6.456755399703979492e-01 -7.671145200729370117e-01
4.671438634395599365e-01 -9.369496703147888184e-01
2.832628786563873291e-01 -1.091556906700134277e+00
9.241178631782531738e-02 -1.230108737945556641e+00
-1.025987565517425537e-01 -1.348214030265808105e+00
-2.989779710769653320e-01 -1.440695643424987793e+00
-4.957292973995208740e-01 -1.506087779998779297e+00
-6.901874542236328125e-01 -1.546199679374694824e+00
-8.746948242187500000e-01 -1.562682986259460449e+00
-1.039067983627319336e+00 -1.556042671203613281e+00
-1.178181529045104980e+00 -1.527472257614135742e+00
-1.293267130851745605e+00 -1.478758335113525391e+00
-1.387874245643615723e+00 -1.410544872283935547e+00
-1.464794397354125977e+00 -1.321484088897705078e+00
-1.524402856826782227e+00 -1.208697915077209473e+00
-1.563450336456298828e+00 -1.069721937179565430e+00
-1.575397610664367676e+00 -9.059261679649353027e-01
-1.554991722106933594e+00 -7.247247099876403809e-01
-1.503689050674438477e+00 -5.358206629753112793e-01
-1.427252531051635742e+00 -3.441744446754455566e-01
-1.330335497856140137e+00 -1.493467986583709717e-01
-1.215410590171813965e+00 4.963088035583496094e-02
-1.083951354026794434e+00 2.507307529449462891e-01
-9.377893209457397461e-01 4.487574696540832520e-01
-7.798280715942382812e-01 6.374908685684204102e-01
-6.133301258087158203e-01 8.121198415756225586e-01
