1.487703770399093628e-01 -8.737576603889465332e-01 4.070138335227966309e-01 9.397395849227905273e-01 -1.629437655210494995e-01 -8.468900322914123535e-01 3.255678713321685791e-01 3.628129512071609497e-02 -5.505178570747375488e-01 2.769300341606140137e-01 8.852742314338684082e-01 -5.906729698181152344e-01 3.424726724624633789e-01 -5.024980753660202026e-02 8.917158842086791992e-01 8.711416125297546387e-01
1.558276563882827759e-01 -8.805418014526367188e-01 2.617284357547760010e-01 9.437496662139892578e-01 -3.109174966812133789e-01 -8.502354025840759277e-01 1.567514091730117798e-01 -1.232094541192054749e-01 -5.692385435104370117e-01 2.780630290508270264e-01 9.026331305503845215e-01 -4.366951584815979004e-01 4.425106048583984375e-01 2.647184953093528748e-02 8.939902782440185547e-01 9.257185459136962891e-01
1.616323739290237427e-01 -8.851400017738342285e-01 7.315047085285186768e-02 9.400636553764343262e-01 -4.446356296539306641e-01 -8.504765033721923828e-01 -2.446535974740982056e-02 -2.776109576225280762e-01 -5.822327136993408203e-01 2.726071476936340332e-01 9.153122901916503906e-01 -2.184449434280395508e-01 5.283176898956298828e-01 9.242594242095947266e-02 8.952478170394897461e-01 9.564421176910400391e-01
1.662144362926483154e-01 -8.823000192642211914e-01 -1.464920490980148315e-01 9.234282970428466797e-01 -5.594564676284790039e-01 -8.453159928321838379e-01 -2.117882221937179565e-01 -4.205640554428100586e-01 -5.914109349250793457e-01 2.624274492263793945e-01 9.235121011734008789e-01 5.696287751197814941e-02 6.017328500747680664e-01 1.484252810478210449e-01 8.951213359832763672e-01 9.728838801383972168e-01
1.697368621826171875e-01 -8.531875610351562500e-01 -3.740925490856170654e-01 8.811119198799133301e-01 -6.545420885086059570e-01 -8.301424980163574219e-01 -3.906666040420532227e-01 -5.476274490356445312e-01 -5.980303287506103516e-01 2.492482066154479980e-01 9.269694089889526367e-01 3.533079922199249268e-01 6.646316051483154297e-01 1.959630846977233887e-01 8.927552700042724609e-01 9.814179539680480957e-01
1.724611669778823853e-01 -7.495792508125305176e-01 -5.789332985877990723e-01 7.914518713951110840e-01 -7.313889265060424805e-01 -7.980610728263854980e-01 -5.455433130264282227e-01 -6.555502414703369141e-01 -6.029338836669921875e-01 2.339219450950622559e-01 9.245495200157165527e-01 6.147034168243408203e-01 7.182376384735107422e-01 2.370324283838272095e-01 8.864017128944396973e-01 9.856614470481872559e-01
1.746823787689208984e-01 -5.230541229248046875e-01 -7.356697916984558105e-01 6.409989595413208008e-01 -7.929160594940185547e-01 -7.428835034370422363e-01 -6.690268516540527344e-01 -7.428247928619384766e-01 -6.066461801528930664e-01 2.157049179077148438e-01 9.126640558242797852e-01 8.007313013076782227e-01 7.631775140762329102e-01 2.739955782890319824e-01 8.726837635040283203e-01 9.874019622802734375e-01
1.765997260808944702e-01 -1.999490410089492798e-01 -8.388286828994750977e-01 4.511131644248962402e-01 -8.422136306762695312e-01 -6.619996428489685059e-01 -7.624576091766357422e-01 -8.104594945907592773e-01 -6.094374656677246094e-01 1.925917416810989380e-01 8.818608522415161133e-01 9.085091352462768555e-01 7.999552488327026367e-01 3.091379702091217041e-01 8.453482389450073242e-01 9.873539209365844727e-01
1.781593263149261475e-01 1.427997648715972900e-01 -9.006059169769287109e-01 2.601150274276733398e-01 -8.814320564270019531e-01 -5.561155080795288086e-01 -8.308057785034179688e-01 -8.612419366836547852e-01 -6.113985180854797363e-01 1.629646569490432739e-01 8.174651265144348145e-01 9.604563117027282715e-01 8.291684985160827637e-01 3.440066576004028320e-01 7.959142327308654785e-01 9.855833053588867188e-01
1.789563149213790894e-01 4.407592713832855225e-01 -9.365519285202026367e-01 8.831743896007537842e-02 -9.119501709938049316e-01 -4.264503717422485352e-01 -8.796088695526123047e-01 -8.984805345535278320e-01 -6.124295592308044434e-01 1.266305297613143921e-01 7.149868011474609375e-01 9.820644855499267578e-01 8.513724207878112793e-01 3.791756629943847656e-01 7.171546220779418945e-01 9.815274477005004883e-01
1.782280504703521729e-01 6.637102961540222168e-01 -9.577704668045043945e-01 -6.197360903024673462e-02 -9.350036382675170898e-01 -2.741002738475799561e-01 -9.137653112411499023e-01 -9.251790046691894531e-01 -6.121441125869750977e-01 8.445490896701812744e-02 5.890941619873046875e-01 9.903180003166198730e-01 8.666548728942871094e-01 4.142687320709228516e-01 6.057284474372863770e-01 9.736173152923583984e-01
1.748598664999008179e-01 8.116681575775146484e-01 -9.706895351409912109e-01 -1.942688822746276855e-01 -9.519002437591552734e-01 -1.016056090593338013e-01 -9.372580051422119141e-01 -9.437937736511230469e-01 -6.097655892372131348e-01 3.770289570093154907e-02 4.561311602592468262e-01 9.935247898101806641e-01 8.742071986198425293e-01 4.479520022869110107e-01 4.631637930870056152e-01 9.584179520606994629e-01
1.673143357038497925e-01 9.008271098136901855e-01 -9.787889122962951660e-01 -3.120895028114318848e-01 -9.638741016387939453e-01 8.561814576387405396e-02 -9.532324671745300293e-01 -9.562139511108398438e-01 -6.040244698524475098e-01 -1.236619055271148682e-02 3.240090906620025635e-01 9.949784278869628906e-01 8.720380067825317383e-01 4.780540466308593750e-01 2.952111959457397461e-01 9.289630055427551270e-01
1.534183323383331299e-01 9.505594968795776367e-01 -9.839545488357543945e-01 -4.176576137542724609e-01 -9.719237685203552246e-01 2.784264385700225830e-01 -9.640587568283081055e-01 -9.637929201126098633e-01 -5.929670929908752441e-01 -6.471285969018936157e-02 1.950551867485046387e-01 9.957991242408752441e-01 8.566060066223144531e-01 5.016520619392395020e-01 1.101354062557220459e-01 8.727575540542602539e-01
1.299500316381454468e-01 9.765970706939697266e-01 -9.872309565544128418e-01 -5.120153427124023438e-01 -9.767251014709472656e-01 4.640188813209533691e-01 -9.714097976684570312e-01 -9.673668146133422852e-01 -5.736089944839477539e-01 -1.185994446277618408e-01 6.933499127626419067e-02 9.963204860687255859e-01 8.225257396697998047e-01 5.149167180061340332e-01 -8.259082585573196411e-02 7.733738422393798828e-01
9.194960445165634155e-02 9.894775748252868652e-01 -9.891968369483947754e-01 -5.954830646514892578e-01 -9.785455465316772461e-01 6.280882358551025391e-01 -9.763817787170410156e-01 -9.671850800514221191e-01 -5.413516163825988770e-01 -1.735022664070129395e-01 -5.390932410955429077e-02 9.966180324554443359e-01 7.630762457847595215e-01 5.127361416816711426e-01 -2.728532552719116211e-01 6.226884126663208008e-01
3.193755820393562317e-02 9.954773187637329102e-01 -9.901674985885620117e-01 -6.681171655654907227e-01 -9.770641326904296875e-01 7.593437433242797852e-01 -9.796016216278076172e-01 -9.627094268798828125e-01 -4.892344772815704346e-01 -2.286530137062072754e-01 -1.753699332475662231e-01 9.966824650764465332e-01 6.725405454635620117e-01 4.886828660964965820e-01 -4.503903985023498535e-01 4.358673095703125000e-01
-5.987523868680000305e-02 9.980773925781250000e-01 -9.903390407562255859e-01 -7.300617098808288574e-01 -9.709627628326416016e-01 8.538247346878051758e-01 -9.812816977500915527e-01 -9.522443413734436035e-01 -4.078139364719390869e-01 -2.821999490261077881e-01 -2.946938276290893555e-01 9.964710474014282227e-01 5.502362251281738281e-01 4.364664554595947266e-01 -6.059463024139404297e-01 2.438620030879974365e-01
-1.924612373113632202e-01 9.991136789321899414e-01 -9.898963570594787598e-01 -7.817611098289489746e-01 -9.570605754852294922e-01 9.153470993041992188e-01 -9.811828136444091797e-01 -9.322225451469421387e-01 -2.870983779430389404e-01 -3.306051790714263916e-01 -4.101321101188659668e-01 9.959073066711425781e-01 4.028173089027404785e-01 3.526865839958190918e-01 -7.331372499465942383e-01 7.183896005153656006e-02
-3.659333586692810059e-01 9.994848966598510742e-01 -9.890595674514770508e-01 -8.240272402763366699e-01 -9.286757707595825195e-01 9.520444869995117188e-01 -9.783756136894226074e-01 -8.959162235260009766e-01 -1.213732361793518066e-01 -3.687581419944763184e-01 -5.191524624824523926e-01 9.948419332504272461e-01 2.415923029184341431e-01 2.388007342815399170e-01 -8.298614025115966797e-01 -6.951696425676345825e-02
-5.594395399093627930e-01 9.995817542076110840e-01 -9.880229234695434570e-01 -8.579826354980468750e-01 -8.732687234878540039e-01 9.723008871078491211e-01 -9.705601930618286133e-01 -8.321443200111389160e-01 8.434115350246429443e-02 -3.908239901065826416e-01 -6.191422343254089355e-01 9.929466247558593750e-01 7.764912396669387817e-02 1.008225604891777039e-01 -8.981373310089111328e-01 -1.800601631402969360e-01
-7.284957170486450195e-01 9.995458722114562988e-01 -9.867666959762573242e-01 -8.849363327026367188e-01 -7.719970941543579102e-01 9.824728965759277344e-01 -9.525768756866455078e-01 -7.273361682891845703e-01 3.103762269020080566e-01 -3.921793699264526367e-01 -7.075998783111572266e-01 9.894039630889892578e-01 -8.106960356235504150e-02 -5.348012596368789673e-02 -9.426364898681640625e-01 -2.639575600624084473e-01
-8.328708410263061523e-01 9.994047880172729492e-01 -9.848339557647705078e-01 -9.062267541885375977e-01 -6.093416810035705566e-01 9.863668680191040039e-01 -9.141055345535278320e-01 -5.763164162635803223e-01 5.263681411743164062e-01 -3.723864257335662842e-01 -7.822271585464477539e-01 9.820166826248168945e-01 -2.303128689527511597e-01 -2.175936847925186157e-01 -9.689116477966308594e-01 -3.259057700634002686e-01
-8.688913583755493164e-01 9.991241693496704102e-01 -9.812313318252563477e-01 -9.230478405952453613e-01 -3.934014439582824707e-01 9.853429794311523438e-01 -8.389617204666137695e-01 -3.943262696266174316e-01 7.037742733955383301e-01 -3.368770182132720947e-01 -8.416209220886230469e-01 9.650220274925231934e-01 -3.681861758232116699e-01 -3.849140703678131104e-01 -9.821412563323974609e-01 -3.702814579010009766e-01
-8.543835878372192383e-01 9.986093640327453613e-01 -9.744942188262939453e-01 -9.363318681716918945e-01 -1.573423594236373901e-01 9.780347347259521484e-01 -7.133588790893554688e-01 -2.097010910511016846e-01 8.282038569450378418e-01 -2.958721518516540527e-01 -8.861738443374633789e-01 9.252343177795410156e-01 -4.926809668540954590e-01 -5.452604889869689941e-01 -9.866443872451782227e-01 -4.014858305454254150e-01
-7.969233393669128418e-01 9.976416826248168945e-01 -9.626674652099609375e-01 -9.467314481735229492e-01 6.588283181190490723e-02 9.588831663131713867e-01 -5.426480174064636230e-01 -4.487431794404983521e-02 9.024590253829956055e-01 -2.627640962600708008e-01 -9.179667234420776367e-01 8.395102024078369141e-01 -6.008110046386718750e-01 -6.866037845611572266e-01 -9.855104684829711914e-01 -4.236217141151428223e-01
-6.865346431732177734e-01 9.956549406051635742e-01 -9.426115751266479492e-01 -9.545909166336059570e-01 2.593829333782196045e-01 9.146521687507629395e-01 -3.497416973114013672e-01 9.082730114459991455e-02 9.407503604888916016e-01 -2.519329190254211426e-01 -9.396710395812988281e-01 6.853227615356445312e-01 -6.902321577072143555e-01 -8.001371026039123535e-01 -9.796769618988037109e-01 -4.398661255836486816e-01
-5.062288045883178711e-01 9.910264015197753906e-01 -9.083412885665893555e-01 -9.597368240356445312e-01 4.197479486465454102e-01 8.196811676025390625e-01 -1.552252918481826782e-01 1.970024406909942627e-01 9.592471122741699219e-01 -2.746649384498596191e-01 -9.533882141113281250e-01 4.740609824657440186e-01 -7.607544660568237305e-01 -8.829524517059326172e-01 -9.664418697357177734e-01 -4.523141384124755859e-01
-2.556039988994598389e-01 9.791215658187866211e-01 -8.504002094268798828e-01 -9.609597921371459961e-01 5.490728616714477539e-01 6.435784101486206055e-01 2.959477901458740234e-02 2.774057090282440186e-01 9.686878919601440430e-01 -3.313448429107666016e-01 -9.599657654762268066e-01 2.604008018970489502e-01 -8.141071796417236328e-01 -9.373486638069152832e-01 -9.372206926345825195e-01 -4.621654748916625977e-01
2.295508980751037598e-02 9.480292201042175293e-01 -7.608503103256225586e-01 -9.552686214447021484e-01 6.505572199821472168e-01 3.942719101905822754e-01 1.984982341527938843e-01 3.375506997108459473e-01 9.734014272689819336e-01 -4.024993181228637695e-01 -9.592090249061584473e-01 8.492244780063629150e-02 -8.516907691955566406e-01 -9.688035845756530762e-01 -8.762245178222656250e-01 -4.700745642185211182e-01
2.657755613327026367e-01 8.729063868522644043e-01 -6.415268182754516602e-01 -9.370695352554321289e-01 7.281354069709777832e-01 1.311240196228027344e-01 3.470084667205810547e-01 3.832280337810516357e-01 9.746904373168945312e-01 -4.578863680362701416e-01 -9.508645534515380859e-01 -4.909154027700424194e-02 -8.719525337219238281e-01 -9.843827486038208008e-01 -7.647199034690856934e-01 -4.765410423278808594e-01
4.384704232215881348e-01 7.239863276481628418e-01 -5.034639239311218262e-01 -8.980523943901062012e-01 7.862482070922851562e-01 -9.553527086973190308e-02 4.712682366371154785e-01 4.194202125072479248e-01 9.729605913162231445e-01 -4.793971478939056396e-01 -9.350661635398864746e-01 -1.514690816402435303e-01 -8.718369603157043457e-01 -9.909806251525878906e-01 -5.930696129798889160e-01 -4.820336401462554932e-01
5.443079471588134766e-01 5.043030977249145508e-01 -3.575241267681121826e-01 -8.286323547363281250e-01 8.291653394699096680e-01 -2.710379958152770996e-01 5.698134899139404297e-01 4.496313929557800293e-01 9.678262472152709961e-01 -4.654521942138671875e-01 -9.114745259284973145e-01 -2.313750088214874268e-01 -8.513445258140563965e-01 -9.934275746345520020e-01 -3.712106347084045410e-01 -4.868982136249542236e-01
5.997945666313171387e-01 2.631015181541442871e-01 -2.110967785120010376e-01 -7.217051982879638672e-01 8.606210947036743164e-01 -4.004924297332763672e-01 6.446474790573120117e-01 4.760728180408477783e-01 9.580491185188293457e-01 -4.216558933258056641e-01 -8.782851696014404297e-01 -2.952117621898651123e-01 -8.150768280029296875e-01 -9.941483736038208008e-01 -1.298121660947799683e-01 -4.912530183792114258e-01
6.199104785919189453e-01 4.671299457550048828e-02 -7.064196467399597168e-02 -5.786923170089721680e-01 8.836770057678222656e-01 -4.947216510772705078e-01 7.000379562377929688e-01 5.002220869064331055e-01 9.417984485626220703e-01 -3.561660647392272949e-01 -8.320807814598083496e-01 -3.473743796348571777e-01 -7.699242830276489258e-01 -9.940489530563354492e-01 9.385494142770767212e-02 -4.949399828910827637e-01
6.148589849472045898e-01 -1.290550976991653442e-01 5.846260115504264832e-02 -4.105873703956604004e-01 9.006193876266479492e-01 -5.641136765480041504e-01 7.406095266342163086e-01 5.231253504753112793e-01 9.167234897613525391e-01 -2.770771384239196777e-01 -7.681175470352172852e-01 -3.908995389938354492e-01 -7.220432758331298828e-01 -9.933629631996154785e-01 2.781321406364440918e-01 -4.975145757198333740e-01
5.911046266555786133e-01 -2.667645812034606934e-01 1.732039302587509155e-01 -2.317921370267868042e-01 9.129488468170166016e-01 -6.164935231208801270e-01 7.702006697654724121e-01 5.454619526863098145e-01 8.794330358505249023e-01 -1.911422461271286011e-01 -6.808501482009887695e-01 -4.278710186481475830e-01 -6.751980185508728027e-01 -9.920453429222106934e-01 4.207850098609924316e-01 -4.981557130813598633e-01
5.529689192771911621e-01 -3.741457164287567139e-01 2.727705538272857666e-01 -5.436580628156661987e-02 9.214599132537841797e-01 -6.571471691131591797e-01 7.915217876434326172e-01 5.675675272941589355e-01 8.246865272521972656e-01 -1.040907055139541626e-01 -5.650921463966369629e-01 -4.597270190715789795e-01 -6.306594610214233398e-01 -9.898596405982971191e-01 5.287109613418579102e-01 -4.954083561897277832e-01
5.038620233535766602e-01 -4.587092101573944092e-01 3.577313423156738281e-01 1.136505976319313049e-01 9.262768030166625977e-01 -6.895281672477722168e-01 8.061710596084594727e-01 5.894527435302734375e-01 7.448436617851257324e-01 -2.038912847638130188e-02 -4.183149337768554688e-01 -4.874760806560516357e-01 -5.879327058792114258e-01 -9.863078594207763672e-01 6.100471019744873047e-01 -4.867389798164367676e-01
4.473302364349365234e-01 -5.263990759849548340e-01 4.293245375156402588e-01 2.673175632953643799e-01 9.266971945762634277e-01 -7.158954143524169922e-01 8.147922754287719727e-01 6.107652783393859863e-01 6.305987834930419922e-01 5.709637701511383057e-02 -2.439673840999603271e-01 -5.118507742881774902e-01 -5.454685688018798828e-01 -9.804260730743408203e-01 6.714468598365783691e-01 -4.679193794727325439e-01
3.878971338272094727e-01 -5.815995335578918457e-01 4.890000224113464355e-01 4.035509824752807617e-01 9.206944108009338379e-01 -7.377484440803527832e-01 8.172593116760253906e-01 6.306322813034057617e-01 4.752214550971984863e-01 1.269330978393554688e-01 -5.396173894405364990e-02 -5.334110260009765625e-01 -5.010347962379455566e-01 -9.703994989395141602e-01 7.178011536598205566e-01 -4.325118362903594971e-01
3.311513662338256836e-01 -6.274259090423583984e-01 5.381433367729187012e-01 5.206999182701110840e-01 9.039843082427978516e-01 -7.561144232749938965e-01 8.128461837768554688e-01 6.473443508148193359e-01 2.832727134227752686e-01 1.885654032230377197e-01 1.334406137466430664e-01 -5.525854825973510742e-01 -4.517509341239929199e-01 -9.529966115951538086e-01 7.526935338973999023e-01 -3.723828792572021484e-01
2.825492620468139648e-01 -6.659846305847167969e-01 5.778768658638000488e-01 6.186754703521728516e-01 8.691357374191284180e-01 -7.717369794845581055e-01 8.004141449928283691e-01 6.579484939575195312e-01 7.615865767002105713e-02 2.417336255311965942e-01 3.013253211975097656e-01 -5.696262717247009277e-01 -3.939335346221923828e-01 -9.231843352317810059e-01 7.789618968963623047e-01 -2.804195284843444824e-01
2.456587702035903931e-01 -6.986258029937744141e-01 6.088344454765319824e-01 6.987807750701904297e-01 8.065851926803588867e-01 -7.851830720901489258e-01 7.785645723342895508e-01 6.579891443252563477e-01 -1.172087416052818298e-01 2.862581610679626465e-01 4.411048293113708496e-01 -5.844728946685791016e-01 -3.232636153697967529e-01 -8.749333620071411133e-01 7.990274429321289062e-01 -1.544835269451141357e-01
2.213966697454452515e-01 -7.262662053108215332e-01 6.308199167251586914e-01 7.631084322929382324e-01 7.090269327163696289e-01 -7.968793511390686035e-01 7.455593347549438477e-01 6.415994167327880859e-01 -2.769990861415863037e-01 3.221932649612426758e-01 5.527446269989013672e-01 -5.965263843536376953e-01 -2.360367476940155029e-01 -8.038538098335266113e-01 8.148478865623474121e-01 1.000940799713134766e-03
2.084934264421463013e-01 -7.496793270111083984e-01 6.422966718673706055e-01 8.139636516571044922e-01 5.759797692298889160e-01 -8.071215748786926270e-01 6.990239620208740234e-01 6.019419431686401367e-01 -3.980394601821899414e-01 3.499146997928619385e-01 6.405394077301025391e-01 -6.042522788047790527e-01 -1.314703673124313354e-01 -7.101197242736816406e-01 8.277542591094970703e-01 1.765374690294265747e-01
2.043499350547790527e-01 -7.696195840835571289e-01 6.396976113319396973e-01 8.535162210464477539e-01 4.141736924648284912e-01 -8.160926103591918945e-01 6.358609795570373535e-01 5.324363112449645996e-01 -4.846739172935485840e-01 3.699724376201629639e-01 7.094845175743103027e-01 -6.044867634773254395e-01 -1.356399059295654297e-02 -5.993370413780212402e-01 8.384802937507629395e-01 3.590405583381652832e-01
2.059040218591690063e-01 -7.868179678916931152e-01 6.167392730712890625e-01 8.836205005645751953e-01 2.348065227270126343e-01 -8.238762617111206055e-01 5.527833700180053711e-01 4.294609129428863525e-01 -5.445654392242431641e-01 3.829095363616943359e-01 7.637742161750793457e-01 -5.914521217346191406e-01 1.095727458596229553e-01 -4.808143973350524902e-01 8.473688960075378418e-01 5.327963829040527344e-01
2.104196846485137939e-01 -8.019308447837829590e-01 5.644723176956176758e-01 9.057185649871826172e-01 5.050596594810485840e-02 -8.304486870765686035e-01 4.473088383674621582e-01 2.954360246658325195e-01 -5.852246284484863281e-01 3.892056047916412354e-01 8.065841794013977051e-01 -5.558006763458251953e-01 2.290794104337692261e-01 -3.643184006214141846e-01 8.545882701873779297e-01 6.823549866676330566e-01
2.159549295902252197e-01 -8.154433965682983398e-01 4.731871187686920166e-01 9.207394719123840332e-01 -1.272123157978057861e-01 -8.356394171714782715e-01 3.183821439743041992e-01 1.392972469329833984e-01 -6.126945614814758301e-01 3.893208503723144531e-01 8.402452468872070312e-01 -4.844094812870025635e-01 3.386411070823669434e-01 -2.571133673191070557e-01 8.602561950683593750e-01 7.975943088531494141e-01
