-3.357571065425872803e-01 2.252509742975234985e-01 -2.253553867340087891e-01 5.505795478820800781e-01 -6.099899411201477051e-01 4.313164576888084412e-02 -2.609548568725585938e-01 -3.661938011646270752e-01 -8.392771482467651367e-01 4.375692009925842285e-01 6.928600668907165527e-01 4.866415560245513916e-01 5.178245902061462402e-01 4.453696906566619873e-01 -3.411064445972442627e-01 6.002622842788696289e-01
-3.345402181148529053e-01 3.489472568035125732e-01 -2.714284360408782959e-01 4.824724495410919189e-01 -6.330978274345397949e-01 8.265938609838485718e-03 -3.370131552219390869e-01 -2.601926922798156738e-01 -8.281401395797729492e-01 3.900543749332427979e-01 6.504481434822082520e-01 5.300502777099609375e-01 4.932433068752288818e-01 4.446762204170227051e-01 -3.603660464286804199e-01 4.768170714378356934e-01
-3.404850363731384277e-01 4.283557832241058350e-01 -3.024333119392395020e-01 4.145135581493377686e-01 -6.489011049270629883e-01 1.531589776277542114e-02 -3.802345395088195801e-01 -2.274221181869506836e-01 -8.114978075027465820e-01 3.447003364562988281e-01 6.000097393989562988e-01 5.609545707702636719e-01 4.649888277053833008e-01 4.355881810188293457e-01 -3.827542066574096680e-01 3.859736621379852295e-01
-3.500891029834747314e-01 4.820326566696166992e-01 -3.264698684215545654e-01 3.482672870159149170e-01 -6.595592498779296875e-01 3.629913181066513062e-02 -4.051361978054046631e-01 -2.207547426223754883e-01 -7.904858589172363281e-01 3.018721938133239746e-01 5.426484346389770508e-01 5.827175378799438477e-01 4.335213899612426758e-01 4.209692180156707764e-01 -4.050487279891967773e-01 3.147290945053100586e-01
-3.604861795902252197e-01 5.189116597175598145e-01 -3.466683328151702881e-01 2.842277884483337402e-01 -6.655603647232055664e-01 5.975259840488433838e-02 -4.189846515655517578e-01 -2.208774387836456299e-01 -7.654904723167419434e-01 2.617506682872772217e-01 4.792629778385162354e-01 5.972948074340820312e-01 3.992693722248077393e-01 4.027814865112304688e-01 -4.253463149070739746e-01 2.560695409774780273e-01
-3.695568740367889404e-01 5.438488721847534180e-01 -3.641605079174041748e-01 2.224440425634384155e-01 -6.669276952743530273e-01 8.116948604583740234e-02 -4.255289435386657715e-01 -2.206370383501052856e-01 -7.365331053733825684e-01 2.243600934743881226e-01 4.107689857482910156e-01 6.058545112609863281e-01 3.626531660556793213e-01 3.823214173316955566e-01 -4.425888657569885254e-01 2.061249613761901855e-01
-3.759268820285797119e-01 5.597596764564514160e-01 -3.792352676391601562e-01 1.628337353467941284e-01 -6.636007428169250488e-01 9.913083910942077637e-02 -4.268321990966796875e-01 -2.178654372692108154e-01 -7.034611105918884277e-01 1.895998269319534302e-01 3.381668627262115479e-01 6.091120243072509766e-01 3.241260945796966553e-01 3.603627085685729980e-01 -4.562243223190307617e-01 1.626460850238800049e-01
-3.788491189479827881e-01 5.685325860977172852e-01 -3.918451964855194092e-01 1.053239107131958008e-01 -6.555272936820983887e-01 1.135181784629821777e-01 -4.241011142730712891e-01 -2.122552394866943359e-01 -6.660499572753906250e-01 1.572888642549514771e-01 2.625558078289031982e-01 6.075084209442138672e-01 2.841767072677612305e-01 3.372879624366760254e-01 -4.660016000270843506e-01 1.242199316620826721e-01
-3.780336976051330566e-01 5.714563131332397461e-01 -4.018357098102569580e-01 4.990950226783752441e-02 -6.426681280136108398e-01 1.246666759252548218e-01 -4.180623292922973633e-01 -2.040959298610687256e-01 -6.240705847740173340e-01 1.272082030773162842e-01 1.851235032081604004e-01 6.013075709342956543e-01 2.433136254549026489e-01 3.132134079933166504e-01 -4.718487858772277832e-01 8.987697958946228027e-02
-3.734832704067230225e-01 5.694406628608703613e-01 -4.090443253517150879e-01 -3.325928002595901489e-03 -6.249878406524658203e-01 1.329846829175949097e-01 -4.091469049453735352e-01 -1.938127577304840088e-01 -5.773453712463378906e-01 9.913237392902374268e-02 1.071223840117454529e-01 5.906531810760498047e-01 2.020501196384429932e-01 2.880973219871520996e-01 -4.737984538078308105e-01 5.890038236975669861e-02
-3.653613626956939697e-01 5.631448030471801758e-01 -4.133367240428924561e-01 -5.420844629406929016e-02 -6.024544835090637207e-01 1.388064324855804443e-01 -3.975936472415924072e-01 -1.818249374628067017e-01 -5.258023738861083984e-01 7.284951210021972656e-02 2.983718737959861755e-02 5.756057500839233398e-01 1.608936041593551636e-01 2.618261575698852539e-01 -4.719412624835968018e-01 3.073624707758426666e-02
-3.538998365402221680e-01 5.530593991279602051e-01 -4.146122336387634277e-01 -1.024829596281051636e-01 -5.750526189804077148e-01 1.423565894365310669e-01 -3.835180401802062988e-01 -1.685162931680679321e-01 -4.695264399051666260e-01 4.817223548889160156e-02 -4.545234143733978271e-02 5.561702847480773926e-01 1.203400716185569763e-01 2.342792302370071411e-01 -4.663978815078735352e-01 4.953369498252868652e-03
-3.393409848213195801e-01 5.395622253417968750e-01 -4.127949178218841553e-01 -1.478287428617477417e-01 -5.428081750869750977e-01 1.437648832798004150e-01 -3.669648468494415283e-01 -1.542377620935440063e-01 -4.088019728660583496e-01 2.494224347174167633e-02 -1.175115555524826050e-01 5.323206186294555664e-01 8.087103813886642456e-02 2.053747326135635376e-01 -4.573037028312683105e-01 -1.877404563128948212e-02
-3.219061493873596191e-01 5.229581594467163086e-01 -4.078199863433837891e-01 -1.898787617683410645e-01 -5.058205723762512207e-01 1.430990993976593018e-01 -3.479511439800262451e-01 -1.393139362335205078e-01 -3.441396355628967285e-01 3.031494095921516418e-03 -1.851908266544342041e-01 5.040232539176940918e-01 4.295133799314498901e-02 1.751006245613098145e-01 -4.448025822639465332e-01 -4.067447036504745483e-02
-3.017848730087280273e-01 5.035058856010437012e-01 -3.996212482452392578e-01 -2.282404303550720215e-01 -4.642964005470275879e-01 1.404015719890594482e-01 -3.265025913715362549e-01 -1.240463703870773315e-01 -2.762798964977264404e-01 -1.765836961567401886e-02 -2.474626004695892334e-01 4.712631702423095703e-01 7.026853039860725403e-03 1.435328423976898193e-01 -4.290453791618347168e-01 -6.088464707136154175e-02
-2.791381478309631348e-01 4.814359843730926514e-01 -3.881245255470275879e-01 -2.625154554843902588e-01 -4.185781180858612061e-01 1.357214897871017456e-01 -3.026830852031707764e-01 -1.087130308151245117e-01 -2.061691433191299438e-01 -3.719676285982131958e-02 -3.034530282020568848e-01 4.340718686580657959e-01 -2.647819742560386658e-02 1.108424365520477295e-01 -4.101916253566741943e-01 -7.945695519447326660e-02
-2.541131377220153809e-01 4.569607377052307129e-01 -3.732501864433288574e-01 -2.923173010349273682e-01 -3.691615760326385498e-01 1.291396319866180420e-01 -2.766173183917999268e-01 -9.356509149074554443e-02 -1.349109858274459839e-01 -5.562460049986839294e-02 -3.524645566940307617e-01 3.925577998161315918e-01 -5.716405063867568970e-02 7.729251682758331299e-02 -3.884116709232330322e-01 -9.637020528316497803e-02
-2.268644273281097412e-01 4.302790760993957520e-01 -3.549272119998931885e-01 -3.172855675220489502e-01 -3.166978061199188232e-01 1.207839027047157288e-01 -2.485049366950988770e-01 -7.882279157638549805e-02 -6.369835138320922852e-02 -7.295364886522293091e-02 -3.939871191978454590e-01 3.469375967979431152e-01 -8.465836197137832642e-02 4.322538897395133972e-02 -3.638882637023925781e-01 -1.115447953343391418e-01
-1.975785493850708008e-01 4.015784561634063721e-01 -3.331183791160583496e-01 -3.370976150035858154e-01 -2.619779706001281738e-01 1.108352392911911011e-01 -2.186255007982254028e-01 -6.467094272375106812e-02 6.261602044105529785e-03 -8.916519582271575928e-02 -4.276967048645019531e-01 2.975651621818542480e-01 -1.086190491914749146e-01 9.042073041200637817e-03 -3.368181586265563965e-01 -1.248617768287658691e-01
-1.664970368146896362e-01 3.710364103317260742e-01 -3.078549504280090332e-01 -3.514786958694458008e-01 -2.059033513069152832e-01 9.952445328235626221e-02 -1.873345971107482910e-01 -5.125560611486434937e-02 7.381832599639892578e-02 -1.042084395885467529e-01 -4.534411430358886719e-01 2.449547499418258667e-01 -1.287372708320617676e-01 -2.482324093580245972e-02 -3.074139952659606934e-01 -1.361845880746841431e-01
-1.339333951473236084e-01 3.388243615627288818e-01 -2.792759537696838379e-01 -3.602128326892852783e-01 -1.494451761245727539e-01 8.712169528007507324e-02 -1.550523191690444946e-01 -3.868218883872032166e-02 1.379348337650299072e-01 -1.179997846484184265e-01 -4.712166488170623779e-01 1.897927820682525635e-01 -1.447407007217407227e-01 -5.793017894029617310e-02 -2.759081721305847168e-01 -1.453813314437866211e-01
-1.002804711461067200e-01 3.051148056983947754e-01 -2.476646453142166138e-01 -3.631568551063537598e-01 -9.359972923994064331e-02 7.392084598541259766e-02 -1.222470477223396301e-01 -2.701595425605773926e-02 1.977252960205078125e-01 -1.304246783256530762e-01 -4.811390638351440430e-01 1.329339444637298584e-01 -1.563978195190429688e-01 -8.985689282417297363e-02 -2.425589859485626221e-01 -1.523456573486328125e-01
-6.600584834814071655e-02 2.700921893119812012e-01 -2.134747207164764404e-01 -3.602592051029205322e-01 -3.934404626488685608e-02 6.022168695926666260e-02 -8.941724896430969238e-02 -1.628497801721096039e-02 2.524726986885070801e-01 -1.413435339927673340e-01 -4.834157228469848633e-01 7.537784427404403687e-02 -1.635235249996185303e-01 -1.202196106314659119e-01 -2.076588124036788940e-01 -1.570140868425369263e-01
-3.163545578718185425e-02 2.339656949043273926e-01 -1.773376166820526123e-01 -3.515841960906982422e-01 1.240423694252967834e-02 4.631274938583374023e-02 -5.707380920648574829e-02 -6.485986523330211639e-03 3.016299605369567871e-01 -1.506028920412063599e-01 -4.783232808113098145e-01 1.822562515735626221e-02 -1.659869849681854248e-01 -1.486856788396835327e-01 -1.715429574251174927e-01 -1.593783646821975708e-01
2.272436395287513733e-03 1.969821155071258545e-01 -1.400460302829742432e-01 -3.373389840126037598e-01 6.082088500261306763e-02 3.245726600289344788e-02 -2.572439797222614288e-02 2.407618332654237747e-03 3.448095917701721191e-01 -1.580518633127212524e-01 -4.661955237388610840e-01 -3.737986832857131958e-02 -1.637223660945892334e-01 -1.749802380800247192e-01 -1.345963925123214722e-01 -1.594920158386230469e-01
3.515874966979026794e-02 1.594355404376983643e-01 -1.025127097964286804e-01 -3.178993463516235352e-01 1.052019149065017700e-01 1.888374611735343933e-02 4.139609634876251221e-03 1.043614745140075684e-02 3.817673921585083008e-01 -1.635624617338180542e-01 -4.474229216575622559e-01 -9.032353758811950684e-02 -1.567427515983581543e-01 -1.988877654075622559e-01 -9.725616127252578735e-02 -1.574707627296447754e-01
6.649611145257949829e-02 1.216720044612884521e-01 -6.570961326360702515e-02 -2.938264906406402588e-01 1.449827253818511963e-01 5.781887099146842957e-03 3.205428645014762878e-02 1.764343865215778351e-02 4.123846292495727539e-01 -1.670510172843933105e-01 -4.224638640880584717e-01 -1.395865678787231445e-01 -1.451567113399505615e-01 -2.202502787113189697e-01 -6.000729650259017944e-02 -1.534872204065322876e-01
9.581765532493591309e-02 8.408731222152709961e-02 -3.059689514338970184e-02 -2.658682763576507568e-01 1.797492951154708862e-01 -6.696548778563737869e-03 5.759315192699432373e-02 2.406752854585647583e-02 4.366517961025238037e-01 -1.684968918561935425e-01 -3.918639719486236572e-01 -1.843041032552719116e-01 -1.291861087083816528e-01 -2.389639467000961304e-01 -2.337181381881237030e-02 -1.477609276771545410e-01
1.227386221289634705e-01 4.711849614977836609e-02 1.946331933140754700e-03 -2.349395304918289185e-01 2.092418968677520752e-01 -1.843303442001342773e-02 8.037671446800231934e-02 2.973338589072227478e-02 4.546557664871215820e-01 -1.679550707340240479e-01 -3.562784194946289062e-01 -2.238039821386337280e-01 -1.091817840933799744e-01 -2.549751996994018555e-01 1.210834644734859467e-02 -1.405448764562606812e-01
1.469691246747970581e-01 1.123006083071231842e-02 3.117900714278221130e-02 -2.020805180072784424e-01 2.333513647317886353e-01 -2.933533117175102234e-02 1.000819131731987000e-01 3.464863821864128113e-02 4.665705263614654541e-01 -1.655600816011428833e-01 -3.164899349212646484e-01 -2.576231360435485840e-01 -8.563306927680969238e-02 -2.682771384716033936e-01 4.589230194687843323e-02 -1.321106106042861938e-01
1.683176457881927490e-01 -2.310305088758468628e-02 5.653599277138710022e-02 -1.683983504772186279e-01 2.521098852157592773e-01 -3.932999819517135620e-02 1.164514720439910889e-01 3.880288451910018921e-02 4.726516008377075195e-01 -1.615202575922012329e-01 -2.734155654907226562e-01 -2.855032682418823242e-01 -5.916630849242210388e-02 -2.789062559604644775e-01 7.746228575706481934e-02 -1.227335482835769653e-01
1.866869628429412842e-01 -5.541368946433067322e-02 7.764478027820587158e-02 -1.349998861551284790e-01 2.656770646572113037e-01 -4.835579544305801392e-02 1.293025910854339600e-01 4.217052087187767029e-02 4.732330143451690674e-01 -1.561038643121719360e-01 -2.280949056148529053e-01 -3.073710501194000244e-01 -3.052905574440956116e-02 -2.869399487972259521e-01 1.063444018363952637e-01 -1.126805096864700317e-01
2.020640075206756592e-01 -8.526024222373962402e-02 9.432293474674224854e-02 -1.029261648654937744e-01 2.743234336376190186e-01 -5.635901540517807007e-02 1.385342180728912354e-01 4.471636191010475159e-02 4.687255024909973145e-01 -1.496193557977676392e-01 -1.816574335098266602e-01 -3.233096003532409668e-01 -5.586277693510055542e-04 -2.924940884113311768e-01 1.321259140968322754e-01 -1.022005528211593628e-01
2.145065665245056152e-01 -1.122427135705947876e-01 1.065608337521553040e-01 -7.309754192829132080e-02 2.784119844436645508e-01 -6.329115480184555054e-02 1.441318392753601074e-01 4.640285670757293701e-02 4.596142470836639404e-01 -1.423931717872619629e-01 -1.352709829807281494e-01 -3.335280120372772217e-01 2.986251562833786011e-02 -2.957208156585693359e-01 1.544679701328277588e-01 -9.151995927095413208e-02
2.241283357143402100e-01 -1.360166072845458984e-01 1.144949346780776978e-01 -4.627469182014465332e-02 2.783788740634918213e-01 -6.910894811153411865e-02 1.461692452430725098e-01 4.719766601920127869e-02 4.464540481567382812e-01 -1.347484588623046875e-01 -9.007827937602996826e-02 -3.383336067199707031e-01 5.985888093709945679e-02 -2.968060970306396484e-01 1.731134355068206787e-01 -8.084095269441604614e-02
2.310843169689178467e-01 -1.563041508197784424e-01 1.183765679597854614e-01 -2.303736284375190735e-02 2.747135162353515625e-01 -7.377631962299346924e-02 1.448065042495727539e-01 4.708040878176689148e-02 4.298610091209411621e-01 -1.269872933626174927e-01 -4.713291674852371216e-02 -3.381092548370361328e-01 8.861418068408966064e-02 -2.959667444229125977e-01 1.878903657197952271e-01 -7.034350931644439697e-02
2.355576306581497192e-01 -1.729028820991516113e-01 1.185404509305953979e-01 -3.779269754886627197e-03 2.679388523101806641e-01 -7.726769149303436279e-02 1.402841508388519287e-01 4.604784026741981506e-02 4.104990065097808838e-01 -1.193777471780776978e-01 -7.345417514443397522e-03 -3.332965970039367676e-01 1.154157742857933044e-01 -2.934463620185852051e-01 1.987117081880569458e-01 -6.018879637122154236e-02
2.377484291791915894e-01 -1.856913566589355469e-01 1.153757646679878235e-01 1.128422934561967850e-02 2.585926353931427002e-01 -7.957196235656738281e-02 1.329135596752166748e-01 4.411718249320983887e-02 3.890625834465026855e-01 -1.121461838483810425e-01 2.855252102017402649e-02 -3.243838548660278320e-01 1.396858692169189453e-01 -2.895103394985198975e-01 2.055725902318954468e-01 -5.052271857857704163e-02
2.378655076026916504e-01 -1.946319639682769775e-01 1.093015521764755249e-01 2.209975942969322205e-02 2.472102046012878418e-01 -8.069653809070587158e-02 1.230647787451744080e-01 4.132777452468872070e-02 3.662561774253845215e-01 -1.054742634296417236e-01 6.002272292971611023e-02 -3.118972182273864746e-01 1.609970778226852417e-01 -2.844393253326416016e-01 2.085460275411605835e-01 -4.147853702306747437e-02
2.361206114292144775e-01 -1.997710913419723511e-01 1.007477417588233948e-01 2.875433489680290222e-02 2.343103289604187012e-01 -8.067086338996887207e-02 1.111520975828170776e-01 3.774132579565048218e-02 3.427727818489074707e-01 -9.949959069490432739e-02 8.671635389328002930e-02 -2.963933348655700684e-01 1.790729165077209473e-01 -2.785216867923736572e-01 2.077778726816177368e-01 -3.317770734429359436e-02
2.327252477407455444e-01 -2.012366354465484619e-01 9.014123678207397461e-02 3.145162016153335571e-02 2.203840613365173340e-01 -7.954898476600646973e-02 9.761869907379150391e-02 3.344107791781425476e-02 3.192732334136962891e-01 -9.431860595941543579e-02 1.084558069705963135e-01 -2.784516811370849609e-01 1.937767863273620605e-01 -2.720449566841125488e-01 2.034816890954971313e-01 -2.572902292013168335e-02
2.278896421194076538e-01 -1.992334425449371338e-01 7.789692282676696777e-02 3.048799932003021240e-02 2.058872580528259277e-01 -7.741082459688186646e-02 8.292134851217269897e-02 2.853013761341571808e-02 2.963682413101196289e-01 -8.999079465866088867e-02 1.252091526985168457e-01 -2.586657404899597168e-01 2.050933837890625000e-01 -2.652873694896697998e-01 1.959335356950759888e-01 -1.922627910971641541e-02
2.218232452869415283e-01 -1.940364837646484375e-01 6.441248208284378052e-02 2.622960321605205536e-02 1.912358552217483521e-01 -7.436189055442810059e-02 6.751566380262374878e-02 2.312912233173847198e-02 2.746040225028991699e-01 -8.654337376356124878e-02 1.370628774166107178e-01 -2.376326620578765869e-01 2.131067812442779541e-01 -2.585095465183258057e-01 1.854662895202636719e-01 -1.374525576829910278e-02
2.147359549999237061e-01 -1.859824657440185547e-01 5.006578192114830017e-02 1.909114606678485870e-02 1.768038868904113770e-01 -7.053133100271224976e-02 5.184281244874000549e-02 1.737295836210250854e-02 2.544522583484649658e-01 -8.397582173347473145e-02 1.441965699195861816e-01 -2.159412801265716553e-01 2.179784476757049561e-01 -2.519473731517791748e-01 1.724633276462554932e-01 -9.340669959783554077e-03
2.068395912647247314e-01 -1.754597425460815430e-01 3.521385416388511658e-02 9.516765363514423370e-03 1.629228591918945312e-01 -6.606827676296234131e-02 3.631797060370445251e-02 1.140701398253440857e-02 2.363041043281555176e-01 -8.226425200700759888e-02 1.468622386455535889e-01 -1.941595673561096191e-01 2.199271321296691895e-01 -2.458063960075378418e-01 1.573507785797119141e-01 -6.043716333806514740e-03
1.983488947153091431e-01 -1.628968268632888794e-01 2.019244059920310974e-02 -2.036849502474069595e-03 1.498821973800659180e-01 -6.113674491643905640e-02 2.132081426680088043e-02 5.382457748055458069e-03 2.204678952693939209e-01 -8.136549592018127441e-02 1.453685462474822998e-01 -1.728221774101257324e-01 2.192119061946868896e-01 -2.402578592300415039e-01 1.405880749225616455e-01 -3.860583063215017319e-03
1.894814074039459229e-01 -1.487496197223663330e-01 5.315606482326984406e-03 -1.511495187878608704e-02 1.379299014806747437e-01 -5.590934306383132935e-02 7.188105955719947815e-03 -5.489760078489780426e-04 2.071698755025863647e-01 -8.122102916240692139e-02 1.400696933269500732e-01 -1.524190157651901245e-01 2.161184251308441162e-01 -2.354368865489959717e-01 1.226566880941390991e-01 -2.772143809124827385e-03
1.804562211036682129e-01 -1.334878653287887573e-01 -9.125223383307456970e-03 -2.927668765187263489e-02 1.272733211517333984e-01 -5.056034028530120850e-02 -5.791529081761837006e-03 -6.240598391741514206e-03 1.965572237968444824e-01 -8.176061511039733887e-02 1.313577294349670410e-01 -1.333857923746109009e-01 2.109481394290924072e-01 -2.314422726631164551e-01 1.040472686290740967e-01 -2.734781010076403618e-03
1.714912354946136475e-01 -1.175811514258384705e-01 -2.286262437701225281e-02 -4.410446807742118835e-02 1.180796772241592407e-01 -4.525861516594886780e-02 -1.738086901605129242e-02 -1.155637949705123901e-02 1.887027770280838013e-01 -8.290590345859527588e-02 1.196570247411727905e-01 -1.160967573523521423e-01 2.040100991725921631e-01 -2.283378690481185913e-01 8.524566143751144409e-02 -3.682180307805538177e-03
1.627991646528244019e-01 -1.014851629734039307e-01 -3.565523028373718262e-02 -5.921076238155364990e-02 1.104764640331268311e-01 -4.016108810901641846e-02 -2.739545144140720367e-02 -1.637624949216842651e-02 1.836105436086654663e-01 -8.457364886999130249e-02 1.054194644093513489e-01 -1.008600220084190369e-01 1.956147402524948120e-01 -2.261550575494766235e-01 6.671877205371856689e-02 -5.527973175048828125e-03
