1.322386711835861206e-01 9.880232214927673340e-01
2.542155981063842773e-01 9.644554853439331055e-01
3.733036518096923828e-01 9.264766573905944824e-01
4.889373779296875000e-01 8.731243014335632324e-01
5.974730253219604492e-01 8.035128712654113770e-01
6.950764656066894531e-01 7.192675471305847168e-01
7.804753780364990234e-01 6.232533454895019531e-01
8.540275096893310547e-01 5.179781317710876465e-01
9.150769710540771484e-01 4.051321148872375488e-01
9.610652923583984375e-01 2.857097387313842773e-01
9.893279075622558594e-01 1.607479900121688843e-01
9.994204044342041016e-01 3.224927186965942383e-02
9.932649135589599609e-01 -9.678165614604949951e-02
9.730784893035888672e-01 -2.233293801546096802e-01
9.389907121658325195e-01 -3.454124331474304199e-01
8.887090682983398438e-01 -4.621276855468750000e-01
8.209040164947509766e-01 -5.722470879554748535e-01
7.383071780204772949e-01 -6.730651259422302246e-01
6.451956629753112793e-01 -7.617372870445251465e-01
5.438659191131591797e-01 -8.369560241699218750e-01
4.345378279685974121e-01 -8.987150192260742188e-01
3.170363306999206543e-01 -9.471241235733032227e-01
1.924087852239608765e-01 -9.815081954002380371e-01
6.355291604995727539e-02 -1.000260114669799805e+00
-6.568419933319091797e-02 -1.001500487327575684e+00
-1.922177076339721680e-01 -9.841958880424499512e-01
-3.146545886993408203e-01 -9.490016102790832520e-01
-4.326450824737548828e-01 -8.980733752250671387e-01
-5.450782179832458496e-01 -8.338583111763000488e-01
-6.489887237548828125e-01 -7.579762935638427734e-01
-7.409887313842773438e-01 -6.712699532508850098e-01
-8.193815946578979492e-01 -5.743278861045837402e-01
-8.842054605484008789e-01 -4.675513505935668945e-01
-9.358186721801757812e-01 -3.513461947441101074e-01
-9.737432003021240234e-01 -2.268772274255752563e-01
-9.965026378631591797e-01 -9.672436863183975220e-02
-1.002377867698669434e+00 3.538466989994049072e-02
-9.904111623764038086e-01 1.656142026185989380e-01
-9.608532190322875977e-01 2.909131646156311035e-01
-9.148919582366943359e-01 4.092647433280944824e-01
-8.541041612625122070e-01 5.194875597953796387e-01
-7.800264358520507812e-01 6.208942532539367676e-01
-6.939446330070495605e-01 7.129599452018737793e-01
-5.968759059906005859e-01 7.950439453125000000e-01
-4.897596240043640137e-01 8.661433458328247070e-01
-3.738881349563598633e-01 9.246743321418762207e-01
-2.514384984970092773e-01 9.684086441993713379e-01
-1.256021559238433838e-01 9.949526190757751465e-01
2.516210079193115234e-04 1.003032445907592773e+00
1.240661740303039551e-01 9.936442971229553223e-01
