-5.142450332641601562e-03 -1.007902324199676514e-01 -6.032025441527366638e-02 7.816017419099807739e-02 -5.989081040024757385e-02 -3.762432187795639038e-02 -1.899125287309288979e-03 -1.159515455365180969e-01 9.461645968258380890e-03 -1.491914968937635422e-02 3.414891287684440613e-02 -4.753039684146642685e-03 3.673336654901504517e-02 -4.230613354593515396e-03 7.943776249885559082e-02 1.880487948656082153e-01
8.301967754960060120e-03 -1.630922853946685791e-01 -1.586253196001052856e-01 1.449471712112426758e-01 -1.437024027109146118e-01 -6.083006411790847778e-02 -3.834994509816169739e-02 -2.272396683692932129e-01 -3.250558860599994659e-03 -3.498178720474243164e-02 7.238252460956573486e-02 4.039356485009193420e-02 1.200928688049316406e-01 4.952565208077430725e-02 1.429226547479629517e-01 3.511870205402374268e-01
2.535618469119071960e-02 -1.897745579481124878e-01 -2.809949219226837158e-01 1.797605007886886597e-01 -2.511362433433532715e-01 -5.773270875215530396e-02 -1.248678267002105713e-01 -3.404399454593658447e-01 -2.256996929645538330e-02 -5.907117575407028198e-02 1.050373017787933350e-01 1.464060246944427490e-01 2.268028408288955688e-01 1.336629390716552734e-01 1.850025355815887451e-01 4.883005023002624512e-01
3.865485638380050659e-02 -1.718469560146331787e-01 -4.163321256637573242e-01 1.638253480195999146e-01 -3.707574605941772461e-01 -1.668122597038745880e-02 -2.543022632598876953e-01 -4.550951719284057617e-01 -4.102813452482223511e-02 -8.544087409973144531e-02 1.206847429275512695e-01 3.103560507297515869e-01 3.345700800418853760e-01 2.237613052129745483e-01 2.025611549615859985e-01 5.949443578720092773e-01
4.611502960324287415e-02 -9.205505251884460449e-02 -5.526030063629150391e-01 8.415827155113220215e-02 -4.890684187412261963e-01 7.102718949317932129e-02 -4.020041823387145996e-01 -5.656977891921997070e-01 -5.560882762074470520e-02 -1.135510057210922241e-01 1.070690155029296875e-01 5.052996277809143066e-01 4.284313619136810303e-01 3.049028515815734863e-01 1.908171772956848145e-01 6.662592291831970215e-01
4.723523929715156555e-02 5.440512299537658691e-02 -6.760936975479125977e-01 -4.924534261226654053e-02 -5.964170098304748535e-01 2.033185958862304688e-01 -5.414820313453674316e-01 -6.654124855995178223e-01 -6.484812498092651367e-02 -1.447166949510574341e-01 5.477877706289291382e-02 6.888722181320190430e-01 5.001984834671020508e-01 3.716677427291870117e-01 1.421694755554199219e-01 6.984138488769531250e-01
4.070378094911575317e-02 2.427982836961746216e-01 -7.760089635848999023e-01 -2.004202604293823242e-01 -6.878300905227661133e-01 3.638412356376647949e-01 -6.573103666305541992e-01 -7.493868470191955566e-01 -6.720606982707977295e-02 -1.807011365890502930e-01 -3.336565941572189331e-02 8.278737068176269531e-01 5.453706979751586914e-01 4.236773252487182617e-01 5.117980390787124634e-02 6.870043873786926270e-01
2.363673225045204163e-02 4.364567399024963379e-01 -8.493334054946899414e-01 -3.392363190650939941e-01 -7.618267536163330078e-01 5.297802686691284180e-01 -7.462036609649658203e-01 -8.158834576606750488e-01 -6.053441762924194336e-02 -2.218231558799743652e-01 -1.408992558717727661e-01 9.139962196350097656e-01 5.609096884727478027e-01 4.621331095695495605e-01 -7.803687453269958496e-02 6.246659159660339355e-01
-8.265782147645950317e-03 6.081894636154174805e-01 -8.996853232383728027e-01 -4.559361934661865234e-01 -8.191037178039550781e-01 6.802447438240051270e-01 -8.112857341766357422e-01 -8.655555248260498047e-01 -4.232686758041381836e-02 -2.670142352581024170e-01 -2.523824572563171387e-01 9.588649272918701172e-01 5.440499782562255859e-01 4.887900948524475098e-01 -2.325039952993392944e-01 5.030117034912109375e-01
-6.078399345278739929e-02 7.452669143676757812e-01 -9.330037832260131836e-01 -5.512528419494628906e-01 -8.613556623458862305e-01 8.006343841552734375e-01 -8.571754693984985352e-01 -9.002920985221862793e-01 -1.015432551503181458e-02 -3.149003982543945312e-01 -3.605478405952453613e-01 9.792443513870239258e-01 4.919023811817169189e-01 5.057204961776733398e-01 -3.954321146011352539e-01 3.218593895435333252e-01
-1.413279175758361816e-01 8.455992341041564941e-01 -9.546592235565185547e-01 -6.284480690956115723e-01 -8.905793428421020508e-01 8.856505751609802246e-01 -8.876942992210388184e-01 -9.223127365112304688e-01 3.829642012715339661e-02 -3.643692731857299805e-01 -4.630281925201416016e-01 9.875655174255371094e-01 4.025044441223144531e-01 5.151484608650207520e-01 -5.500903129577636719e-01 9.885393083095550537e-02
-2.571794986724853516e-01 9.130067825317382812e-01 -9.686112403869628906e-01 -6.907906532287597656e-01 -9.086936116218566895e-01 9.389874935150146484e-01 -9.049718379974365234e-01 -9.335355162620544434e-01 1.051943451166152954e-01 -4.144699573516845703e-01 -5.587082505226135254e-01 9.905639886856079102e-01 2.779738008975982666e-01 5.193414688110351562e-01 -6.831866502761840820e-01 -1.339416801929473877e-01
-4.090409278869628906e-01 9.543156623840332031e-01 -9.775426387786865234e-01 -7.410980463027954102e-01 -9.172060489654541016e-01 9.691420197486877441e-01 -9.090931415557861328e-01 -9.351018667221069336e-01 1.918722838163375854e-01 -4.641221761703491211e-01 -6.462326049804687500e-01 9.912636280059814453e-01 1.277986913919448853e-01 5.202186703681945801e-01 -7.875530123710632324e-01 -3.459382355213165283e-01
-5.803231000900268555e-01 9.773700237274169922e-01 -9.832077026367187500e-01 -7.817471623420715332e-01 -9.169371128082275391e-01 9.847664833068847656e-01 -8.980662226676940918e-01 -9.269307255744934082e-01 2.973154783248901367e-01 -5.121484994888305664e-01 -7.239951491355895996e-01 9.908777475357055664e-01 -3.257853537797927856e-02 5.183203816413879395e-01 -8.627079725265502930e-01 -5.200215578079223633e-01
-7.344201803207397461e-01 9.891806244850158691e-01 -9.867244958877563477e-01 -8.147493600845336914e-01 -9.078384637832641602e-01 9.922831654548645020e-01 -8.686041831970214844e-01 -9.074958562850952148e-01 4.164221286773681641e-01 -5.577598214149475098e-01 -7.906212210655212402e-01 9.898019433021545410e-01 -1.880588829517364502e-01 5.112516283988952637e-01 -9.129298329353332520e-01 -6.525328755378723145e-01
-8.374090194702148438e-01 9.948081970214843750e-01 -9.887692928314208984e-01 -8.418012857437133789e-01 -8.888123035430908203e-01 9.956381320953369141e-01 -8.185018897056579590e-01 -8.742607831954956055e-01 5.396788716316223145e-01 -6.010934114456176758e-01 -8.453648090362548828e-01 9.879458546638488770e-01 -3.289323151111602783e-01 4.923509955406188965e-01 -9.442918896675109863e-01 -7.475923299789428711e-01
-8.857743740081787109e-01 9.973229169845581055e-01 -9.897211790084838867e-01 -8.642803430557250977e-01 -8.575026392936706543e-01 9.969525337219238281e-01 -7.491187453269958496e-01 -8.242483735084533691e-01 6.557642817497253418e-01 -6.430281996726989746e-01 -8.883844017982482910e-01 9.848058223724365234e-01 -4.512099325656890869e-01 4.509260654449462891e-01 -9.624667763710021973e-01 -8.126413822174072266e-01
-8.980960249900817871e-01 9.983577728271484375e-01 -9.897898435592651367e-01 -8.832316994667053223e-01 -8.101387023925781250e-01 9.972349405288696289e-01 -6.642662882804870605e-01 -7.532234191894531250e-01 7.556160688400268555e-01 -6.841238737106323242e-01 -9.207957386970520020e-01 9.794251918792724609e-01 -5.543111562728881836e-01 3.746288418769836426e-01 -9.719005823135375977e-01 -8.557676076889038086e-01
-8.904141187667846680e-01 9.986991882324218750e-01 -9.890955686569213867e-01 -8.994119763374328613e-01 -7.414025068283081055e-01 9.968693256378173828e-01 -5.665679574012756348e-01 -6.547023057937622070e-01 8.346527814865112305e-01 -7.238457798957824707e-01 -9.443398714065551758e-01 9.699914455413818359e-01 -6.393007636070251465e-01 2.526604831218719482e-01 -9.758107662200927734e-01 -8.838563561439514160e-01
-8.675199747085571289e-01 9.986915588378906250e-01 -9.876840710639953613e-01 -9.133645296096801758e-01 -6.445890069007873535e-01 9.958564043045043945e-01 -4.555910825729370117e-01 -5.219512581825256348e-01 8.925542831420898438e-01 -7.608132362365722656e-01 -9.608985185623168945e-01 9.525886774063110352e-01 -7.081952691078186035e-01 7.965506613254547119e-02 -9.763599634170532227e-01 -9.019095897674560547e-01
-8.241804838180541992e-01 9.984552264213562012e-01 -9.854936599731445312e-01 -9.254761934280395508e-01 -5.134117007255554199e-01 9.938268065452575684e-01 -3.289369642734527588e-01 -3.539251685142517090e-01 9.319772720336914062e-01 -7.936083078384399414e-01 -9.721477627754211426e-01 9.182652235031127930e-01 -7.635169029235839844e-01 -1.374212652444839478e-01 -9.747611284255981445e-01 -9.133232831954956055e-01
-7.453477382659912109e-01 9.979766011238098145e-01 -9.822454452514648438e-01 -9.360073804855346680e-01 -3.470461070537567139e-01 9.897724390029907227e-01 -1.861201524734497070e-01 -1.627679169178009033e-01 9.571033716201782227e-01 -8.216322660446166992e-01 -9.793839454650878906e-01 8.473892211914062500e-01 -8.078137636184692383e-01 -3.726037442684173584e-01 -9.712033271789550781e-01 -9.204148650169372559e-01
-6.059875488281250000e-01 9.970962405204772949e-01 -9.771633148193359375e-01 -9.451009035110473633e-01 -1.552329659461975098e-01 9.812552928924560547e-01 -3.282764554023742676e-02 2.599009126424789429e-02 9.723895788192749023e-01 -8.457832932472229004e-01 -9.834297895431518555e-01 7.053725719451904297e-01 -8.432241082191467285e-01 -5.874713659286499023e-01 -9.643288850784301758e-01 -9.247985482215881348e-01
-3.806839287281036377e-01 9.953418970108032227e-01 -9.683642983436584473e-01 -9.527372121810913086e-01 4.493642598390579224e-02 9.624791145324707031e-01 1.207569688558578491e-01 1.871048212051391602e-01 9.816823005676269531e-01 -8.685373067855834961e-01 -9.844925403594970703e-01 4.640171825885772705e-01 -8.712110519409179688e-01 -7.522078156471252441e-01 -9.495742321014404297e-01 -9.275538325309753418e-01
-7.576443254947662354e-02 9.914370775222778320e-01 -9.518446922302246094e-01 -9.585106372833251953e-01 2.370560318231582642e-01 9.205478429794311523e-01 2.659234404563903809e-01 3.097078204154968262e-01 9.875788092613220215e-01 -8.919875621795654297e-01 -9.818822145462036133e-01 1.647587567567825317e-01 -8.926080465316772461e-01 -8.593924045562744141e-01 -9.155348539352416992e-01 -9.293307065963745117e-01
2.350408285856246948e-01 9.824329614639282227e-01 -9.212496280670166016e-01 -9.612374305725097656e-01 4.069762825965881348e-01 8.347830176353454590e-01 3.963126540184020996e-01 3.978730142116546631e-01 9.912121295928955078e-01 -9.134730696678161621e-01 -9.741849303245544434e-01 -9.751775115728378296e-02 -9.078652858734130859e-01 -9.199064373970031738e-01 -8.440625071525573730e-01 -9.304905533790588379e-01
4.715761244297027588e-01 9.624384641647338867e-01 -8.707159161567687988e-01 -9.589405059814453125e-01 5.448513627052307129e-01 6.924439072608947754e-01 5.078785419464111328e-01 4.619072377681732178e-01 9.930252432823181152e-01 -9.262177944183349609e-01 -9.611334204673767090e-01 -2.869303822517395020e-01 -9.170722961425781250e-01 -9.508703947067260742e-01 -7.283388376235961914e-01 -9.312517642974853516e-01
6.251415014266967773e-01 9.198468923568725586e-01 -7.979058027267456055e-01 -9.491378664970397949e-01 6.497591733932495117e-01 5.055671334266662598e-01 6.001895666122436523e-01 5.102943181991577148e-01 9.934682846069335938e-01 -9.268888235092163086e-01 -9.445503950119018555e-01 -4.183630943298339844e-01 -9.198732376098632812e-01 -9.664750099182128906e-01 -5.808082818984985352e-01 -9.317430853843688965e-01
7.181724905967712402e-01 8.356584310531616211e-01 -7.041651606559753418e-01 -9.289156198501586914e-01 7.271006703376770020e-01 3.028306961059570312e-01 6.747304201126098633e-01 5.481908917427062988e-01 9.928938746452331543e-01 -9.164426326751708984e-01 -9.264149665832519531e-01 -5.114756822586059570e-01 -9.157027006149291992e-01 -9.750440716743469238e-01 -4.156585931777954102e-01 -9.320091009140014648e-01
7.706487774848937988e-01 6.916059255599975586e-01 -5.935354828834533691e-01 -8.949230909347534180e-01 7.836323976516723633e-01 1.107154712080955505e-01 7.333797216415405273e-01 5.788233280181884766e-01 9.914165735244750977e-01 -8.957343101501464844e-01 -9.076027274131774902e-01 -5.796070694923400879e-01 -9.044498205184936523e-01 -9.802760481834411621e-01 -2.444134503602981567e-01 -9.320327639579772949e-01
7.955641746520996094e-01 4.906485080718994141e-01 -4.710655510425567627e-01 -8.435815572738647461e-01 8.251389265060424805e-01 -5.617360025644302368e-02 7.782282829284667969e-01 6.043589115142822266e-01 9.889155626296997070e-01 -8.637345433235168457e-01 -8.878238201141357422e-01 -6.309795975685119629e-01 -8.870687484741210938e-01 -9.836390018463134766e-01 -7.821007817983627319e-02 -9.317495822906494141e-01
8.005151748657226562e-01 2.640207409858703613e-01 -3.417992889881134033e-01 -7.719964981079101562e-01 8.559712767601013184e-01 -1.940858513116836548e-01 8.117176294326782227e-01 6.262909770011901855e-01 9.850708246231079102e-01 -8.181440234184265137e-01 -8.658800125122070312e-01 -6.707133054733276367e-01 -8.656287789344787598e-01 -9.857735633850097656e-01 7.350555062294006348e-02 -9.310458302497863770e-01
7.895910739898681641e-01 4.770688712596893311e-02 -2.109289467334747314e-01 -6.794954538345336914e-01 8.792134523391723633e-01 -3.055335283279418945e-01 8.364603519439697266e-01 6.456618905067443848e-01 9.794011116027832031e-01 -7.568973302841186523e-01 -8.398549556732177734e-01 -7.021017670631408691e-01 -8.426295518875122070e-01 -9.870169758796691895e-01 2.058984190225601196e-01 -9.297453761100769043e-01
7.648015022277832031e-01 -1.382517516613006592e-01 -8.364301919937133789e-02 -5.681933760643005371e-01 8.969805240631103516e-01 -3.952499628067016602e-01 8.548811674118041992e-01 6.632013916969299316e-01 9.712373614311218262e-01 -6.795390844345092773e-01 -8.070919513702392578e-01 -7.273597717285156250e-01 -8.199697732925415039e-01 -9.875451326370239258e-01 3.190307319164276123e-01 -9.275798201560974121e-01
7.271446585655212402e-01 -2.893637418746948242e-01 3.568267077207565308e-02 -4.419199824333190918e-01 9.106893539428710938e-01 -4.678853154182434082e-01 8.689719438552856445e-01 6.794116497039794922e-01 9.595885872840881348e-01 -5.879822969436645508e-01 -7.640297412872314453e-01 -7.480449080467224121e-01 -7.983708977699279785e-01 -9.874082207679748535e-01 4.154402017593383789e-01 -9.241303801536560059e-01
6.774512529373168945e-01 -4.089679121971130371e-01 1.440959274768829346e-01 -3.048145771026611328e-01 9.212589263916015625e-01 -5.272373557090759277e-01 8.802009820938110352e-01 6.946210861206054688e-01 9.429357051849365234e-01 -4.865680932998657227e-01 -7.060757875442504883e-01 -7.652812600135803223e-01 -7.774900197982788086e-01 -9.865408539772033691e-01 4.979844093322753906e-01 -9.187321066856384277e-01
6.169958710670471191e-01 -5.027773976325988770e-01 2.401254773139953613e-01 -1.606662422418594360e-01 9.292342662811279297e-01 -5.762265920639038086e-01 8.895003199577331543e-01 7.090110778808593750e-01 9.189791083335876465e-01 -3.813090324401855469e-01 -6.277697682380676270e-01 -7.798825502395629883e-01 -7.563171386718750000e-01 -9.847427010536193848e-01 5.689803361892700195e-01 -9.103225469589233398e-01
5.478426218032836914e-01 -5.764202475547790527e-01 3.234800398349761963e-01 -1.307442784309387207e-02 9.348372220993041992e-01 -6.170711517333984375e-01 8.973006010055541992e-01 7.226076722145080566e-01 8.843165636062622070e-01 -2.784701585769653320e-01 -5.236349105834960938e-01 -7.924309968948364258e-01 -7.335084676742553711e-01 -9.816142916679382324e-01 6.300976276397705078e-01 -8.972074985504150391e-01
4.729860723018646240e-01 -6.346351504325866699e-01 3.946475982666015625e-01 1.339842230081558228e-01 9.379360079765319824e-01 -6.514596939086914062e-01 9.036140441894531250e-01 7.352273464202880859e-01 8.340611457824707031e-01 -1.830409765243530273e-01 -3.901740610599517822e-01 -8.033337593078613281e-01 -7.075651884078979492e-01 -9.764235019683837891e-01 6.824924945831298828e-01 -8.767142891883850098e-01
3.964287638664245605e-01 -6.811555027961730957e-01 4.545430541038513184e-01 2.757509648799896240e-01 9.379017949104309082e-01 -6.806824207305908203e-01 9.081424474716186523e-01 7.463645339012145996e-01 7.616468667984008789e-01 -9.771038591861724854e-02 -2.290217131376266479e-01 -8.128641843795776367e-01 -6.768814325332641602e-01 -9.678621888160705566e-01 7.269724607467651367e-01 -8.447316884994506836e-01
3.232324421405792236e-01 -7.188191413879394531e-01 5.042527318000793457e-01 4.070041179656982422e-01 9.332917928695678711e-01 -7.057274580001831055e-01 9.103611707687377930e-01 7.550157308578491211e-01 6.596659421920776367e-01 -2.263973280787467957e-02 -4.970291256904602051e-02 -8.211884498596191406e-01 -6.396793723106384277e-01 -9.536454081535339355e-01 7.641483545303344727e-01 -7.952656745910644531e-01
2.592308223247528076e-01 -7.497211694717407227e-01 5.448665618896484375e-01 5.232474803924560547e-01 9.212894439697265625e-01 -7.273578643798828125e-01 9.095244407653808594e-01 7.594704627990722656e-01 5.230652093887329102e-01 4.395622014999389648e-02 1.313952952623367310e-01 -8.283712863922119141e-01 -5.937889814376831055e-01 -9.299550056457519531e-01 7.945892214775085449e-01 -7.204421162605285645e-01
2.099423110485076904e-01 -7.753584980964660645e-01 5.773450136184692383e-01 6.220303177833557129e-01 8.969469070434570312e-01 -7.461774945259094238e-01 9.045541286468505859e-01 7.571532130241394043e-01 3.546579778194427490e-01 1.045351251959800720e-01 2.973323464393615723e-01 -8.343467116355895996e-01 -5.362119674682617188e-01 -8.909550905227661133e-01 8.189820647239685059e-01 -6.117704510688781738e-01
1.788604110479354858e-01 -7.967694997787475586e-01 6.023344993591308594e-01 7.032845020294189453e-01 8.527096509933471680e-01 -7.626807689666748047e-01 8.938033580780029297e-01 7.445813417434692383e-01 1.689656078815460205e-01 1.606731861829757690e-01 4.375552535057067871e-01 -8.388300538063049316e-01 -4.626336097717285156e-01 -8.291898369789123535e-01 8.382300138473510742e-01 -4.632487595081329346e-01
1.661360412836074829e-01 -8.146826624870300293e-01 6.198488473892211914e-01 7.685489654541015625e-01 7.794736623764038086e-01 -7.772721648216247559e-01 8.747218847274780273e-01 7.173894643783569336e-01 -1.131635159254074097e-02 2.121880203485488892e-01 5.497794151306152344e-01 -8.411405682563781738e-01 -3.676968812942504883e-01 -7.382857203483581543e-01 8.533978462219238281e-01 -2.751797735691070557e-01
1.684863716363906860e-01 -8.296672105789184570e-01 6.287809014320373535e-01 8.199648857116699219e-01 6.702838540077209473e-01 -7.902545928955078125e-01 8.434694409370422363e-01 6.703999042510986328e-01 -1.658501774072647095e-01 2.576355338096618652e-01 6.372363567352294922e-01 -8.398885130882263184e-01 -2.474179416894912720e-01 -6.178812980651855469e-01 8.655056953430175781e-01 -5.605900287628173828e-02
1.803653985261917114e-01 -8.422424197196960449e-01 6.262545585632324219e-01 8.596774339675903320e-01 5.249169468879699707e-01 -8.018073439598083496e-01 7.946321368217468262e-01 5.981344580650329590e-01 -2.851637005805969238e-01 2.954936623573303223e-01 7.050606608390808105e-01 -8.324534893035888672e-01 -1.038942709565162659e-01 -4.763252139091491699e-01 8.753130435943603516e-01 1.780193895101547241e-01
1.959408968687057495e-01 -8.529105186462402344e-01 6.069697737693786621e-01 8.895945549011230469e-01 3.512673676013946533e-01 -8.119791150093078613e-01 7.217051982879638672e-01 4.964708983898162842e-01 -3.705803155899047852e-01 3.247691094875335693e-01 7.580261826515197754e-01 -8.141875267028808594e-01 5.182039737701416016e-02 -3.271491825580596924e-01 8.832689523696899414e-01 4.051873981952667236e-01
2.109972089529037476e-01 -8.621300458908081055e-01 5.631200671195983887e-01 9.112717509269714355e-01 1.624789535999298096e-01 -8.206926584243774414e-01 6.192901134490966797e-01 3.652115464210510254e-01 -4.290090799331665039e-01 3.449241816997528076e-01 7.997772693634033203e-01 -7.773974537849426270e-01 2.041358649730682373e-01 -1.829372942447662354e-01 8.896276950836181641e-01 6.024653911590576172e-01
2.236099541187286377e-01 -8.702558875083923340e-01 4.858056008815765381e-01 9.258115291595458984e-01 -2.746714651584625244e-02 -8.277302384376525879e-01 4.859721660614013672e-01 2.096340954303741455e-01 -4.682172834873199463e-01 3.557905852794647217e-01 8.328634500503540039e-01 -7.103886008262634277e-01 3.411074876785278320e-01 -5.191847681999206543e-02 8.945742845535278320e-01 7.538635730743408203e-01
