2.945826947689056396e-02 -1.778409583494067192e-03 -1.429412961006164551e-01 2.319285646080970764e-02 -1.785821765661239624e-01 5.621730536222457886e-02 4.014961048960685730e-02 -1.930446922779083252e-01 4.097114503383636475e-02 -6.376029551029205322e-02 3.870586678385734558e-02 6.131309643387794495e-02 5.729629844427108765e-02 1.433866620063781738e-01 6.782633811235427856e-02 1.450744271278381348e-01
4.989906400442123413e-02 3.843670338392257690e-02 -2.946836948394775391e-01 7.292280904948711395e-03 -3.138364553451538086e-01 1.211371123790740967e-01 -3.703904896974563599e-02 -3.464891910552978516e-01 6.266410648822784424e-02 -1.333810687065124512e-01 3.681482374668121338e-02 2.018210887908935547e-01 1.401855796575546265e-01 2.592192888259887695e-01 1.048547178506851196e-01 2.469057440757751465e-01
5.819153785705566406e-02 1.361016482114791870e-01 -4.448955059051513672e-01 -6.413161754608154297e-02 -4.224603176116943359e-01 2.154207229614257812e-01 -1.830319613218307495e-01 -4.662188887596130371e-01 7.693433761596679688e-02 -2.006711661815643311e-01 -9.490856900811195374e-03 3.868700563907623291e-01 2.207693010568618774e-01 3.317405283451080322e-01 1.028608605265617371e-01 3.007033765316009521e-01
5.140410363674163818e-02 2.918827533721923828e-01 -5.819703936576843262e-01 -1.828399300575256348e-01 -5.110939741134643555e-01 3.441702723503112793e-01 -3.457093238830566406e-01 -5.581744909286499023e-01 9.268942475318908691e-02 -2.631879746913909912e-01 -9.927120804786682129e-02 5.731722116470336914e-01 2.792080342769622803e-01 3.558712303638458252e-01 4.979302361607551575e-02 3.012976348400115967e-01
2.377715148031711578e-02 4.782404899597167969e-01 -6.961479187011718750e-01 -3.164815306663513184e-01 -5.823749303817749023e-01 4.934303164482116699e-01 -4.920365810394287109e-01 -6.265255212783813477e-01 1.174520701169967651e-01 -3.222177028656005859e-01 -2.170512676239013672e-01 7.267550826072692871e-01 3.010651767253875732e-01 3.292120099067687988e-01 -6.484194099903106689e-02 2.466226220130920410e-01
-3.490504622459411621e-02 6.547803878784179688e-01 -7.839068174362182617e-01 -4.388647079467773438e-01 -6.364908218383789062e-01 6.394896507263183594e-01 -6.094710826873779297e-01 -6.735905408859252930e-01 1.581335216760635376e-01 -3.788536190986633301e-01 -3.415322005748748779e-01 8.341028690338134766e-01 2.760775387287139893e-01 2.523507773876190186e-01 -2.345244586467742920e-01 1.460446119308471680e-01
-1.368378102779388428e-01 7.928714752197265625e-01 -8.477644920349121094e-01 -5.416102409362792969e-01 -6.712561845779418945e-01 7.622905969619750977e-01 -6.961125135421752930e-01 -6.997454762458801270e-01 2.206104844808578491e-01 -4.321993887424468994e-01 -4.599067866802215576e-01 8.993580937385559082e-01 2.011125385761260986e-01 1.341871619224548340e-01 -4.316888749599456787e-01 2.340988814830780029e-02
-2.884903550148010254e-01 8.851149082183837891e-01 -8.928273916244506836e-01 -6.253536939620971680e-01 -6.814108490943908691e-01 8.525631427764892578e-01 -7.525824308395385742e-01 -7.032130956649780273e-01 3.082580566406250000e-01 -4.799210131168365479e-01 -5.673102140426635742e-01 9.342534542083740234e-01 8.475804328918457031e-02 -7.426194846630096436e-03 -6.197137832641601562e-01 -9.557430446147918701e-02
-4.757960438728332520e-01 9.395290613174438477e-01 -9.240602254867553711e-01 -6.928881406784057617e-01 -6.589502692222595215e-01 9.116482734680175781e-01 -7.777569293975830078e-01 -6.800633668899536133e-01 4.192724823951721191e-01 -5.196720957756042480e-01 -6.617326736450195312e-01 9.499460458755493164e-01 -5.470372736454010010e-02 -1.526493132114410400e-01 -7.698388099670410156e-01 -1.970593631267547607e-01
-6.531223058700561523e-01 9.689024686813354492e-01 -9.453060626983642578e-01 -7.470563650131225586e-01 -5.963810682296752930e-01 9.466345310211181641e-01 -7.666846513748168945e-01 -6.250382661819458008e-01 5.441777706146240234e-01 -5.506602525711059570e-01 -7.418878078460693359e-01 9.535814523696899414e-01 -1.988972723484039307e-01 -2.887452542781829834e-01 -8.718686103820800781e-01 -2.783986628055572510e-01
-7.666517496109008789e-01 9.838798642158508301e-01 -9.592968225479125977e-01 -7.904691100120544434e-01 -4.915416240692138672e-01 9.652393460273742676e-01 -7.116821408271789551e-01 -5.351005196571350098e-01 6.673476696014404297e-01 -5.750090479850769043e-01 -8.070457577705383301e-01 9.475687742233276367e-01 -3.360221385955810547e-01 -4.134324789047241211e-01 -9.317815303802490234e-01 -3.413423001766204834e-01
-7.982367873191833496e-01 9.912475347518920898e-01 -9.679417610168457031e-01 -8.254410624504089355e-01 -3.501078486442565918e-01 9.731305241584777832e-01 -6.089529991149902344e-01 -4.139854311943054199e-01 7.736357450485229492e-01 -5.978057980537414551e-01 -8.574804067611694336e-01 9.292482137680053711e-01 -4.605873227119445801e-01 -5.298238396644592285e-01 -9.620260596275329590e-01 -3.884730935096740723e-01
-7.593616843223571777e-01 9.947490692138671875e-01 -9.725772142410278320e-01 -8.538461327552795410e-01 -1.843819320201873779e-01 9.732644557952880859e-01 -4.656460583209991455e-01 -2.717240452766418457e-01 8.547177314758300781e-01 -6.247247457504272461e-01 -8.947343826293945312e-01 8.899273872375488281e-01 -5.701457262039184570e-01 -6.383312940597534180e-01 -9.740307331085205078e-01 -4.228090643882751465e-01
-6.546939611434936523e-01 9.962736368179321289e-01 -9.740334153175354004e-01 -8.770934343338012695e-01 -9.153135120868682861e-03 9.659066796302795410e-01 -2.990708351135253906e-01 -1.219033747911453247e-01 9.101610183715820312e-01 -6.596033573150634766e-01 -9.211444854736328125e-01 8.134826421737670898e-01 -6.631171107292175293e-01 -7.343506813049316406e-01 -9.752624630928039551e-01 -4.475428462028503418e-01
-4.759390354156494141e-01 9.966868162155151367e-01 -9.725255966186523438e-01 -8.962020874023437500e-01 1.629971116781234741e-01 9.484785199165344238e-01 -1.285377442836761475e-01 2.046618610620498657e-02 9.447838068008422852e-01 -7.040857076644897461e-01 -9.389648437500000000e-01 6.778341531753540039e-01 -7.384965419769287109e-01 -8.122813701629638672e-01 -9.685757160186767578e-01 -4.654211997985839844e-01
-2.225188016891479492e-01 9.962625503540039062e-01 -9.674457907676696777e-01 -9.117911458015441895e-01 3.239774107933044434e-01 9.147325754165649414e-01 3.307825326919555664e-02 1.433351039886474609e-01 9.652632474899291992e-01 -7.575806975364685059e-01 -9.496649503707885742e-01 4.682942926883697510e-01 -7.960337996482849121e-01 -8.695332407951354980e-01 -9.515820741653442383e-01 -4.784781932830810547e-01
7.506487518548965454e-02 9.948104619979858398e-01 -9.571771621704101562e-01 -9.238739013671875000e-01 4.689140319824218750e-01 8.536510467529296875e-01 1.808975338935852051e-01 2.415513694286346436e-01 9.773030281066894531e-01 -8.156032562255859375e-01 -9.535406827926635742e-01 2.054004073143005371e-01 -8.361420035362243652e-01 -9.073742032051086426e-01 -9.147117137908935547e-01 -4.881414771080017090e-01
3.554219305515289307e-01 9.915901422500610352e-01 -9.394527673721313477e-01 -9.315181970596313477e-01 5.931351184844970703e-01 7.526493072509765625e-01 3.137463033199310303e-01 3.170240521430969238e-01 9.843971729278564453e-01 -8.685677051544189453e-01 -9.499739408493041992e-01 -5.355405807495117188e-02 -8.597093820571899414e-01 -9.298989176750183105e-01 -8.413057923316955566e-01 -4.954364895820617676e-01
5.698512196540832520e-01 9.850662350654602051e-01 -9.127201437950134277e-01 -9.328237175941467285e-01 6.922981142997741699e-01 6.101133823394775391e-01 4.305345416069030762e-01 3.754508197307586670e-01 9.883654713630676270e-01 -9.067705869674682617e-01 -9.389296174049377441e-01 -2.662155926227569580e-01 -8.677420616149902344e-01 -9.423353672027587891e-01 -7.194585800170898438e-01 -5.011292099952697754e-01
7.132738828659057617e-01 9.723782539367675781e-01 -8.770503997802734375e-01 -9.254877567291259766e-01 7.659242153167724609e-01 4.421380162239074707e-01 5.302344560623168945e-01 4.222967326641082764e-01 9.902936220169067383e-01 -9.280998706817626953e-01 -9.220264554023742676e-01 -4.270592927932739258e-01 -8.607765436172485352e-01 -9.491358399391174316e-01 -5.543087124824523926e-01 -5.057637095451354980e-01
8.030847907066345215e-01 9.486488103866577148e-01 -8.335876464843750000e-01 -9.074553847312927246e-01 8.177814483642578125e-01 2.710704505443572998e-01 6.125138998031616211e-01 4.612318873405456543e-01 9.908946156501770020e-01 -9.370268583297729492e-01 -9.015011191368103027e-01 -5.462200641632080078e-01 -8.389168381690979004e-01 -9.531592130661010742e-01 -3.623003959655761719e-01 -5.096732378005981445e-01
8.576685786247253418e-01 9.068289995193481445e-01 -7.838050127029418945e-01 -8.772835731506347656e-01 8.531736731529235840e-01 1.130949482321739197e-01 6.777819395065307617e-01 4.945271015167236328e-01 9.905899763107299805e-01 -9.386186003684997559e-01 -8.790131807327270508e-01 -6.347178220748901367e-01 -8.027027845382690430e-01 -9.558939933776855469e-01 -1.633403897285461426e-01 -5.130326747894287109e-01
8.902793526649475098e-01 8.391493558883666992e-01 -7.290713787078857422e-01 -8.342062830924987793e-01 8.769221305847167969e-01 -2.451638877391815186e-02 7.271766662597656250e-01 5.236123800277709961e-01 9.895957708358764648e-01 -9.358086585998535156e-01 -8.553264737129211426e-01 -7.010449171066284180e-01 -7.539239525794982910e-01 -9.579830765724182129e-01 2.390608936548233032e-02 -5.159159898757934570e-01
9.092271327972412109e-01 7.408120036125183105e-01 -6.704475879669189453e-01 -7.779824733734130859e-01 8.927109837532043457e-01 -1.406791657209396362e-01 7.625199556350708008e-01 5.494133830070495605e-01 9.879990816116333008e-01 -9.296269416809082031e-01 -8.304297924041748047e-01 -7.512865066528320312e-01 -6.958178281784057617e-01 -9.596199989318847656e-01 1.865055859088897705e-01 -5.183304548263549805e-01
9.194274544715881348e-01 6.140574812889099121e-01 -6.087021231651306152e-01 -7.087265849113464355e-01 9.031090140342712402e-01 -2.373353242874145508e-01 7.861267924308776855e-01 5.725464224815368652e-01 9.858024120330810547e-01 -9.200607538223266602e-01 -8.037245869636535645e-01 -7.897464036941528320e-01 -6.324885487556457520e-01 -9.607752561569213867e-01 3.195635676383972168e-01 -5.202261209487915039e-01
9.237493872642517090e-01 4.686242938041687012e-01 -5.444988608360290527e-01 -6.269186139106750488e-01 9.097898602485656738e-01 -3.174625039100646973e-01 8.004839420318603516e-01 5.934269428253173828e-01 9.829435348510742188e-01 -9.067009687423706055e-01 -7.741510868072509766e-01 -8.194758892059326172e-01 -5.677900910377502441e-01 -9.613257050514221191e-01 4.248878955841064453e-01 -5.214827656745910645e-01
9.238860607147216797e-01 3.175941705703735352e-01 -4.786258339881896973e-01 -5.335636138916015625e-01 9.137661457061767578e-01 -3.840938806533813477e-01 8.079100847244262695e-01 6.123216748237609863e-01 9.793057441711425781e-01 -8.891304135322570801e-01 -7.402489185333251953e-01 -8.426567912101745605e-01 -5.043222904205322266e-01 -9.611181020736694336e-01 5.076675415039062500e-01 -5.218782424926757812e-01
9.208588004112243652e-01 1.723542958498001099e-01 -4.121227860450744629e-01 -4.302860498428344727e-01 9.155797958374023438e-01 -4.399054050445556641e-01 8.103210926055908203e-01 6.293663382530212402e-01 9.747219085693359375e-01 -8.671311736106872559e-01 -7.001917958259582520e-01 -8.608669638633728027e-01 -4.430508613586425781e-01 -9.599825739860534668e-01 5.735756158828735352e-01 -5.210444927215576172e-01
9.153106808662414551e-01 4.008874297142028809e-02 -3.462592065334320068e-01 -3.192371428012847900e-01 9.154325723648071289e-01 -4.870917201042175293e-01 8.091350197792053223e-01 6.445607542991638184e-01 9.689719676971435547e-01 -8.407749533653259277e-01 -6.518316268920898438e-01 -8.752593398094177246e-01 -3.835325837135314941e-01 -9.577103257179260254e-01 6.272993087768554688e-01 -5.184122920036315918e-01
9.076924324035644531e-01 -7.611311972141265869e-02 -2.824116349220275879e-01 -2.028901427984237671e-01 9.132552742958068848e-01 -5.273861885070800781e-01 8.052649497985839844e-01 6.577454805374145508e-01 9.617726206779479980e-01 -8.104354143142700195e-01 -5.927858948707580566e-01 -8.866788148880004883e-01 -3.244018256664276123e-01 -9.540140628814697266e-01 6.722116470336914062e-01 -5.131463408470153809e-01
8.983893990516662598e-01 -1.760064959526062012e-01 -2.219197154045104980e-01 -8.385241031646728516e-02 9.087197184562683105e-01 -5.621395111083984375e-01 7.991368770599365234e-01 6.685577630996704102e-01 9.527627825736999512e-01 -7.767466902732849121e-01 -5.206235051155090332e-01 -8.957393169403076172e-01 -2.638222575187683105e-01 -9.484776258468627930e-01 7.105715274810791016e-01 -5.040745735168457031e-01
8.878100514411926270e-01 -2.609083056449890137e-01 -1.659781634807586670e-01 3.524547070264816284e-02 9.011985063552856445e-01 -5.924057364463806152e-01 7.906950712203979492e-01 6.763629317283630371e-01 9.414896368980407715e-01 -7.405121922492980957e-01 -4.332377314567565918e-01 -9.028747081756591797e-01 -1.998002529144287109e-01 -9.404956102371215820e-01 7.438411116600036621e-01 -4.896226227283477783e-01
8.764410018920898438e-01 -3.327836394309997559e-01 -1.155883967876434326e-01 1.517970710992813110e-01 8.896732330322265625e-01 -6.190118789672851562e-01 7.793853282928466797e-01 6.801592111587524414e-01 9.274110198020935059e-01 -7.025721669197082520e-01 -3.294874131679534912e-01 -9.083714485168457031e-01 -1.303994059562683105e-01 -9.292039871215820312e-01 7.729545235633850098e-01 -4.677790999412536621e-01
8.648663759231567383e-01 -3.937095999717712402e-01 -7.156801968812942505e-02 2.632534801959991455e-01 8.725988268852233887e-01 -6.426061391830444336e-01 7.641140222549438477e-01 6.784688234329223633e-01 9.099366068840026855e-01 -6.636574268341064453e-01 -2.100690156221389771e-01 -9.123864173889160156e-01 -5.395031720399856567e-02 -9.134142398834228516e-01 7.985068559646606445e-01 -4.361321926116943359e-01
8.537425994873046875e-01 -4.456070661544799805e-01 -3.460526838898658752e-02 3.672054111957550049e-01 8.477612137794494629e-01 -6.636869311332702637e-01 7.431890964508056641e-01 6.692633628845214844e-01 8.885399103164672852e-01 -6.242743730545043945e-01 -7.830131798982620239e-02 -9.149495959281921387e-01 3.064939752221107483e-02 -8.915930986404418945e-01 8.208801746368408203e-01 -3.920307755470275879e-01
8.437204957008361816e-01 -4.901335239410400391e-01 -5.342844873666763306e-03 4.615577459335327148e-01 8.122352361679077148e-01 -6.826222538948059082e-01 7.142512798309326172e-01 6.500241160392761230e-01 8.629571795463562012e-01 -5.846823453903198242e-01 5.979521200060844421e-02 -9.159475564956665039e-01 1.235073581337928772e-01 -8.619526624679565430e-01 8.403321504592895508e-01 -3.329104185104370117e-01
8.353237509727478027e-01 -5.286651849746704102e-01 1.552334800362586975e-02 5.447710752487182617e-01 7.626402378082275391e-01 -6.996678113937377930e-01 6.742249727249145508e-01 6.180657148361206055e-01 8.334271907806396484e-01 -5.449972152709960938e-01 1.966085284948348999e-01 -9.150785803794860840e-01 2.232701927423477173e-01 -8.227252960205078125e-01 8.570638895034790039e-01 -2.567836046218872070e-01
8.288267850875854492e-01 -5.623229742050170898e-01 2.715090848505496979e-02 6.160478591918945312e-01 6.958964467048645020e-01 -7.149874567985534668e-01 6.193718910217285156e-01 5.711628198623657227e-01 8.008451461791992188e-01 -5.053952932357788086e-01 3.248982131481170654e-01 -9.117600917816162109e-01 3.268727660179138184e-01 -7.726277112960815430e-01 8.712714910507202148e-01 -1.628257334232330322e-01
8.242012858390808105e-01 -5.920177698135375977e-01 2.849116735160350800e-02 6.753315329551696777e-01 6.104269623756408691e-01 -7.286738157272338867e-01 5.456277132034301758e-01 5.083035826683044434e-01 7.666965126991271973e-01 -4.663241505622863770e-01 4.394938051700592041e-01 -9.049624204635620117e-01 4.298257231712341309e-01 -7.114164829254150391e-01 8.831743001937866211e-01 -5.195020884275436401e-02
8.211686015129089355e-01 -6.184963583946228027e-01 1.830066367983818054e-02 7.230991125106811523e-01 5.072562694549560547e-01 -7.407616376876831055e-01 4.494826793670654297e-01 4.302305281162261963e-01 7.327558398246765137e-01 -4.285972714424133301e-01 5.378740429878234863e-01 -8.929346799850463867e-01 5.271594524383544922e-01 -6.403580307960510254e-01 8.930181264877319336e-01 7.275553792715072632e-02
8.193266987800598145e-01 -6.423808336257934570e-01 -4.747259430587291718e-03 7.600448131561279297e-01 3.902147114276885986e-01 -7.512310743331909180e-01 3.295125365257263184e-01 3.394999206066131592e-01 7.006810903549194336e-01 -3.933137953281402588e-01 6.197196245193481445e-01 -8.728026151657104492e-01 6.146831512451171875e-01 -5.623978376388549805e-01 9.010601639747619629e-01 2.059120833873748779e-01
8.182777166366577148e-01 -6.641966104507446289e-01 -4.185353592038154602e-02 7.867575883865356445e-01 2.649893462657928467e-01 -7.599990367889404297e-01 1.880815774202346802e-01 2.400114536285400391e-01 6.716733574867248535e-01 -3.616432845592498779e-01 6.860605478286743164e-01 -8.400731682777404785e-01 6.899087429046630859e-01 -4.818026423454284668e-01 9.075471162796020508e-01 3.403050601482391357e-01
8.177037835121154785e-01 -6.843854784965515137e-01 -9.383234381675720215e-02 8.034235239028930664e-01 1.376349776983261108e-01 -7.669004797935485840e-01 3.202848136425018311e-02 1.361605525016784668e-01 6.463170647621154785e-01 -3.345898985862731934e-01 7.385068535804748535e-01 -7.882236242294311523e-01 7.522292137145996094e-01 -4.032419919967651367e-01 9.126936793327331543e-01 4.680661559104919434e-01
8.173857927322387695e-01 -7.032897472381591797e-01 -1.608620882034301758e-01 8.095017671585083008e-01 1.337658613920211792e-02 -7.716528177261352539e-01 -1.286825686693191528e-01 3.191994875669479370e-02 6.246216297149658203e-01 -3.128341436386108398e-01 7.787318825721740723e-01 -7.087996602058410645e-01 8.024755120277404785e-01 -3.307401239871978760e-01 9.166628718376159668e-01 5.823241472244262695e-01
8.171876072883605957e-01 -7.210768461227416992e-01 -2.422808706760406494e-01 8.032767772674560547e-01 -1.039573699235916138e-01 -7.737892270088195801e-01 -2.838536798954010010e-01 -6.978376209735870361e-02 6.062016487121582031e-01 -2.966804206371307373e-01 8.081801533699035645e-01 -5.926911234855651855e-01 8.422557115554809570e-01 -2.671244144439697266e-01 9.195457696914672852e-01 6.786295771598815918e-01
8.170294761657714844e-01 -7.375146150588989258e-01 -3.363652229309082031e-01 7.811968326568603516e-01 -2.119897007942199707e-01 -7.725402116775512695e-01 -4.256268441677093506e-01 -1.671778857707977295e-01 5.904851555824279785e-01 -2.860977649688720703e-01 8.279081583023071289e-01 -4.332054257392883301e-01 8.733885288238525391e-01 -2.141368389129638672e-01 9.213328361511230469e-01 7.554999589920043945e-01
8.168655037879943848e-01 -7.513657212257385254e-01 -4.399495124816894531e-01 7.371101975440979004e-01 -3.095533847808837891e-01 -7.666563987731933594e-01 -5.493646264076232910e-01 -2.593096196651458740e-01 5.768728256225585938e-01 -2.808610796928405762e-01 8.384667634963989258e-01 -2.307882905006408691e-01 8.975436687469482422e-01 -1.728142350912094116e-01 9.218659400939941406e-01 8.139910697937011719e-01
8.166686892509460449e-01 -7.588825821876525879e-01 -5.478790998458862305e-01 6.622618436813354492e-01 -3.963248729705810547e-01 -7.542158961296081543e-01 -6.531096696853637695e-01 -3.455364704132080078e-01 5.648250579833984375e-01 -2.808111608028411865e-01 8.397514820098876953e-01 2.621456980705261230e-03 9.160714149475097656e-01 -1.437408477067947388e-01 9.207540750503540039e-01 8.567211627960205078e-01
8.164219260215759277e-01 -7.507138252258300781e-01 -6.528120040893554688e-01 5.482935309410095215e-01 -4.724857807159423828e-01 -7.325536608695983887e-01 -7.367885112762451172e-01 -4.251239299774169922e-01 5.538976192474365234e-01 -2.861923277378082275e-01 8.307441473007202148e-01 2.436106055974960327e-01 9.299645423889160156e-01 -1.271728128194808960e-01 9.172363281250000000e-01 8.868707418441772461e-01
8.161079287528991699e-01 -7.080926895141601562e-01 -7.463799715042114258e-01 3.947775363922119141e-01 -5.385459065437316895e-01 -6.984842419624328613e-01 -8.018459081649780273e-01 -4.971717596054077148e-01 5.437558293342590332e-01 -2.979259192943572998e-01 8.090192079544067383e-01 4.642482399940490723e-01 9.399075508117675781e-01 -1.233183220028877258e-01 9.099624752998352051e-01 9.074681401252746582e-01
