2.594903809949755669e-03 -1.419900543987751007e-02 -8.307904005050659180e-02 6.263637542724609375e-02 -6.655810028314590454e-02 9.175365418195724487e-02 8.820016682147979736e-02 -1.144801005721092224e-01 -1.123290136456489563e-02 -4.706612229347229004e-02 6.560142338275909424e-02 1.572064496576786041e-02 3.956952318549156189e-02 1.034389287233352661e-01 2.014806121587753296e-02 1.125397533178329468e-01
1.132712978869676590e-02 -8.447092026472091675e-03 -1.680440604686737061e-01 1.123982146382331848e-01 -1.294649690389633179e-01 1.491970717906951904e-01 1.131144315004348755e-01 -1.856527030467987061e-01 -3.355379775166511536e-02 -1.066964566707611084e-01 1.172289252281188965e-01 5.522260814905166626e-02 7.813364267349243164e-02 2.013292014598846436e-01 4.211542755365371704e-02 1.735830008983612061e-01
2.043965086340904236e-02 1.393096987158060074e-02 -2.487236559391021729e-01 1.426155567169189453e-01 -1.889413893222808838e-01 1.907471120357513428e-01 9.755932539701461792e-02 -2.271644771099090576e-01 -5.714397504925727844e-02 -1.724953651428222656e-01 1.562945544719696045e-01 1.072770059108734131e-01 1.128324419260025024e-01 2.854576706886291504e-01 6.063324213027954102e-02 1.999585032463073730e-01
2.717129141092300415e-02 4.970495402812957764e-02 -3.224657773971557617e-01 1.519812345504760742e-01 -2.440515905618667603e-01 2.270788252353668213e-01 5.843913182616233826e-02 -2.485615611076354980e-01 -7.639668881893157959e-02 -2.397663295269012451e-01 1.829679012298583984e-01 1.645456254482269287e-01 1.418724656105041504e-01 3.513546288013458252e-01 7.355292886495590210e-02 2.013143151998519897e-01
3.065982833504676819e-02 9.574846923351287842e-02 -3.882842659950256348e-01 1.416191756725311279e-01 -2.939206957817077637e-01 2.624172270298004150e-01 7.972214370965957642e-03 -2.560539543628692627e-01 -8.854974061250686646e-02 -3.052375912666320801e-01 1.968788802623748779e-01 2.219975888729095459e-01 1.641766428947448730e-01 3.975524902343750000e-01 8.015073835849761963e-02 1.835890263319015503e-01
3.110967390239238739e-02 1.489098221063613892e-01 -4.458853602409362793e-01 1.137796193361282349e-01 -3.378839492797851562e-01 2.970176935195922852e-01 -4.563276469707489014e-02 -2.534164488315582275e-01 -9.247312694787979126e-02 -3.667725324630737305e-01 1.973998546600341797e-01 2.760664820671081543e-01 1.791986376047134399e-01 4.246094226837158203e-01 8.050259947776794434e-02 1.509432196617126465e-01
2.927814796566963196e-02 2.059534192085266113e-01 -4.951995909214019775e-01 7.124228775501251221e-02 -3.753864765167236328e-01 3.294080495834350586e-01 -9.734783321619033813e-02 -2.428859472274780273e-01 -8.788748085498809814e-02 -4.230509102344512939e-01 1.838422268629074097e-01 3.241673707962036133e-01 1.867548525333404541e-01 4.341610670089721680e-01 7.519464939832687378e-02 1.067585796117782593e-01
2.617141976952552795e-02 2.636669576168060303e-01 -5.361794233322143555e-01 1.700326055288314819e-02 -4.058844745159149170e-01 3.578310608863830566e-01 -1.443961411714553833e-01 -2.258337587118148804e-01 -7.493207603693008423e-02 -4.732909202575683594e-01 1.556726396083831787e-01 3.643907010555267334e-01 1.868799924850463867e-01 4.282051622867584229e-01 6.514731049537658691e-02 5.407817661762237549e-02
2.286089956760406494e-02 3.190841674804687500e-01 -5.687159895896911621e-01 -4.592491313815116882e-02 -4.287855029106140137e-01 3.809126019477844238e-01 -1.854232400655746460e-01 -2.031658738851547241e-01 -5.394338071346282959e-02 -5.170529484748840332e-01 1.127691492438316345e-01 3.952844440937042236e-01 1.797253638505935669e-01 4.086741507053375244e-01 5.148644745349884033e-02 -4.269454628229141235e-03
2.036949805915355682e-02 3.697105646133422852e-01 -5.925934910774230957e-01 -1.146556064486503601e-01 -4.434136152267456055e-01 3.978220820426940918e-01 -2.198771536350250244e-01 -1.755371987819671631e-01 -2.534522116184234619e-02 -5.541201233863830566e-01 5.568911135196685791e-02 4.156859517097473145e-01 1.655052602291107178e-01 3.772566318511962891e-01 3.544026985764503479e-02 -6.569868326187133789e-02
1.960328966379165649e-02 4.136637449264526367e-01 -6.074457168579101562e-01 -1.865239441394805908e-01 -4.489879012107849121e-01 4.081922471523284912e-01 -2.475990653038024902e-01 -1.434891074895858765e-01 1.040025800466537476e-02 -5.844280719757080078e-01 -1.410756260156631470e-02 4.245913624763488770e-01 1.444844007492065430e-01 3.353924751281738281e-01 1.825429499149322510e-02 -1.279400587081909180e-01
2.131741493940353394e-02 4.496952593326568604e-01 -6.127030849456787109e-01 -2.591371238231658936e-01 -4.446183443069458008e-01 4.119732975959777832e-01 -2.685770392417907715e-01 -1.075764596462249756e-01 5.280183628201484680e-02 -6.080191135406494141e-01 -9.414225816726684570e-02 4.210646450519561768e-01 1.169935613870620728e-01 2.843711078166961670e-01 1.123390160501003265e-03 -1.890968531370162964e-01
2.610749937593936920e-02 4.771115183830261230e-01 -6.075316667556762695e-01 -3.303831219673156738e-01 -4.293367862701416016e-01 4.093047976493835449e-01 -2.828092873096466064e-01 -6.849554181098937988e-02 1.013175845146179199e-01 -6.250049471855163574e-01 -1.809580773115158081e-01 4.041979908943176270e-01 8.346076309680938721e-02 2.254754900932312012e-01 -1.485596504062414169e-02 -2.476605176925659180e-01
3.441530838608741760e-02 4.956330060958862305e-01 -5.907768011093139648e-01 -3.984090089797973633e-01 -4.021874070167541504e-01 4.004334211349487305e-01 -2.902379035949707031e-01 -2.718774043023586273e-02 1.553106158971786499e-01 -6.355317234992980957e-01 -2.703421413898468018e-01 3.731420636177062988e-01 4.444739222526550293e-02 1.601250022649765015e-01 -2.870943024754524231e-02 -3.024849295616149902e-01
4.653495550155639648e-02 5.052306056022644043e-01 -5.609388351440429688e-01 -4.615819454193115234e-01 -3.623986840248107910e-01 3.856780230998992920e-01 -2.907283902168273926e-01 1.512078940868377686e-02 2.139952480792999268e-01 -6.397446393966674805e-01 -3.577202260494232178e-01 3.272254467010498047e-01 6.820522248744964600e-04 8.997317403554916382e-02 -3.958331048488616943e-02 -3.527328670024871826e-01
6.260541826486587524e-02 5.059659481048583984e-01 -5.162383317947387695e-01 -5.184417963027954102e-01 -3.096350729465484619e-01 3.654334545135498047e-01 -2.840824127197265625e-01 5.697425082325935364e-02 2.763907313346862793e-01 -6.377489566802978516e-01 -4.386672377586364746e-01 2.661730051040649414e-01 -4.691198840737342834e-02 1.692305877804756165e-02 -4.672061651945114136e-02 -3.978101015090942383e-01
8.257997035980224609e-02 4.978510737419128418e-01 -4.548617601394653320e-01 -5.676460862159729004e-01 -2.442867755889892578e-01 3.401988446712493896e-01 -2.700784504413604736e-01 9.683892130851745605e-02 3.413000702857971191e-01 -6.295627355575561523e-01 -5.094245672225952148e-01 1.904079169034957886e-01 -9.719577431678771973e-02 -5.695809796452522278e-02 -4.942333698272705078e-02 -4.372983872890472412e-01
1.061739921569824219e-01 4.807403683662414551e-01 -3.754900395870208740e-01 -6.079001426696777344e-01 -1.677119731903076172e-01 3.106097579002380371e-01 -2.485404908657073975e-01 1.333140283823013306e-01 4.073220491409301758e-01 -6.150602102279663086e-01 -5.672862529754638672e-01 1.013786569237709045e-01 -1.487965732812881470e-01 -1.296090334653854370e-01 -4.701729863882064819e-02 -4.708939492702484131e-01
1.328084319829940796e-01 4.542785584926605225e-01 -2.781313657760620117e-01 -6.378669738769531250e-01 -8.233168721199035645e-02 2.774490714073181152e-01 -2.194362580776214600e-01 1.653377413749694824e-01 4.728916287422180176e-01 -5.939188003540039062e-01 -6.107419133186340332e-01 1.809448003768920898e-03 -2.000890523195266724e-01 -1.991766095161437988e-01 -3.884512186050415039e-02 -4.983546137809753418e-01
1.615810692310333252e-01 4.179458916187286377e-01 -1.650411486625671387e-01 -6.560697555541992188e-01 8.491415530443191528e-03 2.416124492883682251e-01 -1.830032914876937866e-01 1.923265010118484497e-01 5.363311171531677246e-01 -5.656037330627441406e-01 -6.393496990203857422e-01 -1.042622923851013184e-01 -2.491788864135742188e-01 -2.641818523406982422e-01 -2.431730180978775024e-02 -5.194572806358337402e-01
1.912988722324371338e-01 3.712431788444519043e-01 -4.120099917054176331e-02 -6.608357429504394531e-01 1.007925420999526978e-01 2.040227204561233521e-01 -1.398794949054718018e-01 2.142149209976196289e-01 5.958993434906005859e-01 -5.294440984725952148e-01 -6.534155607223510742e-01 -2.117895632982254028e-01 -2.939069271087646484e-01 -3.236011266708374023e-01 -3.037381917238235474e-03 -5.339688658714294434e-01
2.205840945243835449e-01 3.140140473842620850e-01 8.620828390121459961e-02 -6.503695845603942871e-01 1.904970109462738037e-01 1.655173152685165405e-01 -9.118120372295379639e-02 2.313939332962036133e-01 6.498435735702514648e-01 -4.848311543464660645e-01 -6.536067724227905273e-01 -3.153989911079406738e-01 -3.319053053855895996e-01 -3.768565654754638672e-01 2.502552047371864319e-02 -5.416320562362670898e-01
2.480313181877136230e-01 2.468039393424987793e-01 2.093635499477386475e-01 -6.230366230010986328e-01 2.739499211311340332e-01 1.267563104629516602e-01 -3.845886141061782837e-02 2.445675581693649292e-01 6.964712142944335938e-01 -4.314996898174285889e-01 -6.406091451644897461e-01 -4.103013277053833008e-01 -3.607310950756072998e-01 -4.237433671951293945e-01 5.939667671918869019e-02 -5.421659350395202637e-01
2.723656892776489258e-01 1.710710972547531128e-01 3.216394782066345215e-01 -5.778334736824035645e-01 3.483448326587677002e-01 8.819106221199035645e-02 1.648405566811561584e-02 2.545645833015441895e-01 7.342435717582702637e-01 -3.697713315486907959e-01 -6.148773431777954102e-01 -4.930868744850158691e-01 -3.780663609504699707e-01 -4.643312692642211914e-01 9.907636046409606934e-02 -5.352766513824462891e-01
2.925561666488647461e-01 8.911360055208206177e-02 4.187926650047302246e-01 -5.148642063140869141e-01 4.119358658790588379e-01 5.009463429450988770e-02 7.182734459638595581e-02 2.621549665927886963e-01 7.618556618690490723e-01 -3.006397485733032227e-01 -5.764857530593872070e-01 -5.620704889297485352e-01 -3.819304108619689941e-01 -4.988644123077392578e-01 1.426609158515930176e-01 -5.206737518310546875e-01
3.078616261482238770e-01 3.745242953300476074e-03 4.991178512573242188e-01 -4.355751574039459229e-01 4.639950394630432129e-01 1.262255571782588959e-02 1.259076297283172607e-01 2.679144144058227539e-01 7.782396078109741211e-01 -2.256739437580108643e-01 -5.250986814498901367e-01 -6.171086430549621582e-01 -3.708439469337463379e-01 -5.276726484298706055e-01 1.885354220867156982e-01 -4.980927109718322754e-01
3.178132176399230957e-01 -8.211261034011840820e-02 5.628654956817626953e-01 -3.426361978054046631e-01 5.045716762542724609e-01 -2.413167059421539307e-02 1.772732734680175781e-01 2.721554040908813477e-01 7.824485898017883301e-01 -1.468112617731094360e-01 -4.601058363914489746e-01 -6.590834856033325195e-01 -3.439300656318664551e-01 -5.510990619659423828e-01 2.350435405969619751e-01 -4.673227071762084961e-01
3.221539855003356934e-01 -1.657652407884597778e-01 6.114268302917480469e-01 -2.395687550306320190e-01 5.341660976409912109e-01 -6.010142341256141663e-02 2.246464341878890991e-01 2.749163508415222168e-01 7.734267711639404297e-01 -6.612958014011383057e-02 -3.809813857078552246e-01 -6.893309354782104492e-01 -3.009967207908630371e-01 -5.694449543952941895e-01 2.805841863155364990e-01 -4.282353222370147705e-01
3.207690119743347168e-01 -2.449400871992111206e-01 6.466407179832458496e-01 -1.303227841854095459e-01 5.534220337867736816e-01 -9.522812813520431519e-02 2.668499052524566650e-01 2.759910821914672852e-01 7.497289180755615234e-01 1.435355469584465027e-02 -2.878814339637756348e-01 -7.091934680938720703e-01 -2.426731884479522705e-01 -5.829287767410278320e-01 3.236347138881683350e-01 -3.808002769947052002e-01
3.136414289474487305e-01 -3.178542256355285645e-01 6.703494787216186523e-01 -1.893953979015350342e-02 5.628978013992309570e-01 -1.294478029012680054e-01 3.027420639991760254e-01 2.749845385551452637e-01 7.093060612678527832e-01 9.284162521362304688e-02 -1.823758780956268311e-01 -7.197453379631042480e-01 -1.706382930278778076e-01 -5.916556715965270996e-01 3.627241253852844238e-01 -3.250757157802581787e-01
3.008554577827453613e-01 -3.831869959831237793e-01 6.841885447502136230e-01 9.068746864795684814e-02 5.629378557205200195e-01 -1.626737564802169800e-01 3.311797082424163818e-01 2.713883519172668457e-01 6.495238542556762695e-01 1.678739488124847412e-01 -6.801106035709381104e-02 -7.216619849205017090e-01 -8.787006139755249023e-02 -5.955921411514282227e-01 3.963814973831176758e-01 -2.611747086048126221e-01
2.826402783393859863e-01 -4.399924874305725098e-01 6.895385384559631348e-01 1.950210481882095337e-01 5.536400079727172852e-01 -1.947726309299468994e-01 3.510135710239410400e-01 2.646690905094146729e-01 5.676140189170837402e-01 2.383827716112136841e-01 4.975389316678047180e-02 -7.151798009872436523e-01 1.295030117034912109e-03 -5.945451855659484863e-01 4.230811595916748047e-01 -1.892440021038055420e-01
2.594113945960998535e-01 -4.875804185867309570e-01 6.875581145286560059e-01 2.911069691181182861e-01 5.349047183990478516e-01 -2.255355119705200195e-01 3.611203134059906006e-01 2.543511390686035156e-01 4.616945683956146240e-01 3.036812543869018555e-01 1.645132750272750854e-01 -7.001054883003234863e-01 9.155406057834625244e-02 -5.881500244140625000e-01 4.412081837654113770e-01 -1.095342785120010376e-01
2.317490428686141968e-01 -5.253987908363342285e-01 6.792199611663818359e-01 3.767834305763244629e-01 5.065495371818542480e-01 -2.546465694904327393e-01 3.604839742183685303e-01 2.400632500648498535e-01 3.322390913963317871e-01 3.633835613727569580e-01 2.704600095748901367e-01 -6.758617162704467773e-01 1.775419712066650391e-01 -5.758814811706542969e-01 4.490737020969390869e-01 -2.264941111207008362e-02
2.002874612808227539e-01 -5.529502034187316895e-01 6.652963757514953613e-01 4.507827162742614746e-01 4.684749543666839600e-01 -2.816490828990936279e-01 3.483551144599914551e-01 2.215250283479690552e-01 1.834374219179153442e-01 4.172838330268859863e-01 3.636800050735473633e-01 -6.415985226631164551e-01 2.549221515655517578e-01 -5.571118593215942383e-01 4.450148344039916992e-01 7.003117352724075317e-02
1.655652225017547607e-01 -5.697721242904663086e-01 6.462877988815307617e-01 5.126788020133972168e-01 4.208659231662750244e-01 -3.059092462062835693e-01 3.245170712471008301e-01 1.984847933053970337e-01 2.354031056165695190e-02 4.652376174926757812e-01 4.425692558288574219e-01 -5.964310765266418457e-01 3.211365342140197754e-01 -5.312279462814331055e-01 4.276160001754760742e-01 1.659727394580841064e-01
1.279416829347610474e-01 -5.754916667938232422e-01 6.223364472389221191e-01 5.627262592315673828e-01 3.643753528594970703e-01 -3.265874981880187988e-01 2.896318137645721436e-01 1.706618815660476685e-01 -1.365257352590560913e-01 5.070931315422058105e-01 5.074250698089599609e-01 -5.398335456848144531e-01 3.755135536193847656e-01 -4.977832436561584473e-01 3.960608839988708496e-01 2.615084350109100342e-01
8.766108751296997070e-02 -5.699300765991210938e-01 5.931926369667053223e-01 6.016760468482971191e-01 3.001784682273864746e-01 -3.426419496536254883e-01 2.455082237720489502e-01 1.377619355916976929e-01 -2.859757542610168457e-01 5.426968336105346680e-01 5.596834421157836914e-01 -4.720973372459411621e-01 4.188327789306640625e-01 -4.566178917884826660e-01 3.505413830280303955e-01 3.524480760097503662e-01
4.505011811852455139e-02 -5.531897544860839844e-01 5.582844018936157227e-01 6.306127309799194336e-01 2.298127263784408569e-01 -3.528927564620971680e-01 1.950478255748748779e-01 9.960438311100006104e-02 -4.169491529464721680e-01 5.719490051269531250e-01 6.012220382690429688e-01 -3.946249485015869141e-01 4.526652693748474121e-01 -4.078787267208099365e-01 2.925515174865722656e-01 4.350065588951110840e-01
7.328130304813385010e-04 -5.256611704826354980e-01 5.168979167938232422e-01 6.508064270019531250e-01 1.548772305250167847e-01 -3.561580479145050049e-01 1.417439877986907959e-01 5.633287131786346436e-02 -5.257829427719116211e-01 5.948523879051208496e-01 6.339040398597717285e-01 -3.098504245281219482e-01 4.787817001342773438e-01 -3.519386351108551025e-01 2.248854637145996094e-01 5.065324902534484863e-01
-4.427702724933624268e-02 -4.879494905471801758e-01 4.684333801269531250e-01 6.635636091232299805e-01 7.679532468318939209e-02 -3.514390885829925537e-01 8.891191333532333374e-02 8.613705635070800781e-03 -6.125324368476867676e-01 6.115069389343261719e-01 6.593579649925231934e-01 -2.207949459552764893e-01 4.987760186195373535e-01 -2.892913222312927246e-01 1.512839049100875854e-01 5.657321214675903320e-01
-8.866585791110992432e-02 -4.407815337181091309e-01 4.126704931259155273e-01 6.700894236564636230e-01 -3.218516707420349121e-03 -3.381042480468750000e-01 3.902135044336318970e-02 -4.228330403566360474e-02 -6.795768737792968750e-01 6.220535635948181152e-01 6.789135932922363281e-01 -1.304923593997955322e-01 5.139089226722717285e-01 -2.205119580030441284e-01 7.583612203598022461e-02 6.124584078788757324e-01
-1.310412138700485229e-01 -3.849539458751678467e-01 3.499598503112792969e-01 6.713910102844238281e-01 -8.402861654758453369e-02 -3.160166442394256592e-01 -6.589354947209358215e-03 -9.457270056009292603e-02 -7.302349805831909180e-01 6.265985965728759766e-01 6.936153173446655273e-01 -4.154395312070846558e-02 5.250993967056274414e-01 -1.463159918785095215e-01 2.341140061616897583e-03 6.473077535629272461e-01
-1.701760888099670410e-01 -3.213408291339874268e-01 2.812716662883758545e-01 6.682375669479370117e-01 -1.644307672977447510e-01 -2.855710089206695557e-01 -4.759380221366882324e-02 -1.461828947067260742e-01 -7.678322196006774902e-01 6.251524686813354492e-01 7.042608857154846191e-01 4.408419132232666016e-02 5.329840779304504395e-01 -6.768240034580230713e-02 -6.617864966392517090e-02 6.712209582328796387e-01
-2.051853984594345093e-01 -2.509369850158691406e-01 2.080844640731811523e-01 6.611689329147338867e-01 -2.431025803089141846e-01 -2.476413547992706299e-01 -8.432595431804656982e-02 -1.950481832027435303e-01 -7.952398061752319336e-01 6.176010370254516602e-01 7.114400863647460938e-01 1.250585168600082397e-01 5.379909276962280273e-01 1.402876153588294983e-02 -1.277086585760116577e-01 6.851789355278015137e-01
-2.355949878692626953e-01 -1.749007701873779297e-01 1.321628838777542114e-01 6.505290865898132324e-01 -3.186743259429931641e-01 -2.034715712070465088e-01 -1.174049973487854004e-01 -2.393746227025985718e-01 -8.147329092025756836e-01 6.037149429321289062e-01 7.155638933181762695e-01 2.005675435066223145e-01 5.404024124145507812e-01 9.703108668327331543e-02 -1.812314689159393311e-01 6.900120377540588379e-01
-2.613131403923034668e-01 -9.456843137741088867e-02 5.531020089983940125e-02 6.365019083023071289e-01 -3.898689746856689453e-01 -1.545509994029998779e-01 -1.474696248769760132e-01 -2.778162062168121338e-01 -8.280144929885864258e-01 5.831933021545410156e-01 7.168821692466735840e-01 2.701855301856994629e-01 5.403994917869567871e-01 1.791763007640838623e-01 -2.265607714653015137e-01 6.863085627555847168e-01
-2.825408577919006348e-01 -1.143324375152587891e-02 -2.082925289869308472e-02 6.191376447677612305e-01 -4.556395113468170166e-01 -1.025010198354721069e-01 -1.750518977642059326e-01 -3.095374703407287598e-01 -8.363018035888671875e-01 5.557351708412170410e-01 7.154915928840637207e-01 3.337528109550476074e-01 5.380886197090148926e-01 2.581241428852081299e-01 -2.641155719757080078e-01 6.743996143341064453e-01
-2.996612191200256348e-01 7.290265709161758423e-02 -9.488336741924285889e-02 5.983684659004211426e-01 -5.152533054351806641e-01 -4.897788539528846741e-02 -2.005558013916015625e-01 -3.341768682003021240e-01 -8.404223322868347168e-01 5.211263895034790039e-01 7.113351225852966309e-01 3.912838697433471680e-01 5.335155725479125977e-01 3.315777182579040527e-01 -2.947001457214355469e-01 6.543980240821838379e-01
-3.131367266178131104e-01 1.567900329828262329e-01 -1.657839119434356689e-01 5.740174651145935059e-01 -5.683083534240722656e-01 4.415797069668769836e-03 -2.242853343486785889e-01 -3.517486751079559326e-01 -8.408969640731811523e-01 4.793272614479064941e-01 7.041950225830078125e-01 4.429001212120056152e-01 5.266705751419067383e-01 3.975238204002380371e-01 -3.193196058273315430e-01 6.262745261192321777e-01
