-1.171948737464845181e-03 -1.011563763022422791e-01 -5.853024497628211975e-02 7.643555849790573120e-02 -5.491343885660171509e-02 -3.798392415046691895e-02 -1.580503187142312527e-03 -1.161353439092636108e-01 6.007095798850059509e-03 -1.210395433008670807e-02 3.279938548803329468e-02 -8.154700510203838348e-03 3.746723011136054993e-02 -5.017591640353202820e-03 8.130211383104324341e-02 1.830901950597763062e-01
1.638518646359443665e-02 -1.636813133955001831e-01 -1.541257202625274658e-01 1.422425210475921631e-01 -1.350811570882797241e-01 -6.112264469265937805e-02 -3.555969893932342529e-02 -2.255843132734298706e-01 -8.867800235748291016e-03 -3.066619113087654114e-02 7.055109739303588867e-02 3.084165416657924652e-02 1.197418719530105591e-01 4.769897460937500000e-02 1.463137269020080566e-01 3.424409329891204834e-01
3.684511780738830566e-02 -1.905263960361480713e-01 -2.734297513961791992e-01 1.773831844329833984e-01 -2.401773333549499512e-01 -5.830398947000503540e-02 -1.181320101022720337e-01 -3.356618881225585938e-01 -2.942276559770107269e-02 -5.463844537734985352e-02 1.035498231649398804e-01 1.285411417484283447e-01 2.243763208389282227e-01 1.317918598651885986e-01 1.904458552598953247e-01 4.772764146327972412e-01
5.283088609576225281e-02 -1.736495494842529297e-01 -4.059370160102844238e-01 1.637331545352935791e-01 -3.589690029621124268e-01 -1.867345534265041351e-02 -2.440451085567474365e-01 -4.469345808029174805e-01 -4.860723763704299927e-02 -8.228290081024169922e-02 1.203456968069076538e-01 2.847291231155395508e-01 3.298962712287902832e-01 2.233663201332092285e-01 2.111189365386962891e-01 5.832815170288085938e-01
6.244865432381629944e-02 -9.695106744766235352e-02 -5.404738187789916992e-01 8.833170682191848755e-02 -4.778908491134643555e-01 6.608550250530242920e-02 -3.907750844955444336e-01 -5.549427270889282227e-01 -6.371273100376129150e-02 -1.128823533654212952e-01 1.086242869496345520e-01 4.763408303260803223e-01 4.219177365303039551e-01 3.068617582321166992e-01 2.041917294263839722e-01 6.553236842155456543e-01
6.538793444633483887e-02 4.528217017650604248e-02 -6.640820503234863281e-01 -4.104138910770416260e-02 -5.868244171142578125e-01 1.945685595273971558e-01 -5.322326421737670898e-01 -6.533946990966796875e-01 -7.350470125675201416e-02 -1.474396586418151855e-01 5.846259742975234985e-02 6.626135110855102539e-01 4.927378892898559570e-01 3.756633996963500977e-01 1.624804288148880005e-01 6.890934109687805176e-01
6.050307676196098328e-02 2.307675480842590332e-01 -7.657834887504577637e-01 -1.906571835279464722e-01 -6.801488995552062988e-01 3.516693711280822754e-01 -6.515793800354003906e-01 -7.373073101043701172e-01 -7.663447409868240356e-02 -1.874145716428756714e-01 -2.864732965826988220e-02 8.082468509674072266e-01 5.383288264274597168e-01 4.283734261989593506e-01 7.967648655176162720e-02 6.800576448440551758e-01
4.501673206686973572e-02 4.237828254699707031e-01 -8.415499329566955566e-01 -3.297162055969238281e-01 -7.558405399322509766e-01 5.155135393142700195e-01 -7.438862323760986328e-01 -8.044530153274536133e-01 -7.109039276838302612e-02 -2.328045666217803955e-01 -1.371041089296340942e-01 9.014174342155456543e-01 5.560647249221801758e-01 4.656027853488922119e-01 -4.214950650930404663e-02 6.213951706886291504e-01
1.472054049372673035e-02 5.966058969497680664e-01 -8.941136598587036133e-01 -4.472394585609436035e-01 -8.143442869186401367e-01 6.658168435096740723e-01 -8.114032745361328125e-01 -8.550328016281127930e-01 -5.437528714537620544e-02 -2.821604013442993164e-01 -2.509313523769378662e-01 9.515259265899658203e-01 5.434802174568176270e-01 4.889870285987854004e-01 -1.917067617177963257e-01 5.053209066390991211e-01
-3.598134964704513550e-02 7.356542348861694336e-01 -9.290713071823120117e-01 -5.434900522232055664e-01 -8.573683500289916992e-01 7.880352735519409180e-01 -8.585578203201293945e-01 -8.906625509262084961e-01 -2.395110018551349640e-02 -3.337735831737518311e-01 -3.619874119758605957e-01 9.750069379806518555e-01 4.978333115577697754e-01 5.008918642997741699e-01 -3.531596660614013672e-01 3.307889997959136963e-01
-1.142605543136596680e-01 8.382399082183837891e-01 -9.518125057220458984e-01 -6.216362118721008301e-01 -8.870596289634704590e-01 8.761332035064697266e-01 -8.892993927001953125e-01 -9.134367108345031738e-01 2.261132188141345978e-02 -3.863248825073242188e-01 -4.673228561878204346e-01 9.848920106887817383e-01 4.170489907264709473e-01 5.040703415870666504e-01 -5.100756883621215820e-01 1.127300485968589783e-01
-2.274606227874755859e-01 9.078397750854492188e-01 -9.664351940155029297e-01 -6.849216222763061523e-01 -9.055417776107788086e-01 9.327026009559631348e-01 -9.059560298919677734e-01 -9.252223968505859375e-01 8.756069839000701904e-02 -4.388051927089691162e-01 -5.655086040496826172e-01 9.885700941085815430e-01 3.027001023292541504e-01 5.013732910156250000e-01 -6.486032009124755859e-01 -1.189671829342842102e-01
-3.772922754287719727e-01 9.510215520858764648e-01 -9.757615327835083008e-01 -7.361319661140441895e-01 -9.145570993423461914e-01 9.654554724693298340e-01 -9.087657928466796875e-01 -9.271405935287475586e-01 1.723239421844482422e-01 -4.902058243751525879e-01 -6.549986600875854492e-01 9.894862174987792969e-01 1.632703542709350586e-01 4.952423870563507080e-01 -7.601888179779052734e-01 -3.333235979080200195e-01
-5.493863821029663086e-01 9.754577875137329102e-01 -9.816541075706481934e-01 -7.776095271110534668e-01 -9.151965975761413574e-01 9.828178882598876953e-01 -8.958607912063598633e-01 -9.191347360610961914e-01 2.760863304138183594e-01 -5.394892096519470215e-01 -7.340376377105712891e-01 9.890760779380798340e-01 1.299545913934707642e-02 4.866368770599365234e-01 -8.427104353904724121e-01 -5.113164186477661133e-01
-7.088291645050048828e-01 9.881497621536254883e-01 -9.853043556213378906e-01 -8.113389015197753906e-01 -9.077295064926147461e-01 9.913520812988281250e-01 -8.641532659530639648e-01 -8.997641801834106445e-01 3.941510915756225586e-01 -5.859743356704711914e-01 -8.011684417724609375e-01 9.878417253494262695e-01 -1.341023743152618408e-01 4.734441637992858887e-01 -8.992514014244079590e-01 -6.476827859878540039e-01
-8.197160363197326660e-01 9.942733049392700195e-01 -9.874314069747924805e-01 -8.390042781829833984e-01 -8.914104700088500977e-01 9.952488541603088379e-01 -8.117852807044982910e-01 -8.666267991065979004e-01 5.175508856773376465e-01 -6.297868490219116211e-01 -8.556823730468750000e-01 9.857243299484252930e-01 -2.690410017967224121e-01 4.490362703800201416e-01 -9.354102611541748047e-01 -7.457722425460815430e-01
-8.743384480476379395e-01 9.970400333404541016e-01 -9.884338974952697754e-01 -8.619894981384277344e-01 -8.642125129699707031e-01 9.968387484550476074e-01 -7.406033277511596680e-01 -8.170170783996582031e-01 6.352894306182861328e-01 -6.717193126678466797e-01 -8.978878259658813477e-01 9.821841716766357422e-01 -3.881725668907165527e-01 4.025068879127502441e-01 -9.569182991981506348e-01 -8.128263950347900391e-01
-8.896942734718322754e-01 9.981911778450012207e-01 -9.885304570198059082e-01 -8.813589811325073242e-01 -8.225920796394348145e-01 9.972696900367736816e-01 -6.549109220504760742e-01 -7.473214864730834961e-01 7.381292581558227539e-01 -7.123241424560546875e-01 -9.291123151779174805e-01 9.761763811111450195e-01 -4.908754825592041016e-01 3.215664327144622803e-01 -9.685025811195373535e-01 -8.570660352706909180e-01
-8.828572034835815430e-01 9.985786676406860352e-01 -9.878513216972351074e-01 -8.978897333145141602e-01 -7.613226175308227539e-01 9.970115423202514648e-01 -5.576031208038330078e-01 -6.520385742187500000e-01 8.209369182586669922e-01 -7.511949539184570312e-01 -9.513148069381713867e-01 9.657855033874511719e-01 -5.777892470359802246e-01 1.966552138328552246e-01 -9.736878275871276855e-01 -8.856703042984008789e-01
-8.599730730056762695e-01 9.985805749893188477e-01 -9.864534139633178711e-01 -9.121412038803100586e-01 -6.736762523651123047e-01 9.961284399032592773e-01 -4.483793377876281738e-01 -5.255070924758911133e-01 8.827203512191772461e-01 -7.871474623680114746e-01 -9.665558338165283203e-01 9.470591545104980469e-01 -6.502725481986999512e-01 2.527580410242080688e-02 -9.748966693878173828e-01 -9.039296507835388184e-01
-8.170028924942016602e-01 9.983327388763427734e-01 -9.842718839645385742e-01 -9.245125651359558105e-01 -5.531947016716003418e-01 9.943357110023498535e-01 -3.251012861728668213e-01 -3.671225309371948242e-01 9.255418777465820312e-01 -8.189131021499633789e-01 -9.766305685043334961e-01 9.114310145378112793e-01 -7.101916074752807617e-01 -1.824776083230972290e-01 -9.735333919525146484e-01 -9.154431223869323730e-01
-7.408841252326965332e-01 9.978253841400146484e-01 -9.809954166412353516e-01 -9.352737069129943848e-01 -3.983734846115112305e-01 9.908117055892944336e-01 -1.874446272850036621e-01 -1.874380409717559814e-01 9.532092809677124023e-01 -8.458270430564880371e-01 -9.829047322273254395e-01 8.412697315216064453e-01 -7.595994472503662109e-01 -4.009816646575927734e-01 -9.699144363403320312e-01 -9.226325154304504395e-01
-6.103637814521789551e-01 9.968978166580200195e-01 -9.757958054542541504e-01 -9.445766806602478027e-01 -2.172624468803405762e-01 9.836030006408691406e-01 -4.039455950260162354e-02 -8.093707263469696045e-03 9.700986146926879883e-01 -8.683153390884399414e-01 -9.862489700317382812e-01 7.072030305862426758e-01 -8.003393411636352539e-01 -5.975641608238220215e-01 -9.628134965896606445e-01 -9.271326661109924316e-01
-4.038314223289489746e-01 9.950887560844421387e-01 -9.667874574661254883e-01 -9.524214863777160645e-01 -2.489210665225982666e-02 9.681860208511352539e-01 1.072128936648368835e-01 1.487908065319061279e-01 9.802236557006835938e-01 -8.879823684692382812e-01 -9.869526028633117676e-01 4.844287037849426270e-01 -8.337277173995971680e-01 -7.491491436958312988e-01 -9.480663537979125977e-01 -9.300018548965454102e-01
-1.233527511358261108e-01 9.912009835243225098e-01 -9.501280784606933594e-01 -9.584788680076599121e-01 1.636706590652465820e-01 9.346143603324890137e-01 2.475336492061614990e-01 2.720568478107452393e-01 9.864901304244995117e-01 -9.065091013908386230e-01 -9.845360517501831055e-01 2.013109922409057617e-01 -8.605007529258728027e-01 -8.507483005523681641e-01 -9.155300855636596680e-01 -9.318683743476867676e-01
1.747368574142456055e-01 9.824981689453125000e-01 -9.196572303771972656e-01 -9.617580175399780273e-01 3.351240158081054688e-01 8.657556176185607910e-01 3.745467066764831543e-01 3.632831573486328125e-01 9.903483390808105469e-01 -9.228726029396057129e-01 -9.778350591659545898e-01 -6.029307842254638672e-02 -8.809837698936462402e-01 -9.112315177917480469e-01 -8.483328223228454590e-01 -9.330842494964599609e-01
4.152685999870300293e-01 9.635744094848632812e-01 -8.692511320114135742e-01 -9.605394601821899414e-01 4.790507853031158447e-01 7.464216947555541992e-01 4.839918613433837891e-01 4.306922554969787598e-01 9.923609495162963867e-01 -9.327263832092285156e-01 -9.663517475128173828e-01 -2.565814852714538574e-01 -8.951242566108703613e-01 -9.443585276603698730e-01 -7.370975017547607422e-01 -9.338647127151489258e-01
5.781938433647155762e-01 9.240405559539794922e-01 -7.961448431015014648e-01 -9.526326656341552734e-01 5.922640562057495117e-01 5.792540311813354492e-01 5.751063227653503418e-01 4.820680022239685059e-01 9.929525852203369141e-01 -9.327939748764038086e-01 -9.513972997665405273e-01 -3.950724005699157715e-01 -9.024196863174438477e-01 -9.620317220687866211e-01 -5.917286872863769531e-01 -9.343439936637878418e-01
6.799955964088439941e-01 8.464986085891723633e-01 -7.015730738639831543e-01 -9.354211688041687012e-01 6.781451702117919922e-01 3.855459690093994141e-01 6.494098305702209473e-01 5.224587917327880859e-01 9.924653768539428711e-01 -9.226759076118469238e-01 -9.347603917121887207e-01 -4.938043355941772461e-01 -9.021021127700805664e-01 -9.719390273094177246e-01 -4.273460507392883301e-01 -9.345747828483581543e-01
7.392959594726562500e-01 7.123163938522338867e-01 -5.898084640502929688e-01 -9.057716131210327148e-01 7.424318790435791016e-01 1.915867775678634644e-01 7.088934779167175293e-01 5.550943017005920410e-01 9.910284280776977539e-01 -9.022736549377441406e-01 -9.173490405082702637e-01 -5.662782192230224609e-01 -8.937423229217529297e-01 -9.779590368270874023e-01 -2.565567195415496826e-01 -9.345443844795227051e-01
7.690051198005676270e-01 5.201286673545837402e-01 -4.663932025432586670e-01 -8.601556420326232910e-01 7.905744314193725586e-01 1.615439355373382568e-02 7.555246353149414062e-01 5.822061896324157715e-01 9.885395169258117676e-01 -8.700990080833435059e-01 -8.989553451538085938e-01 -6.210613250732421875e-01 -8.780146837234497070e-01 -9.817950129508972168e-01 -9.097487479448318481e-02 -9.341907501220703125e-01
7.770182490348815918e-01 2.968462705612182617e-01 -3.367756009101867676e-01 -7.954006791114807129e-01 8.269283771514892578e-01 -1.327624768018722534e-01 7.914065718650817871e-01 6.053807735443115234e-01 9.846909046173095703e-01 -8.235381841659545898e-01 -8.784418106079101562e-01 -6.635261178016662598e-01 -8.569865822792053223e-01 -9.842178821563720703e-01 5.985467880964279175e-02 -9.334040284156799316e-01
7.678757309913635254e-01 7.862567901611328125e-02 -2.062174528837203979e-01 -7.101013660430908203e-01 8.547192811965942383e-01 -2.550736069679260254e-01 8.188011050224304199e-01 6.257484555244445801e-01 9.790014028549194336e-01 -7.602576017379760742e-01 -8.539174795150756836e-01 -6.971362829208374023e-01 -8.334711790084838867e-01 -9.856268167495727539e-01 1.912976950407028198e-01 -9.320152401924133301e-01
7.441088557243347168e-01 -1.119096130132675171e-01 -7.975109666585922241e-02 -6.053882837295532227e-01 8.762339353561401367e-01 -3.544068634510040283e-01 8.398884534835815430e-01 6.441078186035156250e-01 9.707896709442138672e-01 -6.797099709510803223e-01 -8.227164149284362793e-01 -7.242226004600524902e-01 -8.097859621047973633e-01 -9.862293601036071777e-01 3.037739694118499756e-01 -9.297668933868408203e-01
7.072478532791137695e-01 -2.682058215141296387e-01 3.845279663801193237e-02 -4.841856360435485840e-01 8.930453658103942871e-01 -4.351499676704406738e-01 8.565123081207275391e-01 6.610087156295776367e-01 9.590358734130859375e-01 -5.839314460754394531e-01 -7.812113761901855469e-01 -7.464238405227661133e-01 -7.869465351104736328e-01 -9.860911965370178223e-01 4.001198709011077881e-01 -9.262566566467285156e-01
6.586129665374755859e-01 -3.925988972187042236e-01 1.456163227558135986e-01 -3.499751091003417969e-01 9.061998128890991211e-01 -5.011806488037109375e-01 8.700467944145202637e-01 6.768098473548889160e-01 9.421625137329101562e-01 -4.775129556655883789e-01 -7.246311902999877930e-01 -7.649217247962951660e-01 -7.647087574005126953e-01 -9.851480126380920410e-01 4.832962751388549805e-01 -9.208444356918334961e-01
5.998740196228027344e-01 -4.904662370681762695e-01 2.403926551342010498e-01 -2.061675190925598145e-01 9.163397550582885742e-01 -5.556031465530395508e-01 8.813616037368774414e-01 6.917086243629455566e-01 9.177594184875488281e-01 -3.667504787445068359e-01 -6.471430063247680664e-01 -7.805711627006530762e-01 -7.420165538787841797e-01 -9.831867814064025879e-01 5.555391907691955566e-01 -9.125071763992309570e-01
5.333449840545654297e-01 -5.674083232879638672e-01 3.225678503513336182e-01 -5.626192688941955566e-02 9.237546920776367188e-01 -6.008329391479492188e-01 8.908514976501464844e-01 7.057341933250427246e-01 8.822230100631713867e-01 -2.581718564033508301e-01 -5.426489114761352539e-01 -7.939822673797607422e-01 -7.174060344696044922e-01 -9.797770380973815918e-01 6.183323264122009277e-01 -8.996121883392333984e-01
4.620960950851440430e-01 -6.282549500465393066e-01 3.926717638969421387e-01 9.555231034755706787e-02 9.283453226089477539e-01 -6.387391090393066406e-01 8.985154628753662109e-01 7.186924815177917480e-01 8.303102254867553711e-01 -1.569890677928924561e-01 -4.069057106971740723e-01 -8.055794239044189453e-01 -6.892398595809936523e-01 -9.741262793540954590e-01 6.726136207580566406e-01 -8.795749545097351074e-01
3.900592029094696045e-01 -6.768651008605957031e-01 4.516403675079345703e-01 2.439158558845520020e-01 9.294613599777221680e-01 -6.707659363746643066e-01 9.040578603744506836e-01 7.300522327423095703e-01 7.548931837081909180e-01 -6.607088446617126465e-02 -2.411841303110122681e-01 -8.156449794769287109e-01 -6.558076143264770508e-01 -9.648153781890869141e-01 7.189838886260986328e-01 -8.483909368515014648e-01
3.221674263477325439e-01 -7.162008881568908691e-01 5.005762577056884766e-01 3.826158642768859863e-01 9.255402684211730957e-01 -6.980283260345458984e-01 9.069640636444091797e-01 7.387729883193969727e-01 6.479402780532836914e-01 1.426859572529792786e-02 -5.578041821718215942e-02 -8.243486285209655762e-01 -6.153216958045959473e-01 -9.493685364723205566e-01 7.578785419464111328e-01 -8.001471757888793945e-01
2.641377449035644531e-01 -7.484628558158874512e-01 5.405931472778320312e-01 5.060195922851562500e-01 9.134781360626220703e-01 -7.213932275772094727e-01 9.064995646476745605e-01 7.431234121322631836e-01 5.043724179267883301e-01 8.565425127744674683e-02 1.309832781553268433e-01 -8.317568302154541016e-01 -5.657477378845214844e-01 -9.236836433410644531e-01 7.897400856018066406e-01 -7.269375324249267578e-01
2.213082909584045410e-01 -7.752237319946289062e-01 5.726840496063232422e-01 6.108210086822509766e-01 8.878368139266967773e-01 -7.415525913238525391e-01 9.015917778015136719e-01 7.405892610549926758e-01 3.285040557384490967e-01 1.503156721591949463e-01 3.004261255264282227e-01 -8.378056287765502930e-01 -5.043321251869201660e-01 -8.816374540328979492e-01 8.152062892913818359e-01 -6.200477480888366699e-01
1.967537254095077515e-01 -7.975643277168273926e-01 5.975175499916076660e-01 6.966076493263244629e-01 8.405625820159912109e-01 -7.590764164924621582e-01 8.905779123306274414e-01 7.279022932052612305e-01 1.375582963228225708e-01 2.095399349927902222e-01 4.417012333869934082e-01 -8.422140479087829590e-01 -4.269678294658660889e-01 -8.158160448074340820e-01 8.352205157279968262e-01 -4.730921685695648193e-01
1.899549812078475952e-01 -8.162313699722290039e-01 6.150967478752136230e-01 7.649720907211303711e-01 7.626566290855407715e-01 -7.744305133819580078e-01 8.708348274230957031e-01 7.010619640350341797e-01 -4.406268149614334106e-02 2.629913091659545898e-01 5.533550977706909180e-01 -8.443112373352050781e-01 -3.284046053886413574e-01 -7.207052707672119141e-01 8.509390950202941895e-01 -2.859817147254943848e-01
1.969478428363800049e-01 -8.318058848381042480e-01 6.242787837982177734e-01 8.182963132858276367e-01 6.484451889991760254e-01 -7.879630327224731445e-01 8.383333086967468262e-01 6.553166508674621582e-01 -1.967318356037139893e-01 3.094129860401153564e-01 6.395835876464843750e-01 -8.427374958992004395e-01 -2.049117982387542725e-01 -5.974570512771606445e-01 8.634581565856933594e-01 -6.700572371482849121e-02
2.118178755044937134e-01 -8.448237180709838867e-01 6.221802830696105957e-01 8.590134978294372559e-01 4.996295273303985596e-01 -7.998875975608825684e-01 7.873361110687255859e-01 5.855659246444702148e-01 -3.129093647003173828e-01 3.477088510990142822e-01 7.061148881912231445e-01 -8.349520564079284668e-01 -5.929231643676757812e-02 -4.553213417530059814e-01 8.735710382461547852e-01 1.675895154476165771e-01
2.288683205842971802e-01 -8.558068871498107910e-01 6.036198735237121582e-01 8.892921209335327148e-01 3.253079354763031006e-01 -8.102856278419494629e-01 7.110791206359863281e-01 4.878811836242675781e-01 -3.953803777694702148e-01 3.772852420806884766e-01 7.579722404479980469e-01 -8.164899349212646484e-01 9.656405448913574219e-02 -3.073199987411499023e-01 8.817431926727294922e-01 3.955977261066436768e-01
2.443898916244506836e-01 -8.652300834655761719e-01 5.611383914947509766e-01 9.108884334564208984e-01 1.384574323892593384e-01 -8.191152215003967285e-01 6.044077277183532715e-01 3.618829846382141113e-01 -4.516168236732482910e-01 3.978515565395355225e-01 7.988741397857666016e-01 -7.800143361091613770e-01 2.468915581703186035e-01 -1.648008823394775391e-01 8.882506489753723145e-01 5.939581990242004395e-01
2.569815814495086670e-01 -8.734521865844726562e-01 4.863749444484710693e-01 9.250371456146240234e-01 -4.801932722330093384e-02 -8.261939883232116699e-01 4.668865501880645752e-01 2.122155129909515381e-01 -4.893857836723327637e-01 4.093396067619323730e-01 8.313778638839721680e-01 -7.143925428390502930e-01 3.803107142448425293e-01 -3.497528284788131714e-02 8.933025598526000977e-01 7.468197345733642578e-01
