3.284240514039993286e-02 -4.402663325890898705e-04 -1.417341381311416626e-01 2.205255068838596344e-02 -1.730501800775527954e-01 5.874438956379890442e-02 4.124836251139640808e-02 -1.901121586561203003e-01 3.785632550716400146e-02 -6.381168216466903687e-02 3.733658418059349060e-02 5.608438700437545776e-02 5.610619485378265381e-02 1.407981216907501221e-01 6.875623762607574463e-02 1.410805732011795044e-01
5.621279776096343994e-02 4.044400900602340698e-02 -2.911412119865417480e-01 5.758379586040973663e-03 -3.059728145599365234e-01 1.250091046094894409e-01 -3.281622752547264099e-02 -3.402020633220672607e-01 5.810153111815452576e-02 -1.353441178798675537e-01 3.507378324866294861e-02 1.889036446809768677e-01 1.364679038524627686e-01 2.547077238559722900e-01 1.071943119168281555e-01 2.392112016677856445e-01
6.715825200080871582e-02 1.362659335136413574e-01 -4.385253190994262695e-01 -6.457363069057464600e-02 -4.138188064098358154e-01 2.186742722988128662e-01 -1.760478466749191284e-01 -4.569570422172546387e-01 7.193403691053390503e-02 -2.061910629272460938e-01 -1.080640219151973724e-02 3.676609396934509277e-01 2.145520299673080444e-01 3.263132572174072266e-01 1.080866679549217224e-01 2.903165221214294434e-01
6.293864548206329346e-02 2.877438962459564209e-01 -5.733928680419921875e-01 -1.813642680644989014e-01 -5.025281906127929688e-01 3.450398743152618408e-01 -3.381471335887908936e-01 -5.467266440391540527e-01 8.770815283060073853e-02 -2.733834981918334961e-01 -9.996279329061508179e-02 5.518935322761535645e-01 2.714313864707946777e-01 3.500481247901916504e-01 6.025886535644531250e-02 2.898055613040924072e-01
3.798006102442741394e-02 4.700489044189453125e-01 -6.867669224739074707e-01 -3.137161433696746826e-01 -5.742936134338378906e-01 4.914593994617462158e-01 -4.856893420219421387e-01 -6.136968135833740234e-01 1.126220971345901489e-01 -3.376509845256805420e-01 -2.181215435266494751e-01 7.074369788169860840e-01 2.932825088500976562e-01 3.229935169219970703e-01 -4.712543264031410217e-02 2.361578196287155151e-01
-1.778633892536163330e-02 6.450605392456054688e-01 -7.749985456466674805e-01 -4.355781674385070801e-01 -6.289511322975158691e-01 6.354974508285522461e-01 -6.048136353492736816e-01 -6.599860787391662598e-01 1.534893959760665894e-01 -3.996500968933105469e-01 -3.443759083747863770e-01 8.186253905296325684e-01 2.702817618846893311e-01 2.454390078783035278e-01 -2.100638002157211304e-01 1.385333836078643799e-01
-1.165262609720230103e-01 7.841694355010986328e-01 -8.400067090988159180e-01 -5.381383895874023438e-01 -6.641421914100646973e-01 7.576429843902587891e-01 -6.926563382148742676e-01 -6.858785152435302734e-01 2.161869108676910400e-01 -4.581357240676879883e-01 -4.651686847209930420e-01 8.876029253005981445e-01 1.994092613458633423e-01 1.261572539806365967e-01 -4.039421677589416504e-01 1.928553730249404907e-02
-2.649720311164855957e-01 8.786758184432983398e-01 -8.863954544067382812e-01 -6.218359470367431641e-01 -6.748332381248474121e-01 8.484398126602172852e-01 -7.494635581970214844e-01 -6.897954940795898438e-01 3.040320873260498047e-01 -5.106040835380554199e-01 -5.748474597930908203e-01 9.251759052276611328e-01 8.872751891613006592e-02 -1.696788519620895386e-02 -5.934751033782958984e-01 -9.730643779039382935e-02
-4.501469731330871582e-01 9.353531599044799805e-01 -9.188597202301025391e-01 -6.894379258155822754e-01 -6.538311839103698730e-01 9.086211919784545898e-01 -7.742111682891845703e-01 -6.683530211448669434e-01 4.151199460029602051e-01 -5.548028945922851562e-01 -6.709591746330261230e-01 9.423925876617431641e-01 -4.445210099220275879e-02 -1.638538688421249390e-01 -7.488399744033813477e-01 -1.975998580455780029e-01
-6.279103755950927734e-01 9.664095640182495117e-01 -9.411292672157287598e-01 -7.437846660614013672e-01 -5.948855280876159668e-01 9.447206258773803711e-01 -7.625722885131835938e-01 -6.171235442161560059e-01 5.399634838104248047e-01 -5.901296138763427734e-01 -7.520301342010498047e-01 9.466109275817871094e-01 -1.825810372829437256e-01 -3.011762201786041260e-01 -8.572731018066406250e-01 -2.785425484180450439e-01
-7.438949346542358398e-01 9.824482202529907227e-01 -9.559006094932556152e-01 -7.874653339385986328e-01 -4.967628717422485352e-01 9.642181992530822754e-01 -7.081902623176574707e-01 -5.337464809417724609e-01 6.630535125732421875e-01 -6.186044216156005859e-01 -8.173345327377319336e-01 9.405006766319274902e-01 -3.143817186355590820e-01 -4.258384108543395996e-01 -9.225961565971374512e-01 -3.415490090847015381e-01
-7.773798704147338867e-01 9.904218912124633789e-01 -9.650838375091552734e-01 -8.227696418762207031e-01 -3.648278117179870605e-01 9.728399515151977539e-01 -6.089038848876953125e-01 -4.218776226043701172e-01 7.693966627120971680e-01 -6.446858048439025879e-01 -8.673043251037597656e-01 9.217355251312255859e-01 -4.347493648529052734e-01 -5.404070615768432617e-01 -9.564561843872070312e-01 -3.890129923820495605e-01
-7.393287420272827148e-01 9.942492246627807617e-01 -9.700316190719604492e-01 -8.515537381172180176e-01 -2.096974402666091919e-01 9.738128781318664551e-01 -4.723393023014068604e-01 -2.905857563018798828e-01 8.507825732231140137e-01 -6.731208562850952148e-01 -9.037153720855712891e-01 8.824316263198852539e-01 -5.415797233581542969e-01 -6.454771757125854492e-01 -9.704593420028686523e-01 -4.238156378269195557e-01
-6.372848749160766602e-01 9.959436058998107910e-01 -9.715921878814697266e-01 -8.752095699310302734e-01 -4.399141669273376465e-02 9.679034948348999023e-01 -3.141331970691680908e-01 -1.516355872154235840e-01 9.068137407302856445e-01 -7.068454027175903320e-01 -9.291313886642456055e-01 8.084521889686584473e-01 -6.335155963897705078e-01 -7.373640537261962891e-01 -9.725841283798217773e-01 -4.490554332733154297e-01
-4.672079086303710938e-01 9.964489936828613281e-01 -9.699973464012145996e-01 -8.947377800941467285e-01 1.213265582919120789e-01 9.534174799919128418e-01 -1.511660218238830566e-01 -1.790510863065719604e-02 9.421889781951904297e-01 -7.467691302299499512e-01 -9.459957480430603027e-01 6.808637976646423340e-01 -7.095439434051513672e-01 -8.116606473922729492e-01 -9.662221074104309082e-01 -4.674313962459564209e-01
-2.302645742893218994e-01 9.960966110229492188e-01 -9.646769762039184570e-01 -9.107583165168762207e-01 2.787778973579406738e-01 9.256955385208129883e-01 4.896856844425201416e-03 9.980817139148712158e-02 9.633550047874450684e-01 -7.920339107513427734e-01 -9.559677839279174805e-01 4.861380755901336670e-01 -7.691561579704284668e-01 -8.666105866432189941e-01 -9.496942758560180664e-01 -4.809599816799163818e-01
4.826705902814865112e-02 9.947682619094848633e-01 -9.541053771972656250e-01 -9.233617186546325684e-01 4.233939349651336670e-01 8.762633800506591797e-01 1.491049826145172119e-01 1.961883902549743652e-01 9.758877158164978027e-01 -8.393032550811767578e-01 -9.596110582351684570e-01 2.383261919021606445e-01 -8.123509287834167480e-01 -9.036370515823364258e-01 -9.149263501167297363e-01 -4.910624027252197266e-01
3.172852993011474609e-01 9.918588399887084961e-01 -9.360983967781066895e-01 -9.318431019783020020e-01 5.502502918243408203e-01 7.943992614746093750e-01 2.799165546894073486e-01 2.720045149326324463e-01 9.833382368087768555e-01 -8.821779489517211914e-01 -9.565930366516113281e-01 -1.449215412139892578e-02 -8.395996093750000000e-01 -9.263923168182373047e-01 -8.475556373596191406e-01 -4.987552762031555176e-01
5.310366749763488770e-01 9.861122965812683105e-01 -9.090170860290527344e-01 -9.346634149551391602e-01 6.543816328048706055e-01 6.753997802734375000e-01 3.959619402885437012e-01 3.317296802997589111e-01 9.876043796539306641e-01 -9.139249324798583984e-01 -9.468401670455932617e-01 -2.292558848857879639e-01 -8.516864180564880371e-01 -9.394891262054443359e-01 -7.361916303634643555e-01 -5.047924518585205078e-01
6.790117025375366211e-01 9.752583503723144531e-01 -8.727779984474182129e-01 -9.299105405807495117e-01 7.340512871742248535e-01 5.281248092651367188e-01 4.959873557090759277e-01 3.801348209381103516e-01 9.897820949554443359e-01 -9.323506951332092285e-01 -9.316290616989135742e-01 -3.950848281383514404e-01 -8.492147922515869141e-01 -9.469982385635375977e-01 -5.842694044113159180e-01 -5.097182393074035645e-01
7.742714881896972656e-01 9.554709196090698242e-01 -8.284923434257507324e-01 -9.158498644828796387e-01 7.918754816055297852e-01 3.699156939983367920e-01 5.795848369598388672e-01 4.205956459045410156e-01 9.905859231948852539e-01 -9.400947093963623047e-01 -9.129775166511535645e-01 -5.193099975585937500e-01 -8.324126601219177246e-01 -9.516312479972839355e-01 -4.065436124801635742e-01 -5.138823986053466797e-01
8.335061669349670410e-01 9.210903048515319824e-01 -7.777108550071716309e-01 -8.912047147750854492e-01 8.325739502906799316e-01 2.165295779705047607e-01 6.471323966979980469e-01 4.552493691444396973e-01 9.904558658599853516e-01 -9.409075379371643066e-01 -8.925203084945678711e-01 -6.122059822082519531e-01 -8.016910552978515625e-01 -9.548571705818176270e-01 -2.207418829202651978e-01 -5.174822807312011719e-01
8.695952296257019043e-01 8.653150796890258789e-01 -7.219628095626831055e-01 -8.551986813545227051e-01 8.608012199401855469e-01 7.737131416797637939e-02 6.996116042137145996e-01 4.854807555675506592e-01 9.896309375762939453e-01 -9.372769594192504883e-01 -8.710771799087524414e-01 -6.822021603584289551e-01 -7.583569884300231934e-01 -9.573410153388977051e-01 -4.300487786531448364e-02 -5.206132531166076660e-01
8.909602165222167969e-01 7.825056910514831543e-01 -6.625273227691650391e-01 -8.074368238449096680e-01 8.802653551101684570e-01 -4.400768131017684937e-02 7.385373115539550781e-01 5.122190117835998535e-01 9.882187247276306152e-01 -9.302177429199218750e-01 -8.487024307250976562e-01 -7.354755401611328125e-01 -7.048851251602172852e-01 -9.593054652214050293e-01 1.152553036808967590e-01 -5.233016610145568848e-01
9.027311801910400391e-01 6.715799570083618164e-01 -6.003897190093994141e-01 -7.477391958236694336e-01 8.936263918876647949e-01 -1.476719677448272705e-01 7.658525705337524414e-01 5.361000895500183105e-01 9.862396121025085449e-01 -9.197993874549865723e-01 -8.248500227928161621e-01 -7.764421105384826660e-01 -6.445658802986145020e-01 -9.607480764389038086e-01 2.488973140716552734e-01 -5.255147218704223633e-01
9.079632163047790527e-01 5.380768775939941406e-01 -5.363546609878540039e-01 -6.760928630828857422e-01 9.026685953140258789e-01 -2.353926748037338257e-01 7.837203741073608398e-01 5.575599670410156250e-01 9.836468696594238281e-01 -9.056453704833984375e-01 -7.984958291053771973e-01 -8.082553148269653320e-01 -5.807127952575683594e-01 -9.615645408630371094e-01 3.582447171211242676e-01 -5.271505713462829590e-01
9.084965586662292480e-01 3.926439583301544189e-01 -4.712338447570800781e-01 -5.927850604057312012e-01 9.085158705711364746e-01 -3.095049858093261719e-01 7.942570447921752930e-01 5.768846869468688965e-01 9.803363084793090820e-01 -8.872848153114318848e-01 -7.681913375854492188e-01 -8.331795930862426758e-01 -5.158560276031494141e-01 -9.616143107414245605e-01 4.468297064304351807e-01 -5.280105471611022949e-01
9.054833650588989258e-01 2.469162046909332275e-01 -4.059911668300628662e-01 -4.985996186733245850e-01 9.118129014968872070e-01 -3.723327517509460449e-01 7.993007898330688477e-01 5.942294001579284668e-01 9.761512875556945801e-01 -8.643923997879028320e-01 -7.320787906646728516e-01 -8.528558611869812012e-01 -4.512866139411926270e-01 -9.607395529747009277e-01 5.191577076911926270e-01 -5.277566909790039062e-01
8.996953964233398438e-01 1.099321991205215454e-01 -3.417722582817077637e-01 -3.949040472507476807e-01 9.128494858741760254e-01 -4.259353578090667725e-01 8.002748489379882812e-01 6.096150875091552734e-01 9.708821177482604980e-01 -8.369345068931579590e-01 -6.879041790962219238e-01 -8.684840202331542969e-01 -3.870428502559661865e-01 -9.587485790252685547e-01 5.793061256408691406e-01 -5.258566737174987793e-01
8.917103409767150879e-01 -1.315771788358688354e-02 -2.798280417919158936e-01 -2.835831344127655029e-01 9.116262197494506836e-01 -4.720301330089569092e-01 7.981351017951965332e-01 6.229048967361450195e-01 9.642580747604370117e-01 -8.052216768264770508e-01 -6.330658197402954102e-01 -8.809453845024108887e-01 -3.221971690654754639e-01 -9.553786516189575195e-01 6.303914785385131836e-01 -5.215163230895996094e-01
8.820341825485229492e-01 -1.205664053559303284e-01 -2.213955968618392944e-01 -1.669000685214996338e-01 9.078659415245056152e-01 -5.120068192481994629e-01 7.933580875396728516e-01 6.337608098983764648e-01 9.559323191642761230e-01 -7.698795795440673828e-01 -5.647569894790649414e-01 -8.908835649490356445e-01 -2.552356421947479248e-01 -9.502453804016113281e-01 6.745726466178894043e-01 -5.136035680770874023e-01
8.711827993392944336e-01 -2.126990854740142822e-01 -1.675969511270523071e-01 -4.737690091133117676e-02 9.009696841239929199e-01 -5.469778776168823242e-01 7.859284877777099609e-01 6.415756344795227051e-01 9.454665184020996094e-01 -7.317510247230529785e-01 -4.803071618080139160e-01 -8.987567424774169922e-01 -1.843969225883483887e-01 -9.427816867828369141e-01 7.132610082626342773e-01 -5.005735754966735840e-01
8.597273826599121094e-01 -2.910902798175811768e-01 -1.193870976567268372e-01 7.227006554603576660e-02 8.899166584014892578e-01 -5.778307318687438965e-01 7.753083109855651855e-01 6.453798413276672363e-01 9.323258996009826660e-01 -6.917492151260375977e-01 -3.778531849384307861e-01 -9.048707485198974609e-01 -1.079559996724128723e-01 -9.321652054786682129e-01 7.473493814468383789e-01 -4.804178178310394287e-01
8.483030200004577637e-01 -3.576824963092803955e-01 -7.755526155233383179e-02 1.891646832227706909e-01 8.731117248535156250e-01 -6.052660346031188965e-01 7.603850364685058594e-01 6.437349319458007812e-01 9.159098863601684570e-01 -6.506937742233276367e-01 -2.573826014995574951e-01 -9.093971252441406250e-01 -2.451668307185173035e-02 -9.172463417053222656e-01 7.773914337158203125e-01 -4.506799578666687012e-01
8.375742435455322266e-01 -4.144175946712493896e-01 -4.276895523071289062e-02 3.003456294536590576e-01 8.482218980789184570e-01 -6.298207044601440430e-01 7.394056320190429688e-01 6.346620321273803711e-01 8.956532478332519531e-01 -6.091761589050292969e-01 -1.218634098768234253e-01 -9.123755693435668945e-01 6.660914421081542969e-02 -8.965141773223876953e-01 8.037295937538146973e-01 -4.085960984230041504e-01
8.281543254852294922e-01 -4.630410373210906982e-01 -1.564710028469562531e-02 4.029697179794311523e-01 8.121324777603149414e-01 -6.518832445144653320e-01 7.099198102951049805e-01 6.157097220420837402e-01 8.712217807769775391e-01 -5.675204396247863770e-01 2.232109755277633667e-02 -9.136984348297119141e-01 1.649314314126968384e-01 -8.681761026382446289e-01 8.265901803970336914e-01 -3.514176011085510254e-01
8.204913139343261719e-01 -5.050340294837951660e-01 3.151961602270603180e-03 4.946653842926025391e-01 7.612735629081726074e-01 -6.717137098312377930e-01 6.687775850296020508e-01 5.842913389205932617e-01 8.427650928497314453e-01 -5.258843898773193359e-01 1.664720624685287476e-01 -9.130668640136718750e-01 2.683786451816558838e-01 -8.304312229156494141e-01 8.461619615554809570e-01 -2.769303619861602783e-01
8.147652149200439453e-01 -5.416159033775329590e-01 1.284642703831195831e-02 5.738971829414367676e-01 6.925516128540039062e-01 -6.894731521606445312e-01 6.122672557830810547e-01 5.383198857307434082e-01 8.110929131507873535e-01 -4.844755232334136963e-01 3.020172715187072754e-01 -9.099004864692687988e-01 3.732696175575256348e-01 -7.819447517395019531e-01 8.626583814620971680e-01 -1.841019541025161743e-01
8.108615279197692871e-01 -5.737807750701904297e-01 1.248008850961923599e-02 6.401103734970092773e-01 6.047303080558776855e-01 -7.052562236785888672e-01 5.365519523620605469e-01 4.769324064254760742e-01 7.776233553886413574e-01 -4.437704086303710938e-01 4.228006601333618164e-01 -9.031735062599182129e-01 4.749094247817993164e-01 -7.224005460739135742e-01 8.763488531112670898e-01 -7.372058182954788208e-02
8.084471225738525391e-01 -6.023435592651367188e-01 9.388029575347900391e-04 6.935559511184692383e-01 4.994837045669555664e-01 -7.191135287284851074e-01 4.386063814163208008e-01 4.009561836719512939e-01 7.440881133079528809e-01 -4.046003222465515137e-01 5.259001255035400391e-01 -8.911474943161010742e-01 5.687003135681152344e-01 -6.529387831687927246e-01 8.875533938407897949e-01 5.113817006349563599e-02
8.071033954620361328e-01 -6.279820799827575684e-01 -2.294364944100379944e-02 7.349100112915039062e-01 3.812800645828247070e-01 -7.310560941696166992e-01 3.176769614219665527e-01 3.128946423530578613e-01 7.121335268020629883e-01 -3.680595159530639648e-01 6.110489368438720703e-01 -8.709873557090759277e-01 6.512591242790222168e-01 -5.762905478477478027e-01 8.966124057769775391e-01 1.850202828645706177e-01
8.064431548118591309e-01 -6.512675285339355469e-01 -6.019955500960350037e-02 7.648609876632690430e-01 2.561159729957580566e-01 -7.410426735877990723e-01 1.767344176769256592e-01 2.164407968521118164e-01 6.829849481582641602e-01 -3.353039324283599854e-01 6.795421838760375977e-01 -8.383018374443054199e-01 7.209942340850830078e-01 -4.964300394058227539e-01 9.038504362106323242e-01 3.206157088279724121e-01
8.061710596084594727e-01 -6.726784110069274902e-01 -1.115005612373352051e-01 7.837428450584411621e-01 1.299689710140228271e-01 -7.489544749259948730e-01 2.282735705375671387e-02 1.156884580850601196e-01 6.572795510292053223e-01 -3.073498606681823730e-01 7.332931756973266602e-01 -7.867806553840637207e-01 7.779893875122070312e-01 -4.177381992340087891e-01 9.095463156700134277e-01 4.499870538711547852e-01
8.060909509658813477e-01 -6.925845742225646973e-01 -1.769397705793380737e-01 7.911783456802368164e-01 7.745638489723205566e-03 -7.545554041862487793e-01 -1.344290226697921753e-01 1.431772857904434204e-02 6.350914835929870605e-01 -2.849364280700683594e-01 7.742338776588439941e-01 -7.083165049552917480e-01 8.234599828720092773e-01 -3.440704345703125000e-01 9.139118194580078125e-01 5.662018060684204102e-01
8.060852289199829102e-01 -7.111706137657165527e-01 -2.558462619781494141e-01 7.856361865997314453e-01 -1.071169674396514893e-01 -7.574250698089599609e-01 -2.855793535709381104e-01 -8.493622392416000366e-02 6.160951256752014160e-01 -2.684608697891235352e-01 8.039965629577636719e-01 -5.942024588584899902e-01 8.591437339782714844e-01 -2.782659828662872314e-01 9.170725345611572266e-01 6.647024750709533691e-01
8.060880303382873535e-01 -7.282152175903320312e-01 -3.465849161148071289e-01 7.638208866119384766e-01 -2.125990986824035645e-01 -7.568467259407043457e-01 -4.235637485980987549e-01 -1.803606599569320679e-01 5.997640490531921387e-01 -2.579879760742187500e-01 8.237526416778564453e-01 -4.379499554634094238e-01 8.868371248245239258e-01 -2.222270369529724121e-01 9.190429449081420898e-01 7.438338994979858398e-01
8.060632348060607910e-01 -7.425114512443542480e-01 -4.462258219718933105e-01 7.200108170509338379e-01 -3.078045547008514404e-01 -7.516417503356933594e-01 -5.443495512008666992e-01 -2.709635496139526367e-01 5.855272412300109863e-01 -2.533633112907409668e-01 8.340986967086791992e-01 -2.396460473537445068e-01 9.081249237060546875e-01 -1.772307455539703369e-01 9.196816086769104004e-01 8.044541478157043457e-01
8.059909939765930176e-01 -7.504656314849853516e-01 -5.500657558441162109e-01 6.461290121078491211e-01 -3.925703167915344238e-01 -7.399862408638000488e-01 -6.462951898574829102e-01 -3.560210466384887695e-01 5.728588700294494629e-01 -2.544600665569305420e-01 8.349096179008483887e-01 -1.018790900707244873e-02 9.242645502090454102e-01 -1.441340744495391846e-01 9.186120629310607910e-01 8.490180969238281250e-01
8.058596253395080566e-01 -7.432786822319030762e-01 -6.514115929603576660e-01 5.345159173011779785e-01 -4.671191871166229248e-01 -7.193248271942138672e-01 -7.293326258659362793e-01 -4.347189068794250488e-01 5.613180398941040039e-01 -2.615234851837158203e-01 8.250899314880371094e-01 2.282238304615020752e-01 9.361729025840759277e-01 -1.234629228711128235e-01 9.150927066802978516e-01 8.806121945381164551e-01
8.056574463844299316e-01 -7.034896612167358398e-01 -7.425036430358886719e-01 3.847506344318389893e-01 -5.318934321403503418e-01 -6.865404248237609863e-01 -7.946375012397766113e-01 -5.060894489288330078e-01 5.505682229995727539e-01 -2.754670381546020508e-01 8.021191954612731934e-01 4.482126533985137939e-01 9.444780349731445312e-01 -1.156338676810264587e-01 9.078136086463928223e-01 9.022410511970520020e-01
