6.993632018566131592e-02 8.695425465703010559e-03 -1.363387405872344971e-01 1.710289716720581055e-02 -1.346992254257202148e-01 7.259601354598999023e-02 4.759811237454414368e-02 -1.743184775114059448e-01 3.266580775380134583e-02 -6.579628586769104004e-02 3.348185494542121887e-02 2.951072715222835541e-02 6.303101032972335815e-02 1.098829433321952820e-01 7.895366847515106201e-02 9.616331756114959717e-02
1.237682402133941650e-01 5.427226424217224121e-02 -2.758635282516479492e-01 -5.006224848330020905e-03 -2.522675991058349609e-01 1.499394923448562622e-01 -7.354293018579483032e-03 -3.025202155113220215e-01 5.614250153303146362e-02 -1.476602107286453247e-01 3.276623785495758057e-02 1.193259805440902710e-01 1.445595771074295044e-01 2.016238272190093994e-01 1.306173950433731079e-01 1.558772772550582886e-01
1.617374867200851440e-01 1.385081708431243896e-01 -4.112535119056701660e-01 -7.798285037279129028e-02 -3.554938435554504395e-01 2.457275688648223877e-01 -1.272453814744949341e-01 -3.970405459403991699e-01 7.809370011091232300e-02 -2.360765039920806885e-01 -8.913595229387283325e-03 2.580803930759429932e-01 2.217142581939697266e-01 2.561628222465515137e-01 1.540699750185012817e-01 1.796099394559860229e-01
1.844464689493179321e-01 2.592659890651702881e-01 -5.365808606147766113e-01 -1.949619650840759277e-01 -4.445362687110900879e-01 3.602206110954284668e-01 -2.717044055461883545e-01 -4.670121073722839355e-01 1.039738059043884277e-01 -3.250189125537872314e-01 -9.505186975002288818e-02 4.223071932792663574e-01 2.792043089866638184e-01 2.619110941886901855e-01 1.448538154363632202e-01 1.664543449878692627e-01
1.900622546672821045e-01 4.045154452323913574e-01 -6.465606093406677246e-01 -3.295733928680419922e-01 -5.183268785476684570e-01 4.829662442207336426e-01 -4.099014997482299805e-01 -5.175884366035461426e-01 1.386964917182922363e-01 -4.114145040512084961e-01 -2.166074216365814209e-01 5.810376405715942383e-01 3.073867559432983398e-01 2.117310166358947754e-01 9.420067071914672852e-02 1.195834800601005554e-01
1.728084087371826172e-01 5.538728833198547363e-01 -7.375332117080688477e-01 -4.560934603214263916e-01 -5.745453834533691406e-01 6.005749702453613281e-01 -5.243311524391174316e-01 -5.511380434036254883e-01 1.870283186435699463e-01 -4.930382370948791504e-01 -3.537504971027374268e-01 7.085753083229064941e-01 3.006337285041809082e-01 1.057044118642807007e-01 -6.038248538970947266e-03 4.957340285181999207e-02
1.239142790436744690e-01 6.871514916419982910e-01 -8.087267279624938965e-01 -5.632277131080627441e-01 -6.093029975891113281e-01 7.034740447998046875e-01 -6.070506572723388672e-01 -5.690917968750000000e-01 2.530288100242614746e-01 -5.672611594200134277e-01 -4.881876111030578613e-01 7.946751713752746582e-01 2.573291361331939697e-01 -4.346027225255966187e-02 -1.551826298236846924e-01 -2.916691452264785767e-02
3.593860194087028503e-02 7.923620939254760742e-01 -8.620225787162780762e-01 -6.500040292739868164e-01 -6.166090965270996094e-01 7.875454425811767578e-01 -6.545110940933227539e-01 -5.727978944778442383e-01 3.391485214233398438e-01 -6.315438151359558105e-01 -6.091942787170410156e-01 8.435258269309997559e-01 1.808468550443649292e-01 -2.119861543178558350e-01 -3.381022512912750244e-01 -1.055333018302917480e-01
-8.885364234447479248e-02 8.675814270973205566e-01 -9.005466699600219727e-01 -7.190102338790893555e-01 -5.891867876052856445e-01 8.526126146316528320e-01 -6.643972396850585938e-01 -5.631556510925292969e-01 4.447742104530334473e-01 -6.845768690109252930e-01 -7.117923498153686523e-01 8.652818202972412109e-01 7.979521155357360840e-02 -3.751518130302429199e-01 -5.269647240638732910e-01 -1.744584739208221436e-01
-2.279862761497497559e-01 9.175039529800415039e-01 -9.274834394454956055e-01 -7.733452916145324707e-01 -5.225218534469604492e-01 9.004203081130981445e-01 -6.350012421607971191e-01 -5.400189757347106934e-01 5.638321042060852051e-01 -7.268511056900024414e-01 -7.941838502883911133e-01 8.686215877532958984e-01 -3.417354077100753784e-02 -5.170156359672546387e-01 -6.914392709732055664e-01 -2.347695976495742798e-01
-3.385634124279022217e-01 9.489516019821166992e-01 -9.455564022064208984e-01 -8.158844113349914551e-01 -4.197541475296020508e-01 9.333055019378662109e-01 -5.673983097076416016e-01 -5.025630593299865723e-01 6.835589408874511719e-01 -7.604592442512512207e-01 -8.566907644271850586e-01 8.574353456497192383e-01 -1.502940356731414795e-01 -6.325004696846008301e-01 -8.119232058525085449e-01 -2.864401340484619141e-01
-3.811532557010650635e-01 9.680830836296081543e-01 -9.568809270858764648e-01 -8.491920828819274902e-01 -2.912234365940093994e-01 9.536764621734619141e-01 -4.692647755146026611e-01 -4.509685635566711426e-01 7.883982658386230469e-01 -7.884597778320312500e-01 -9.014136195182800293e-01 8.303368687629699707e-01 -2.613116800785064697e-01 -7.234454154968261719e-01 -8.857935667037963867e-01 -3.294310867786407471e-01
-3.460964262485504150e-01 9.794469475746154785e-01 -9.629473686218261719e-01 -8.754364252090454102e-01 -1.488947272300720215e-01 9.638002514839172363e-01 -3.545855283737182617e-01 -3.879176974296569824e-01 8.678625226020812988e-01 -8.138279318809509277e-01 -9.316759705543518066e-01 7.815978527069091797e-01 -3.633308112621307373e-01 -7.937541007995605469e-01 -9.225528836250305176e-01 -3.639528155326843262e-01
-2.492231428623199463e-01 9.860403537750244141e-01 -9.646354913711547852e-01 -8.962846994400024414e-01 -2.190284430980682373e-03 9.654083251953125000e-01 -2.369205206632614136e-01 -3.181264698505401611e-01 9.207547903060913086e-01 -8.383437395095825195e-01 -9.510779380798339844e-01 7.031718492507934570e-01 -4.543243050575256348e-01 -8.468583226203918457e-01 -9.342400431632995605e-01 -3.909289836883544922e-01
-1.130594611167907715e-01 9.896927475929260254e-01 -9.621995091438293457e-01 -9.128836393356323242e-01 1.425729840993881226e-01 9.591354131698608398e-01 -1.240393444895744324e-01 -2.465775161981582642e-01 9.525367021560668945e-01 -8.622843027114868164e-01 -9.626290798187255859e-01 5.876266956329345703e-01 -5.331165194511413574e-01 -8.855972886085510254e-01 -9.290782213211059570e-01 -4.117944240570068359e-01
4.247041419148445129e-02 9.914418458938598633e-01 -9.552406072616577148e-01 -9.258992671966552734e-01 2.810147702693939209e-01 9.440300464630126953e-01 -1.817507296800613403e-02 -1.771284937858581543e-01 9.703881740570068359e-01 -8.849169611930847168e-01 -9.683698415756225586e-01 4.323773384094238281e-01 -5.991221666336059570e-01 -9.126983880996704102e-01 -9.099259376525878906e-01 -4.280068278312683105e-01
2.009994089603424072e-01 9.917954206466674805e-01 -9.427484273910522461e-01 -9.355403184890747070e-01 4.093509912490844727e-01 9.172514677047729492e-01 8.109608292579650879e-02 -1.120461598038673401e-01 9.801294803619384766e-01 -9.051226377487182617e-01 -9.694216847419738770e-01 2.451426982879638672e-01 -6.523115634918212891e-01 -9.308415651321411133e-01 -8.751283884048461914e-01 -4.407751262187957764e-01
3.486545085906982422e-01 9.908797740936279297e-01 -9.233546257019042969e-01 -9.415563941001892090e-01 5.237343311309814453e-01 8.742923736572265625e-01 1.742081493139266968e-01 -5.219433456659317017e-02 9.854526519775390625e-01 -9.218045473098754883e-01 -9.662714004516601562e-01 4.584226012229919434e-02 -6.930680274963378906e-01 -9.424933195114135742e-01 -8.203372955322265625e-01 -4.510141313076019287e-01
4.747005999088287354e-01 9.885020256042480469e-01 -8.958988189697265625e-01 -9.432893395423889160e-01 6.208151578903198242e-01 8.104735016822814941e-01 2.604350149631500244e-01 2.498608082532882690e-03 9.883489012718200684e-01 -9.341273903846740723e-01 -9.592067003250122070e-01 -1.416070461273193359e-01 -7.218846082687377930e-01 -9.497739076614379883e-01 -7.415635585784912109e-01 -4.593933224678039551e-01
5.739873647689819336e-01 9.841337203979492188e-01 -8.600242733955383301e-01 -9.398522377014160156e-01 6.991096735000610352e-01 7.236595749855041504e-01 3.383653759956359863e-01 5.251090973615646362e-02 9.897956848144531250e-01 -9.417101144790649414e-01 -9.487375020980834961e-01 -3.016990423202514648e-01 -7.390336394309997559e-01 -9.543533325195312500e-01 -6.385601162910461426e-01 -4.663951396942138672e-01
6.474235653877258301e-01 9.768125414848327637e-01 -8.163071870803833008e-01 -9.303484559059143066e-01 7.596439123153686523e-01 6.162023544311523438e-01 4.068861007690429688e-01 9.832835942506790161e-02 9.902706146240234375e-01 -9.446852803230285645e-01 -9.356803894042968750e-01 -4.307608008384704590e-01 -7.444159984588623047e-01 -9.573827981948852539e-01 -5.157502889633178711e-01 -4.723548889160156250e-01
6.993413567543029785e-01 9.649820327758789062e-01 -7.659469842910766602e-01 -9.139890074729919434e-01 8.051761388778686523e-01 4.944165945053100586e-01 4.655417799949645996e-01 1.403054147958755493e-01 9.900203347206115723e-01 -9.434939622879028320e-01 -9.208734035491943359e-01 -5.321246385574340820e-01 -7.376670837402343750e-01 -9.595494270324707031e-01 -3.805227279663085938e-01 -4.774884581565856934e-01
7.346316576004028320e-01 9.463293552398681641e-01 -7.104262113571166992e-01 -8.901115059852600098e-01 8.389433622360229492e-01 3.663339912891387939e-01 5.143644809722900391e-01 1.786995828151702881e-01 9.891745448112487793e-01 -9.385603070259094238e-01 -9.048543572425842285e-01 -6.111543774604797363e-01 -7.184385061264038086e-01 -9.612156748771667480e-01 -2.411925941705703735e-01 -4.819183051586151123e-01
7.573725581169128418e-01 9.177290201187133789e-01 -6.513072252273559570e-01 -8.581684231758117676e-01 8.638432025909423828e-01 2.394094020128250122e-01 5.536692142486572266e-01 2.137218862771987915e-01 9.877943396568298340e-01 -9.300726056098937988e-01 -8.877122402191162109e-01 -6.728888750076293945e-01 -6.867229342460632324e-01 -9.625437259674072266e-01 -1.054579168558120728e-01 -4.856956303119659424e-01
7.706062793731689453e-01 8.754749894142150879e-01 -5.901122093200683594e-01 -8.177036046981811523e-01 8.821480274200439453e-01 1.191500499844551086e-01 5.839833021163940430e-01 2.455462515354156494e-01 9.858939647674560547e-01 -9.179247617721557617e-01 -8.690752983093261719e-01 -7.213954925537109375e-01 -6.430753469467163086e-01 -9.635704159736633301e-01 2.081711590290069580e-02 -4.888136386871337891e-01
7.765556573867797852e-01 8.160285949707031250e-01 -5.282365083694458008e-01 -7.683124542236328125e-01 8.955119848251342773e-01 8.793883025646209717e-03 6.060507297515869141e-01 2.742929756641387939e-01 9.834463596343994141e-01 -9.017564058303833008e-01 -8.481359481811523438e-01 -7.597822546958923340e-01 -5.886113047599792480e-01 -9.642491340637207031e-01 1.342727243900299072e-01 -4.912089407444000244e-01
7.768995761871337891e-01 7.373354434967041016e-01 -4.668998420238494873e-01 -7.096078395843505859e-01 9.050769209861755371e-01 -9.032598137855529785e-02 6.208244562149047852e-01 3.000086247920989990e-01 9.803777933120727539e-01 -8.810378909111022949e-01 -8.236469030380249023e-01 -7.903769016265869141e-01 -5.247821807861328125e-01 -9.644730091094970703e-01 2.339432090520858765e-01 -4.927518367767333984e-01
7.729957103729248047e-01 6.402453184127807617e-01 -4.071466624736785889e-01 -6.412342786788940430e-01 9.115838408470153809e-01 -1.781809628009796143e-01 6.293978095054626465e-01 3.226501643657684326e-01 9.765557050704956055e-01 -8.551889657974243164e-01 -7.938677072525024414e-01 -8.149106502532958984e-01 -4.530463218688964844e-01 -9.640878438949584961e-01 3.205775618553161621e-01 -4.932270944118499756e-01
7.660300135612487793e-01 5.290374755859375000e-01 -3.498863875865936279e-01 -5.629606246948242188e-01 9.154562950134277344e-01 -2.554972767829895020e-01 6.328704357147216797e-01 3.420667052268981934e-01 9.717757701873779297e-01 -8.237388134002685547e-01 -7.564731836318969727e-01 -8.346678018569946289e-01 -3.745675086975097656e-01 -9.628950357437133789e-01 3.958207666873931885e-01 -4.923066794872283936e-01
7.570956945419311523e-01 4.103735387325286865e-01 -2.959442138671875000e-01 -4.748349785804748535e-01 9.168457984924316406e-01 -3.233527243137359619e-01 6.321761012077331543e-01 3.579687178134918213e-01 9.657487869262695312e-01 -7.865155935287475586e-01 -7.084712982177734375e-01 -8.505995273590087891e-01 -2.900180220603942871e-01 -9.606388807296752930e-01 4.615550041198730469e-01 -4.895172715187072754e-01
7.472103238105773926e-01 2.912344038486480713e-01 -2.460908740758895874e-01 -3.773433268070220947e-01 9.156355261802673340e-01 -3.829151690006256104e-01 6.279091238975524902e-01 3.698770701885223389e-01 9.580883979797363281e-01 -7.438107728958129883e-01 -6.462284326553344727e-01 -8.634054064750671387e-01 -1.995380073785781860e-01 -9.569766521453857422e-01 5.194878578186035156e-01 -4.842071235179901123e-01
7.372938394546508789e-01 1.771526336669921875e-01 -2.010398805141448975e-01 -2.715245485305786133e-01 9.113956689834594727e-01 -4.352895915508270264e-01 6.201827526092529297e-01 3.770526945590972900e-01 9.482999444007873535e-01 -6.964428424835205078e-01 -5.657764077186584473e-01 -8.735874891281127930e-01 -1.029039844870567322e-01 -9.514245390892028809e-01 5.709602236747741699e-01 -4.755194783210754395e-01
7.281303405761718750e-01 7.151414453983306885e-02 -1.614221930503845215e-01 -1.590472012758255005e-01 9.032847881317138672e-01 -4.814403653144836426e-01 6.085402965545654297e-01 3.784198760986328125e-01 9.357835054397583008e-01 -6.456756591796875000e-01 -4.636701941490173340e-01 -8.814840316772460938e-01 6.520748138427734375e-05 -9.432792067527770996e-01 6.169085502624511719e-01 -4.623831510543823242e-01
7.203288078308105469e-01 -2.423252910375595093e-02 -1.277560889720916748e-01 -4.229081422090530396e-02 8.898956775665283203e-01 -5.221573114395141602e-01 5.919463634490966797e-01 3.725194334983825684e-01 9.198793172836303711e-01 -5.930161476135253906e-01 -3.386166691780090332e-01 -8.872887492179870605e-01 1.088993176817893982e-01 -9.315197467803955078e-01 6.579128503799438477e-01 -4.435346424579620361e-01
7.142915725708007812e-01 -1.099829748272895813e-01 -1.004282161593437195e-01 7.557193189859390259e-02 8.690876364707946777e-01 -5.580451488494873047e-01 5.689057111740112305e-01 3.575667738914489746e-01 9.000009298324584961e-01 -5.399662256240844727e-01 -1.935428082942962646e-01 -8.910595774650573730e-01 2.218190580606460571e-01 -9.147196412086486816e-01 6.942851543426513672e-01 -4.175892472267150879e-01
7.101964950561523438e-01 -1.863868236541748047e-01 -7.969961315393447876e-02 1.906394213438034058e-01 8.379517197608947754e-01 -5.895336866378784180e-01 5.377496480941772461e-01 3.317119777202606201e-01 8.758752942085266113e-01 -4.878345429897308350e-01 -3.663263469934463501e-02 -8.927181959152221680e-01 3.353791534900665283e-01 -8.910346031188964844e-01 7.261801958084106445e-01 -3.831726908683776855e-01
7.079986333847045898e-01 -2.544135153293609619e-01 -6.575611233711242676e-02 2.987228035926818848e-01 7.931782007217407227e-01 -6.169183850288391113e-01 4.970519244670867920e-01 2.935218214988708496e-01 8.478028774261474609e-01 -4.377030134201049805e-01 1.204678863286972046e-01 -8.920305371284484863e-01 4.448605179786682129e-01 -8.583469390869140625e-01 7.537227869033813477e-01 -3.390999138355255127e-01
7.074624896049499512e-01 -3.150908648967742920e-01 -5.880567431449890137e-02 3.961529135704040527e-01 7.320138216018676758e-01 -6.404240727424621582e-01 4.459803700447082520e-01 2.424954026937484741e-01 8.167355060577392578e-01 -3.905363976955413818e-01 2.667669951915740967e-01 -8.885501027107238770e-01 5.454852581024169922e-01 -8.145740032196044922e-01 7.771195173263549805e-01 -2.845531105995178223e-01
7.082319259643554688e-01 -3.693763613700866699e-01 -5.918299406766891479e-02 4.804960787296295166e-01 6.535028815269470215e-01 -6.602587103843688965e-01 3.843500614166259766e-01 1.793120205402374268e-01 7.840609550476074219e-01 -3.472732901573181152e-01 3.952200412750244141e-01 -8.815059661865234375e-01 6.337826251983642578e-01 -7.580469846725463867e-01 7.967051863670349121e-01 -2.192121744155883789e-01
7.099171876907348633e-01 -4.181073904037475586e-01 -6.739516556262969971e-02 5.507274866104125977e-01 5.592213869094848633e-01 -6.766265034675598145e-01 3.123698234558105469e-01 1.057086214423179626e-01 7.512389421463012695e-01 -3.087576031684875488e-01 5.032290220260620117e-01 -8.696261644363403320e-01 7.082518339157104492e-01 -6.878994703292846680e-01 8.129141926765441895e-01 -1.433412730693817139e-01
7.121630907058715820e-01 -4.619908332824707031e-01 -8.407735079526901245e-02 6.068874597549438477e-01 4.529634118080139160e-01 -6.897025108337402344e-01 2.303608059883117676e-01 2.415744215250015259e-02 7.195104360580444336e-01 -2.755742967128753662e-01 5.912814140319824219e-01 -8.508951663970947266e-01 7.691449522972106934e-01 -6.044840216636657715e-01 8.262186646461486816e-01 -5.786962062120437622e-02
7.146808505058288574e-01 -5.016086101531982422e-01 -1.098870187997817993e-01 6.495377421379089355e-01 3.396371304988861084e-01 -6.995859146118164062e-01 1.387436389923095703e-01 -6.246145069599151611e-02 6.897630095481872559e-01 -2.479474097490310669e-01 6.613654494285583496e-01 -8.222447037696838379e-01 8.178089857101440430e-01 -5.097562074661254883e-01 8.370741605758666992e-01 3.551337495446205139e-02
7.172544002532958984e-01 -5.374212861061096191e-01 -1.453923434019088745e-01 6.792491078376770020e-01 2.240796834230422974e-01 -7.062459588050842285e-01 3.835456073284149170e-02 -1.511302888393402100e-01 6.625119447708129883e-01 -2.257656753063201904e-01 7.158862352371215820e-01 -7.792092561721801758e-01 8.560488820075988770e-01 -4.073923230171203613e-01 8.458872437477111816e-01 1.342831104993820190e-01
7.197344899177551270e-01 -5.697479248046875000e-01 -1.909940987825393677e-01 6.961674094200134277e-01 1.102788746356964111e-01 -7.094670534133911133e-01 -6.913085281848907471e-02 -2.389277815818786621e-01 6.379415392875671387e-01 -2.086979597806930542e-01 7.570835351943969727e-01 -7.156786918640136719e-01 8.857034444808959961e-01 -3.024234175682067871e-01 8.530002832412719727e-01 2.351116091012954712e-01
7.220284938812255859e-01 -5.986852645874023438e-01 -2.468808144330978394e-01 6.995989084243774414e-01 1.067377626895904541e-03 -7.087863683700561523e-01 -1.810094565153121948e-01 -3.232446610927581787e-01 6.159729957580566406e-01 -1.963301450014114380e-01 7.867522239685058594e-01 -6.240792870521545410e-01 9.084300994873046875e-01 -2.004303038120269775e-01 8.586832880973815918e-01 3.341107070446014404e-01
7.240881919860839844e-01 -6.238974928855895996e-01 -3.129662573337554932e-01 6.875320672988891602e-01 -1.018606498837471008e-01 -7.034130692481994629e-01 -2.937997579574584961e-01 -4.019616842269897461e-01 5.963413119316101074e-01 -1.882763952016830444e-01 8.060946464538574219e-01 -4.965746998786926270e-01 9.256243705749511719e-01 -1.066411584615707397e-01 8.631265759468078613e-01 4.273133873939514160e-01
7.258971929550170898e-01 -6.441265344619750977e-01 -3.886998891830444336e-01 6.560806035995483398e-01 -1.977434158325195312e-01 -6.921251416206359863e-01 -4.037798941135406494e-01 -4.735472798347473145e-01 5.786693096160888672e-01 -1.842636466026306152e-01 8.155908584594726562e-01 -3.279903829097747803e-01 9.384071826934814453e-01 -2.530881389975547791e-02 8.664273619651794434e-01 5.112683773040771484e-01
7.274599075317382812e-01 -6.561421155929565430e-01 -4.725999832153320312e-01 5.991456508636474609e-01 -2.864102721214294434e-01 -6.731747984886169434e-01 -5.074325799942016602e-01 -5.370498299598693848e-01 5.625345706939697266e-01 -1.842467039823532104e-01 8.148062229156494141e-01 -1.205790638923645020e-01 9.476387500762939453e-01 4.049256443977355957e-02 8.685644268989562988e-01 5.835185050964355469e-01
7.287942171096801758e-01 -6.528391838073730469e-01 -5.614750385284423828e-01 5.094098448753356934e-01 -3.678662478923797607e-01 -6.443168520927429199e-01 -6.016076803207397461e-01 -5.920139551162719727e-01 5.475247502326965332e-01 -1.886376589536666870e-01 8.020772933959960938e-01 1.113352924585342407e-01 9.539427161216735840e-01 8.874926716089248657e-02 8.693534731864929199e-01 6.427924633026123047e-01
7.299254536628723145e-01 -6.211619377136230469e-01 -6.498036980628967285e-01 3.825838267803192139e-01 -4.419754743576049805e-01 -6.031394600868225098e-01 -6.836890578269958496e-01 -6.383950114250183105e-01 5.332874059677124023e-01 -1.986556947231292725e-01 7.740517258644104004e-01 3.417008817195892334e-01 9.577400684356689453e-01 1.181762963533401489e-01 8.683760166168212891e-01 6.889119148254394531e-01
