3.705742955207824707e-02 1.322227530181407928e-03 -1.407359391450881958e-01 2.083845809102058411e-02 -1.665306240320205688e-01 6.157989054918289185e-02 4.150382056832313538e-02 -1.869677901268005371e-01 3.487844020128250122e-02 -6.337570399045944214e-02 3.601076453924179077e-02 4.966067522764205933e-02 5.466097965836524963e-02 1.375430673360824585e-01 7.006291300058364868e-02 1.354192942380905151e-01
6.354798376560211182e-02 4.355581849813461304e-02 -2.878601253032684326e-01 3.891728818416595459e-03 -2.964096963405609131e-01 1.296910792589187622e-01 -2.909277193248271942e-02 -3.329701423645019531e-01 5.406792461872100830e-02 -1.362991929054260254e-01 3.337438032031059265e-02 1.729124039411544800e-01 1.319898366928100586e-01 2.493186891078948975e-01 1.103180050849914551e-01 2.288119196891784668e-01
7.695168256759643555e-02 1.382061541080474854e-01 -4.322709441184997559e-01 -6.554733216762542725e-02 -4.028155803680419922e-01 2.232955098152160645e-01 -1.684139966964721680e-01 -4.458049535751342773e-01 6.804112344980239868e-02 -2.102987021207809448e-01 -1.225742325186729431e-02 3.431364893913269043e-01 2.069220244884490967e-01 3.199340105056762695e-01 1.146421432495117188e-01 2.765250802040100098e-01
7.475458830595016479e-02 2.855764031410217285e-01 -5.645986795425415039e-01 -1.804713606834411621e-01 -4.909208416938781738e-01 3.475856781005859375e-01 -3.288042247295379639e-01 -5.323984026908874512e-01 8.454121649265289307e-02 -2.819507122039794922e-01 -1.012659817934036255e-01 5.235370993614196777e-01 2.616542577743530273e-01 3.428518772125244141e-01 7.276733219623565674e-02 2.742024362087249756e-01
5.147542804479598999e-02 4.633462429046630859e-01 -6.767987012863159180e-01 -3.116322755813598633e-01 -5.624933242797851562e-01 4.910475611686706543e-01 -4.770032167434692383e-01 -5.970865488052368164e-01 1.103302761912345886e-01 -3.513209521770477295e-01 -2.206083834171295166e-01 6.805330514907836914e-01 2.832324206829071045e-01 3.141254782676696777e-01 -2.670778334140777588e-02 2.205589115619659424e-01
-2.926416695117950439e-03 6.360549330711364746e-01 -7.652722597122192383e-01 -4.332292079925537109e-01 -6.170578598976135254e-01 6.326665878295898438e-01 -5.977239608764648438e-01 -6.418694257736206055e-01 1.519469767808914185e-01 -4.184477627277374268e-01 -3.497072458267211914e-01 7.962573170661926270e-01 2.624508440494537354e-01 2.334944903850555420e-01 -1.828899234533309937e-01 1.244632601737976074e-01
-1.006049662828445435e-01 7.755544185638427734e-01 -8.313892483711242676e-01 -5.359089970588684082e-01 -6.520849466323852539e-01 7.537374496459960938e-01 -6.866497397422790527e-01 -6.669383049011230469e-01 2.151111215353012085e-01 -4.816291332244873047e-01 -4.740753173828125000e-01 8.701756596565246582e-01 1.964178681373596191e-01 1.099675968289375305e-01 -3.744851350784301758e-01 7.069833576679229736e-03
-2.481127828359603882e-01 8.719884753227233887e-01 -8.791928887367248535e-01 -6.198109388351440430e-01 -6.627219915390014648e-01 8.447829484939575195e-01 -7.430814504623413086e-01 -6.708204150199890137e-01 3.030465245246887207e-01 -5.381984114646911621e-01 -5.870185494422912598e-01 9.115333557128906250e-01 9.260116517543792725e-02 -3.757610172033309937e-02 -5.670355558395385742e-01 -1.084491014480590820e-01
-4.321857988834381104e-01 9.308289885520935059e-01 -9.130263328552246094e-01 -6.876379251480102539e-01 -6.425624489784240723e-01 9.059487581253051758e-01 -7.655321359634399414e-01 -6.504898071289062500e-01 4.138330817222595215e-01 -5.860961675643920898e-01 -6.854133605957031250e-01 9.309812784194946289e-01 -3.274475783109664917e-02 -1.878672689199447632e-01 -7.287664413452148438e-01 -2.086056172847747803e-01
-6.086127161979675293e-01 9.635941982269287109e-01 -9.364471435546875000e-01 -7.422309517860412598e-01 -5.867170095443725586e-01 9.431462287902832031e-01 -7.498258352279663086e-01 -6.021386981010437012e-01 5.381114482879638672e-01 -6.250707507133483887e-01 -7.674719095230102539e-01 9.360327720642089844e-01 -1.630757749080657959e-01 -3.267099559307098389e-01 -8.439129590988159180e-01 -2.899958789348602295e-01
-7.230314016342163086e-01 9.807591438293457031e-01 -9.520914554595947266e-01 -7.861793041229248047e-01 -4.951442480087280273e-01 9.635456800460815430e-01 -6.909191608428955078e-01 -5.240255594253540039e-01 6.606380939483642578e-01 -6.572358608245849609e-01 -8.324987292289733887e-01 9.295811653137207031e-01 -2.879027426242828369e-01 -4.504889845848083496e-01 -9.143168926239013672e-01 -3.537058830261230469e-01
-7.542430162429809570e-01 9.893978834152221680e-01 -9.618734121322631836e-01 -8.217670321464538574e-01 -3.731519281864166260e-01 9.728865623474121094e-01 -5.891789197921752930e-01 -4.198837578296661377e-01 7.666923403739929199e-01 -6.865720152854919434e-01 -8.812515139579772949e-01 9.094946384429931641e-01 -4.027172029018402100e-01 -5.615487098693847656e-01 -9.512197375297546387e-01 -4.019452333450317383e-01
-7.131457924842834473e-01 9.935886859893798828e-01 -9.671753644943237305e-01 -8.508440256118774414e-01 -2.297730445861816406e-01 9.746261835098266602e-01 -4.542370438575744629e-01 -2.981556355953216553e-01 8.481767773628234863e-01 -7.169539928436279297e-01 -9.159507155418395996e-01 8.684225082397460938e-01 -5.058366060256958008e-01 -6.608525514602661133e-01 -9.666653871536254883e-01 -4.375078082084655762e-01
-6.092442870140075684e-01 9.954669475555419922e-01 -9.688690900802612305e-01 -8.747937679290771484e-01 -7.533134520053863525e-02 9.699434041976928711e-01 -3.013961017131805420e-01 -1.693492233753204346e-01 9.046277999877929688e-01 -7.504630088806152344e-01 -9.395341873168945312e-01 7.938020825386047363e-01 -5.961353182792663574e-01 -7.459317445755004883e-01 -9.691617488861083984e-01 -4.634477794170379639e-01
-4.422684907913208008e-01 9.960546493530273438e-01 -9.671964049339294434e-01 -8.946051597595214844e-01 8.114236593246459961e-02 9.578250646591186523e-01 -1.454719454050064087e-01 -4.463731497526168823e-02 9.405603408813476562e-01 -7.873648405075073242e-01 -9.546858668327331543e-01 6.695934534072875977e-01 -6.725856661796569824e-01 -8.140171170234680176e-01 -9.624570012092590332e-01 -4.824385046958923340e-01
-2.161185145378112793e-01 9.957345724105834961e-01 -9.616094827651977539e-01 -9.108933806419372559e-01 2.331471443176269531e-01 9.347658157348632812e-01 3.727339208126068115e-03 6.657855212688446045e-02 9.622054696083068848e-01 -8.265469074249267578e-01 -9.632257223129272461e-01 4.845681786537170410e-01 -7.344014644622802734e-01 -8.645837306976318359e-01 -9.451867341995239258e-01 -4.964858293533325195e-01
4.632885754108428955e-02 9.944405555725097656e-01 -9.506585597991943359e-01 -9.237903356552124023e-01 3.758370876312255859e-01 8.941206336021423340e-01 1.420449614524841309e-01 1.593886017799377441e-01 9.750329256057739258e-01 -8.653705120086669922e-01 -9.658925533294677734e-01 2.497537732124328613e-01 -7.811137437820434570e-01 -8.993985652923583984e-01 -9.100040793418884277e-01 -5.070123672485351562e-01
3.018481731414794922e-01 9.916580915451049805e-01 -9.322651624679565430e-01 -9.327418804168701172e-01 5.040504932403564453e-01 8.268628716468811035e-01 2.680712938308715820e-01 2.339951545000076294e-01 9.826502203941345215e-01 -8.995673656463623047e-01 -9.625567197799682617e-01 5.497634410858154297e-03 -8.126624226570129395e-01 -9.216434955596923828e-01 -8.439612388610839844e-01 -5.150413513183593750e-01
5.098338723182678223e-01 9.863123893737792969e-01 -9.047796130180358887e-01 -9.364799857139587402e-01 6.122633814811706543e-01 7.270202636718750000e-01 3.803821206092834473e-01 2.939088940620422363e-01 9.870447516441345215e-01 -9.248424172401428223e-01 -9.531655311584472656e-01 -2.075813412666320801e-01 -8.294055461883544922e-01 -9.351122379302978516e-01 -7.364091873168945312e-01 -5.213322639465332031e-01
6.576665639877319336e-01 9.765045642852783203e-01 -8.679960370063781738e-01 -9.334058761596679688e-01 6.975868940353393555e-01 5.984715223312377930e-01 4.776236414909362793e-01 3.431622087955474854e-01 9.893349409103393555e-01 -9.396804571151733398e-01 -9.387537240982055664e-01 -3.754066824913024902e-01 -8.317674994468688965e-01 -9.432530403137207031e-01 -5.900717973709106445e-01 -5.264381766319274902e-01
7.549627423286437988e-01 9.590822458267211914e-01 -8.229727149009704590e-01 -9.220611453056335449e-01 7.613939642906188965e-01 4.538300335407257080e-01 5.593825578689575195e-01 3.847212493419647217e-01 9.902274012565612793e-01 -9.457502365112304688e-01 -9.211202859878540039e-01 -5.026177167892456055e-01 -8.199584484100341797e-01 -9.484946727752685547e-01 -4.191230237483978271e-01 -5.307249426841735840e-01
8.165742754936218262e-01 9.293434619903564453e-01 -7.713212966918945312e-01 -9.013506770133972168e-01 8.076312541961669922e-01 3.072639107704162598e-01 6.261072158813476562e-01 4.204936325550079346e-01 9.901618957519531250e-01 -9.456982612609863281e-01 -9.018323421478271484e-01 -5.984279513359069824e-01 -7.943084836006164551e-01 -9.522354006767272949e-01 -2.407077550888061523e-01 -5.344083309173583984e-01
8.546987771987915039e-01 8.813796043395996094e-01 -7.147151827812194824e-01 -8.705619573593139648e-01 8.406467437744140625e-01 1.691513806581497192e-01 6.787774562835693359e-01 4.517416059970855713e-01 9.893857240676879883e-01 -9.414231181144714355e-01 -8.817247152328491211e-01 -6.709760427474975586e-01 -7.558758258819580078e-01 -9.551485776901245117e-01 -6.989979743957519531e-02 -5.376008152961730957e-01
8.776121735572814941e-01 8.095830082893371582e-01 -6.546291112899780273e-01 -8.292659521102905273e-01 8.641047477722167969e-01 4.488957300782203674e-02 7.187598943710327148e-01 4.793412685394287109e-01 9.880170822143554688e-01 -9.337469935417175293e-01 -8.608862161636352539e-01 -7.263989448547363281e-01 -7.067493200302124023e-01 -9.574807882308959961e-01 8.299764990806579590e-02 -5.403438210487365723e-01
8.904988765716552734e-01 7.112769484519958496e-01 -5.922482609748840332e-01 -7.771658301353454590e-01 8.807339668273925781e-01 -6.392488628625869751e-02 7.477358579635620117e-01 5.039122700691223145e-01 9.860864877700805664e-01 -9.227154254913330078e-01 -8.388013839721679688e-01 -7.691467404365539551e-01 -6.497940421104431152e-01 -9.592505693435668945e-01 2.134289592504501343e-01 -5.426191687583923340e-01
8.965154886245727539e-01 5.891061425209045410e-01 -5.285244584083557129e-01 -7.140101194381713867e-01 8.924226760864257812e-01 -1.578837633132934570e-01 7.675753831863403320e-01 5.258893370628356934e-01 9.835557937622070312e-01 -9.079563617706298828e-01 -8.144689798355102539e-01 -8.024268150329589844e-01 -5.879846811294555664e-01 -9.603677392005920410e-01 3.216469585895538330e-01 -5.443418622016906738e-01
8.975992798805236816e-01 4.511179625988006592e-01 -4.643222093582153320e-01 -6.396636962890625000e-01 9.004023075103759766e-01 -2.385714054107666016e-01 7.801476716995239258e-01 5.455633401870727539e-01 9.803256988525390625e-01 -8.889670372009277344e-01 -7.864536046981811523e-01 -8.285588026046752930e-01 -5.237045884132385254e-01 -9.606991410255432129e-01 4.107157588005065918e-01 -5.453363060951232910e-01
8.949911594390869141e-01 3.080190718173980713e-01 -4.005610346794128418e-01 -5.542995929718017578e-01 9.054146409034729004e-01 -3.078688979148864746e-01 7.871254682540893555e-01 5.630986690521240234e-01 9.762396812438964844e-01 -8.653428554534912109e-01 -7.528876066207885742e-01 -8.492311239242553711e-01 -4.583095908164978027e-01 -9.600930213928222656e-01 4.846117794513702393e-01 -5.452985167503356934e-01
8.895485401153564453e-01 1.695668101310729980e-01 -3.382771015167236328e-01 -4.585772752761840820e-01 9.078308343887329102e-01 -3.675991892814636230e-01 7.898411750793457031e-01 5.785295367240905762e-01 9.710838794708251953e-01 -8.369473814964294434e-01 -7.114593386650085449e-01 -8.656815290451049805e-01 -3.920387327671051025e-01 -9.583680629730224609e-01 5.470075011253356934e-01 -5.437443852424621582e-01
8.819304704666137695e-01 4.235912114381790161e-02 -2.785894572734832764e-01 -3.537067472934722900e-01 9.077154994010925293e-01 -4.193724989891052246e-01 7.892100214958190918e-01 5.917366743087768555e-01 9.645802974700927734e-01 -8.040010333061218262e-01 -6.594273447990417480e-01 -8.788204193115234375e-01 -3.241959810256958008e-01 -9.552789926528930664e-01 6.007560491561889648e-01 -5.399457216262817383e-01
8.727122545242309570e-01 -7.044595479965209961e-02 -2.226119637489318848e-01 -2.414095103740692139e-01 9.048352837562561035e-01 -4.645449519157409668e-01 7.856947183609008789e-01 6.024041771888732910e-01 9.563724994659423828e-01 -7.670738101005554199e-01 -5.937230587005615234e-01 -8.893138170242309570e-01 -2.534689903259277344e-01 -9.504667520523071289e-01 6.478416919708251953e-01 -5.328559279441833496e-01
8.624570369720458984e-01 -1.682913005352020264e-01 -1.713672429323196411e-01 -1.238515451550483704e-01 8.986116647720336914e-01 -5.042328834533691406e-01 7.792782187461853027e-01 6.099537014961242676e-01 9.460076689720153809e-01 -7.269955277442932129e-01 -5.112576484680175781e-01 -8.976372480392456055e-01 -1.782711744308471680e-01 -9.433964490890502930e-01 6.895416975021362305e-01 -5.210329294204711914e-01
8.517526984214782715e-01 -2.521597743034362793e-01 -1.257369071245193481e-01 -3.604508936405181885e-03 8.880121707916259766e-01 -5.393435955047607422e-01 7.694238424301147461e-01 6.134545207023620605e-01 9.329279065132141113e-01 -6.847059726715087891e-01 -4.096082150936126709e-01 -9.041096568107604980e-01 -9.707187861204147339e-02 -9.332823157310485840e-01 7.266315221786499023e-01 -5.025787353515625000e-01
8.412141203880310059e-01 -3.237389922142028809e-01 -8.645683526992797852e-02 1.163615882396697998e-01 8.713824152946472168e-01 -5.706005692481994629e-01 7.550156116485595703e-01 6.115224957466125488e-01 9.164956808090209961e-01 -6.410812139511108398e-01 -2.881964743137359619e-01 -9.089115858078002930e-01 -8.751977235078811646e-03 -9.190095663070678711e-01 7.595567107200622559e-01 -4.751330912113189697e-01
8.314499855041503906e-01 -3.848947286605834961e-01 -5.415008217096328735e-02 2.327195405960083008e-01 8.462651968002319336e-01 -5.985573530197143555e-01 7.342921495437622070e-01 6.022550463676452637e-01 8.960930705070495605e-01 -5.967850685119628906e-01 -1.497171223163604736e-01 -9.120885729789733887e-01 8.696254342794418335e-02 -8.990888595581054688e-01 7.885616421699523926e-01 -4.359767735004425049e-01
8.229939937591552734e-01 -4.373894035816192627e-01 -2.938667684793472290e-02 3.419853448867797852e-01 8.093624711036682129e-01 -6.236082315444946289e-01 7.048047780990600586e-01 5.833057165145874023e-01 8.713256716728210449e-01 -5.522139668464660645e-01 -8.930042386054992676e-04 -9.135366678237915039e-01 1.890268921852111816e-01 -8.717183470726013184e-01 8.137900829315185547e-01 -3.823094666004180908e-01
8.162118792533874512e-01 -4.827593266963958740e-01 -1.275954023003578186e-02 4.409645795822143555e-01 7.569431066513061523e-01 -6.460104584693908691e-01 6.634564399719238281e-01 5.522223114967346191e-01 8.422955274581909180e-01 -5.075913071632385254e-01 1.486284136772155762e-01 -9.129611253738403320e-01 2.947788536548614502e-01 -8.350449204444885254e-01 8.353745937347412109e-01 -3.117296993732452393e-01
8.112226724624633789e-01 -5.222867131233215332e-01 -4.961010534316301346e-03 5.273144245147705078e-01 6.859550476074218750e-01 -6.659247279167175293e-01 6.066966652870178223e-01 5.070604085922241211e-01 8.097945451736450195e-01 -4.631917476654052734e-01 2.891862988471984863e-01 -9.097889065742492676e-01 4.001385569572448730e-01 -7.876328229904174805e-01 8.535097837448120117e-01 -2.228679507970809937e-01
8.078879117965698242e-01 -5.570213794708251953e-01 -6.832169368863105774e-03 5.998831987380981445e-01 5.955621004104614258e-01 -6.834607720375061035e-01 5.309827327728271484e-01 4.470519125461578369e-01 7.752529382705688477e-01 -4.195639789104461670e-01 4.139229655265808105e-01 -9.030091166496276855e-01 5.004300475120544434e-01 -7.290123701095581055e-01 8.684861660003662109e-01 -1.160485893487930298e-01
8.058871030807495117e-01 -5.878219604492187500e-01 -1.935021206736564636e-02 6.586067676544189453e-01 4.881123304367065430e-01 -6.987059712409973145e-01 4.336508214473724365e-01 3.730049729347229004e-01 7.404360771179199219e-01 -3.776041269302368164e-01 5.197417140007019043e-01 -8.909144997596740723e-01 5.915151834487915039e-01 -6.601168513298034668e-01 8.806731104850769043e-01 6.178393959999084473e-03
8.048362731933593750e-01 -6.153970360755920410e-01 -4.353486001491546631e-02 7.040755152702331543e-01 3.687009513378143311e-01 -7.117254137992858887e-01 3.142149150371551514e-01 2.872696220874786377e-01 7.070446610450744629e-01 -3.384520411491394043e-01 6.065407395362854004e-01 -8.707367181777954102e-01 6.706873774528503418e-01 -5.834417343139648438e-01 8.904712200164794922e-01 1.388444304466247559e-01
8.043862581253051758e-01 -6.403381228446960449e-01 -8.028528094291687012e-02 7.370229959487915039e-01 2.436345964670181274e-01 -7.225388884544372559e-01 1.756486892700195312e-01 1.933015435934066772e-01 6.763793826103210449e-01 -3.033053874969482422e-01 6.758941411972045898e-01 -8.382213115692138672e-01 7.369622588157653809e-01 -5.027556419372558594e-01 8.982615470886230469e-01 2.749636471271514893e-01
8.042718768119812012e-01 -6.631343364715576172e-01 -1.301807165145874023e-01 7.578790187835693359e-01 1.188518851995468140e-01 -7.310851812362670898e-01 2.469886094331741333e-02 9.496508538722991943e-02 6.491610407829284668e-01 -2.732479572296142578e-01 7.299786210060119629e-01 -7.873090505599975586e-01 7.908025979995727539e-01 -4.223344027996063232e-01 9.043686985969543457e-01 4.066524803638458252e-01
8.043166995048522949e-01 -6.841546297073364258e-01 -1.932817995548248291e-01 7.663749456405639648e-01 -1.005873084068298340e-03 -7.371767163276672363e-01 -1.294751465320587158e-01 -4.202641546726226807e-03 6.255350708961486816e-01 -2.491270154714584351e-01 7.709271907806396484e-01 -7.102861404418945312e-01 8.335752487182617188e-01 -3.460626602172851562e-01 9.090387225151062012e-01 5.267142653465270996e-01
8.044151663780212402e-01 -7.035644054412841797e-01 -2.689523696899414062e-01 7.611077427864074707e-01 -1.128599345684051514e-01 -7.404344081878662109e-01 -2.778132259845733643e-01 -1.014963686466217041e-01 6.052207946777343750e-01 -2.314769625663757324e-01 8.005043268203735352e-01 -5.989269018173217773e-01 8.670200109481811523e-01 -2.769126892089843750e-01 9.124222993850708008e-01 6.300674676895141602e-01
8.045085072517395020e-01 -7.210947871208190918e-01 -3.556717634201049805e-01 7.389931082725524902e-01 -2.150510847568511963e-01 -7.401831746101379395e-01 -4.134974479675292969e-01 -1.951486617326736450e-01 5.877084732055664062e-01 -2.205033302307128906e-01 8.199504017829895020e-01 -4.470827877521514893e-01 8.928686380386352539e-01 -2.169631123542785645e-01 9.145535826683044434e-01 7.144228816032409668e-01
8.045652508735656738e-01 -7.354632616043090820e-01 -4.507503211498260498e-01 6.947298049926757812e-01 -3.069908618927001953e-01 -7.353004813194274902e-01 -5.326436161994934082e-01 -2.840833067893981934e-01 5.724233984947204590e-01 -2.161692827939987183e-01 8.298727869987487793e-01 -2.546144127845764160e-01 9.126272201538085938e-01 -1.676813513040542603e-01 9.153108000755310059e-01 7.800632119178771973e-01
8.045685887336730957e-01 -7.430306077003479004e-01 -5.499291419982910156e-01 6.209861040115356445e-01 -3.887391686439514160e-01 -7.240440249443054199e-01 -6.337413787841796875e-01 -3.675146698951721191e-01 5.588251948356628418e-01 -2.184169143438339233e-01 8.300985097885131836e-01 -3.127697110176086426e-02 9.274883270263671875e-01 -1.301490664482116699e-01 9.143451452255249023e-01 8.290368318557739258e-01
8.045087456703186035e-01 -7.352026700973510742e-01 -6.471776962280273438e-01 5.109822154045104980e-01 -4.606433808803558350e-01 -7.039543986320495605e-01 -7.168018221855163574e-01 -4.446208477020263672e-01 5.464556217193603516e-01 -2.274943888187408447e-01 8.194211721420288086e-01 2.024968415498733521e-01 9.383252859115600586e-01 -1.051791608333587646e-01 9.109612703323364258e-01 8.642204999923706055e-01
8.043749332427978516e-01 -6.953524351119995117e-01 -7.354127168655395508e-01 3.645453751087188721e-01 -5.231774449348449707e-01 -6.719754338264465332e-01 -7.829204201698303223e-01 -5.144767761230468750e-01 5.349625945091247559e-01 -2.442566156387329102e-01 7.951534986495971680e-01 4.206990003585815430e-01 9.457405805587768555e-01 -9.351634979248046875e-02 9.039285182952880859e-01 8.885731697082519531e-01
