-1.436437014490365982e-02 -9.945528209209442139e-02 -6.303188204765319824e-02 8.622216433286666870e-02 -7.297307252883911133e-02 -3.791457414627075195e-02 -1.149046793580055237e-02 -1.176734417676925659e-01 1.947295852005481720e-02 -1.915478333830833435e-02 4.308550059795379639e-02 9.856044780462980270e-04 3.610183298587799072e-02 -7.445844355970621109e-03 7.713188230991363525e-02 1.989413052797317505e-01
-1.089945621788501740e-02 -1.601185351610183716e-01 -1.676576733589172363e-01 1.574951410293579102e-01 -1.671822369098663330e-01 -6.118147820234298706e-02 -5.861876904964447021e-02 -2.353727668523788452e-01 1.310480199754238129e-02 -4.049215093255043030e-02 8.857028931379318237e-02 6.021348759531974792e-02 1.228576079010963440e-01 4.391839727759361267e-02 1.376885324716567993e-01 3.714614510536193848e-01
-2.174478489905595779e-03 -1.834525763988494873e-01 -2.986245751380920410e-01 1.917154192924499512e-01 -2.814843952655792236e-01 -5.538848415017127991e-02 -1.566355973482131958e-01 -3.574599027633666992e-01 -2.275851555168628693e-03 -6.266010552644729614e-02 1.257231384515762329e-01 1.874253600835800171e-01 2.340677976608276367e-01 1.233633682131767273e-01 1.743123084306716919e-01 5.142552256584167480e-01
4.335003439337015152e-03 -1.558856368064880371e-01 -4.427576065063476562e-01 1.673238277435302734e-01 -4.031974375247955322e-01 -6.075788289308547974e-03 -2.940500080585479736e-01 -4.801504313945770264e-01 -1.798158138990402222e-02 -8.414805680513381958e-02 1.422861069440841675e-01 3.717605471611022949e-01 3.452465534210205078e-01 2.055947780609130859e-01 1.825332343578338623e-01 6.222512125968933105e-01
5.734640173614025116e-03 -5.694384872913360596e-02 -5.847550630569458008e-01 7.090682536363601685e-02 -5.190520286560058594e-01 9.560211002826690674e-02 -4.419879019260406494e-01 -5.952568054199218750e-01 -3.012696281075477600e-02 -1.050894260406494141e-01 1.250576674938201904e-01 5.753718614578247070e-01 4.404563307762145996e-01 2.775765061378479004e-01 1.552892625331878662e-01 6.911730766296386719e-01
4.939166828989982605e-04 1.102272272109985352e-01 -7.082803249359130859e-01 -7.863087952136993408e-02 -6.211657524108886719e-01 2.423248291015625000e-01 -5.746539831161499023e-01 -6.954667568206787109e-01 -3.657593578100204468e-02 -1.274864524602890015e-01 6.510812044143676758e-02 7.519288063049316406e-01 5.107077956199645996e-01 3.364966511726379395e-01 8.317182958126068115e-02 7.176710963249206543e-01
-1.396382786333560944e-02 3.102715313434600830e-01 -8.033806085586547852e-01 -2.372505962848663330e-01 -7.066805362701416016e-01 4.121889472007751465e-01 -6.808298230171203613e-01 -7.773279547691345215e-01 -3.526412695646286011e-02 -1.534429639577865601e-01 -2.977640926837921143e-02 8.740668296813964844e-01 5.503411293029785156e-01 3.838559389114379883e-01 -3.659147024154663086e-02 6.956579685211181641e-01
-4.198163002729415894e-02 5.044566392898559570e-01 -8.701823949813842773e-01 -3.773319125175476074e-01 -7.756254673004150391e-01 5.807561874389648438e-01 -7.608084678649902344e-01 -8.409086465835571289e-01 -2.382265403866767883e-02 -1.836597174406051636e-01 -1.390285491943359375e-01 9.426666498184204102e-01 5.548391938209533691e-01 4.220356047153472900e-01 -1.938008219003677368e-01 6.129808425903320312e-01
-8.972796052694320679e-02 6.686698198318481445e-01 -9.146795272827148438e-01 -4.928739666938781738e-01 -8.292228579521179199e-01 7.273313403129577637e-01 -8.191222548484802246e-01 -8.880071640014648438e-01 5.627050995826721191e-05 -2.177689224481582642e-01 -2.485540360212326050e-01 9.748831987380981445e-01 5.198550224304199219e-01 4.534703195095062256e-01 -3.695213496685028076e-01 4.578056335449218750e-01
-1.654319018125534058e-01 7.941303253173828125e-01 -9.436225295066833496e-01 -5.860137939453125000e-01 -8.689231872558593750e-01 8.387888669967651367e-01 -8.603643178939819336e-01 -9.208520650863647461e-01 3.860051929950714111e-02 -2.551276385784149170e-01 -3.537085056304931641e-01 9.880380630493164062e-01 4.414526820182800293e-01 4.804795682430267334e-01 -5.414946675300598145e-01 2.372883260250091553e-01
-2.779963612556457520e-01 8.816763758659362793e-01 -9.623101353645324707e-01 -6.603796482086181641e-01 -8.961026668548583984e-01 9.128171205520629883e-01 -8.876276016235351562e-01 -9.414583444595336914e-01 9.432069957256317139e-02 -2.950523793697357178e-01 -4.535350799560546875e-01 9.928637742996215820e-01 3.186900913715362549e-01 5.052053332328796387e-01 -6.899086833000183105e-01 -1.405045390129089355e-02
-4.299202561378479004e-01 9.371254444122314453e-01 -9.743727445602416992e-01 -7.194515466690063477e-01 -9.118838310241699219e-01 9.561905860900878906e-01 -9.018977880477905273e-01 -9.513742923736572266e-01 1.697029471397399902e-01 -3.365135490894317627e-01 -5.471688508987426758e-01 9.944134354591369629e-01 1.584310978651046753e-01 5.294324159622192383e-01 -8.033727407455444336e-01 -2.542833983898162842e-01
-6.041263937950134277e-01 9.688237905502319336e-01 -9.821631908416748047e-01 -7.663019895553588867e-01 -9.168195128440856934e-01 9.790260791778564453e-01 -9.017313122749328613e-01 -9.514151811599731445e-01 2.657721042633056641e-01 -3.780311346054077148e-01 -6.330622434616088867e-01 9.946833848953247070e-01 -2.268066257238388062e-02 5.537422299385070801e-01 -8.810780048370361328e-01 -4.565379619598388672e-01
-7.598917484283447266e-01 9.852899312973022461e-01 -9.871689081192016602e-01 -8.035826086997985840e-01 -9.105663895606994629e-01 9.900372028350830078e-01 -8.834047317504882812e-01 -9.412283897399902344e-01 3.796484470367431641e-01 -4.183939993381500244e-01 -7.094552516937255859e-01 9.943501949310302734e-01 -2.039929628372192383e-01 5.760860443115234375e-01 -9.295719861984252930e-01 -6.122940778732299805e-01
-8.606548905372619629e-01 9.931925535202026367e-01 -9.903103113174438477e-01 -8.335295915603637695e-01 -8.917121887207031250e-01 9.949527978897094727e-01 -8.428925275802612305e-01 -9.192767143249511719e-01 5.026986598968505859e-01 -4.577792286872863770e-01 -7.749230861663818359e-01 9.935173988342285156e-01 -3.694505095481872559e-01 5.910296440124511719e-01 -9.575114250183105469e-01 -7.243714332580566406e-01
-9.060124158859252930e-01 9.967556595802307129e-01 -9.921442270278930664e-01 -8.579312562942504883e-01 -8.578552603721618652e-01 9.969480037689208984e-01 -7.794659733772277832e-01 -8.831020593643188477e-01 6.225250959396362305e-01 -4.977340698242187500e-01 -8.288343548774719238e-01 9.919755458831787109e-01 -5.109120607376098633e-01 5.903849005699157715e-01 -9.722409248352050781e-01 -8.009533882141113281e-01
-9.179745316505432129e-01 9.982708692550659180e-01 -9.930092096328735352e-01 -8.781186342239379883e-01 -8.058971166610717773e-01 9.975672960281372070e-01 -6.964483857154846191e-01 -8.283501267433166504e-01 7.281959056854248047e-01 -5.394843816757202148e-01 -8.716235756874084473e-01 9.892797470092773438e-01 -6.261957883834838867e-01 5.644570589065551758e-01 -9.789170622825622559e-01 -8.517280817031860352e-01
-9.133151173591613770e-01 9.988532066345214844e-01 -9.931082725524902344e-01 -8.950432538986206055e-01 -7.321995496749877930e-01 9.974542856216430664e-01 -5.980873107910156250e-01 -7.472895383834838867e-01 8.135821223258972168e-01 -5.825768113136291504e-01 -9.045746326446533203e-01 9.845802187919616699e-01 -7.166266441345214844e-01 5.026222467422485352e-01 -9.808757305145263672e-01 -8.850370049476623535e-01
-8.973868489265441895e-01 9.990005493164062500e-01 -9.925355315208435059e-01 -9.093856811523437500e-01 -6.323517560958862305e-01 9.967613816261291504e-01 -4.866131544113159180e-01 -6.293817162513732910e-01 8.773632049560546875e-01 -6.250244975090026855e-01 -9.293352365493774414e-01 9.759746193885803223e-01 -7.855565547943115234e-01 3.927111029624938965e-01 -9.801505208015441895e-01 -9.068207144737243652e-01
-8.672971129417419434e-01 9.989100694656372070e-01 -9.912838935852050781e-01 -9.216334223747253418e-01 -5.011451244354248047e-01 9.952758550643920898e-01 -3.612819910049438477e-01 -4.653030037879943848e-01 9.216516017913818359e-01 -6.642557978630065918e-01 -9.475269317626953125e-01 9.587563276290893555e-01 -8.371967077255249023e-01 2.217282056808471680e-01 -9.778342247009277344e-01 -9.209483861923217773e-01
-8.120633363723754883e-01 9.986255168914794922e-01 -9.892514348030090332e-01 -9.321284294128417969e-01 -3.346572816371917725e-01 9.922447204589843750e-01 -2.199803888797760010e-01 -2.561243474483489990e-01 9.504591822624206543e-01 -6.984118819236755371e-01 -9.605180621147155762e-01 9.205970764160156250e-01 -8.756327629089355469e-01 -1.598858833312988281e-02 -9.742499589920043945e-01 -9.298999905586242676e-01
-7.083706259727478027e-01 9.980849027633666992e-01 -9.862081408500671387e-01 -9.410938024520874023e-01 -1.362372338771820068e-01 9.856408238410949707e-01 -6.409985572099685669e-02 -2.512960135936737061e-02 9.683549404144287109e-01 -7.280435562133789062e-01 -9.692912697792053223e-01 8.302633762359619141e-01 -9.041735529899597168e-01 -2.993952929973602295e-01 -9.687915444374084473e-01 -9.353541135787963867e-01
-5.194042325019836426e-01 9.970639944076538086e-01 -9.815363883972167969e-01 -9.486277103424072266e-01 7.847349345684051514e-02 9.699912667274475098e-01 9.747628867626190186e-02 1.858602017164230347e-01 9.794288873672485352e-01 -7.578721046447753906e-01 -9.743015766143798828e-01 6.308751106262207031e-01 -9.250764846801757812e-01 -5.706018805503845215e-01 -9.587641358375549316e-01 -9.385626316070556641e-01
-2.189518809318542480e-01 9.948494434356689453e-01 -9.733883142471313477e-01 -9.545539021492004395e-01 2.877620458602905273e-01 9.303621053695678711e-01 2.532540857791900635e-01 3.461939096450805664e-01 9.866136908531188965e-01 -7.958771586418151855e-01 -9.751168489456176758e-01 3.106083571910858154e-01 -9.396220445632934570e-01 -7.703684568405151367e-01 -9.351187348365783691e-01 -9.404572248458862305e-01
1.417818367481231689e-01 9.893834590911865234e-01 -9.574827551841735840e-01 -9.579140543937683105e-01 4.722999632358551025e-01 8.338423371315002441e-01 3.952021598815917969e-01 4.546491503715515137e-01 9.912929534912109375e-01 -8.428796529769897461e-01 -9.698452949523925781e-01 -6.146773695945739746e-03 -9.484415054321289062e-01 -8.847624659538269043e-01 -8.751373291015625000e-01 -9.416206479072570801e-01
4.388273358345031738e-01 9.761370420455932617e-01 -9.278700947761535645e-01 -9.566172361373901367e-01 6.175174713134765625e-01 6.542890071868896484e-01 5.180145502090454102e-01 5.268478989601135254e-01 9.938505887985229492e-01 -8.826763033866882324e-01 -9.566788673400878906e-01 -2.333177775144577026e-01 -9.516140222549438477e-01 -9.387418031692504883e-01 -7.558155059814453125e-01 -9.423614144325256348e-01
6.329027414321899414e-01 9.449958801269531250e-01 -8.799767494201660156e-01 -9.476425051689147949e-01 7.215777635574340820e-01 4.198392629623413086e-01 6.199573874473571777e-01 5.774343609809875488e-01 9.947968125343322754e-01 -9.017591476440429688e-01 -9.370428323745727539e-01 -3.850927352905273438e-01 -9.485399723052978516e-01 -9.620053172111511230e-01 -5.841869711875915527e-01 -9.428423643112182617e-01
7.492747902870178223e-01 8.759858608245849609e-01 -8.119761943817138672e-01 -9.273748397827148438e-01 7.927775979042053223e-01 1.845549941062927246e-01 7.013297080993652344e-01 6.149567365646362305e-01 9.946608543395996094e-01 -9.027519226074218750e-01 -9.138341546058654785e-01 -4.890650510787963867e-01 -9.383429884910583496e-01 -9.729837179183959961e-01 -3.819470405578613281e-01 -9.431225657463073730e-01
8.150781989097595215e-01 7.450069189071655273e-01 -7.248528003692626953e-01 -8.921867609024047852e-01 8.409914970397949219e-01 -1.793412864208221436e-02 7.631269693374633789e-01 6.441973447799682617e-01 9.936944842338562012e-01 -8.917634487152099609e-01 -8.890293836593627930e-01 -5.630136132240295410e-01 -9.210684299468994141e-01 -9.792308211326599121e-01 -1.725346297025680542e-01 -9.431896209716796875e-01
8.491621017456054688e-01 5.480741262435913086e-01 -6.211606860160827637e-01 -8.387562632560729980e-01 8.740097284317016602e-01 -1.793170571327209473e-01 8.074375391006469727e-01 6.679785251617431641e-01 9.918811321258544922e-01 -8.709029555320739746e-01 -8.632577657699584961e-01 -6.173728108406066895e-01 -8.984698057174682617e-01 -9.832515716552734375e-01 2.174011617898941040e-02 -9.429818391799926758e-01
8.627533912658691406e-01 3.166405856609344482e-01 -5.039757490158081055e-01 -7.646651268005371094e-01 8.971656560897827148e-01 -3.039453625679016113e-01 8.375285267829895020e-01 6.880360245704650879e-01 9.889994859695434570e-01 -8.388485908508300781e-01 -8.360455036163330078e-01 -6.584538817405700684e-01 -8.736587762832641602e-01 -9.859428405761718750e-01 1.860093474388122559e-01 -9.423938989639282227e-01
8.618344068527221680e-01 9.223313629627227783e-02 -3.773902654647827148e-01 -6.699110269546508789e-01 9.138724803924560547e-01 -3.998578786849975586e-01 8.571182489395141602e-01 7.054947018623352051e-01 9.846776127815246582e-01 -7.930760979652404785e-01 -8.061090111732482910e-01 -6.902105808258056641e-01 -8.499174118041992188e-01 -9.877289533615112305e-01 3.169322907924652100e-01 -9.412744045257568359e-01
8.490488529205322266e-01 -1.012288257479667664e-01 -2.468433976173400879e-01 -5.576055645942687988e-01 9.262396693229675293e-01 -4.746221303939819336e-01 8.695807456970214844e-01 7.211123108863830566e-01 9.783970117568969727e-01 -7.317335605621337891e-01 -7.714080214500427246e-01 -7.152346372604370117e-01 -8.293246030807495117e-01 -9.888404607772827148e-01 4.195008873939514160e-01 -9.394099712371826172e-01
8.250072002410888672e-01 -2.581689655780792236e-01 -1.181638911366462708e-01 -4.326964020729064941e-01 9.355528950691223145e-01 -5.339904427528381348e-01 8.776137232780456543e-01 7.354044318199157715e-01 9.693957567214965820e-01 -6.548845767974853516e-01 -7.290369272232055664e-01 -7.353192567825317383e-01 -8.122750520706176758e-01 -9.893815517425537109e-01 5.008206367492675781e-01 -9.364832043647766113e-01
7.892931699752807617e-01 -3.820698857307434082e-01 3.696061670780181885e-03 -3.001493513584136963e-01 9.425874948501586914e-01 -5.820041298866271973e-01 8.832204937934875488e-01 7.487190365791320801e-01 9.564948081970214844e-01 -5.651838183403015137e-01 -6.751368641853332520e-01 -7.517490386962890625e-01 -7.979592084884643555e-01 -9.893647432327270508e-01 5.667865276336669922e-01 -9.320009350776672363e-01
7.412979602813720703e-01 -4.790366590023040771e-01 1.153482347726821899e-01 -1.639259010553359985e-01 9.477872848510742188e-01 -6.214785575866699219e-01 8.877463340759277344e-01 7.612817287445068359e-01 9.378749132156372070e-01 -4.677755236625671387e-01 -6.050062775611877441e-01 -7.654535770416259766e-01 -7.850267887115478516e-01 -9.887178540229797363e-01 6.215385198593139648e-01 -9.251815080642700195e-01
6.809210777282714844e-01 -5.550285577774047852e-01 2.150126844644546509e-01 -2.695078402757644653e-02 9.513488411903381348e-01 -6.544148325920104980e-01 8.919029235839843750e-01 7.732126116752624512e-01 9.108029603958129883e-01 -3.692011833190917969e-01 -5.136799812316894531e-01 -7.771015167236328125e-01 -7.720092535018920898e-01 -9.872578978538513184e-01 6.678304672241210938e-01 -9.147760868072509766e-01
6.091172695159912109e-01 -6.150109767913818359e-01 3.021996617317199707e-01 1.082782596349716187e-01 9.532353878021240234e-01 -6.822684407234191895e-01 8.958283662796020508e-01 7.845100164413452148e-01 8.712990283966064453e-01 -2.756551504135131836e-01 -3.972870707511901855e-01 -7.871683835983276367e-01 -7.574906349182128906e-01 -9.846259355545043945e-01 7.074471712112426758e-01 -8.987882137298583984e-01
5.282665491104125977e-01 -6.628668308258056641e-01 3.772890269756317139e-01 2.389719337224960327e-01 9.531198740005493164e-01 -7.061149477958679199e-01 8.992117643356323242e-01 7.949915528297424316e-01 8.138298988342285156e-01 -1.914005726575851440e-01 -2.552590072154998779e-01 -7.959870100021362305e-01 -7.401179075241088867e-01 -9.801627397537231445e-01 7.415024042129516602e-01 -8.740657567977905273e-01
4.423636496067047119e-01 -7.015417218208312988e-01 4.411510229110717773e-01 3.617918789386749268e-01 9.502303600311279297e-01 -7.267561554908752441e-01 9.014421701431274414e-01 8.041762709617614746e-01 7.314344048500061035e-01 -1.179883480072021484e-01 -9.268449991941452026e-02 -8.037840127944946289e-01 -7.185012102127075195e-01 -9.726901054382324219e-01 7.706532478332519531e-01 -8.358078598976135254e-01
3.569224178791046143e-01 -7.332248687744140625e-01 4.948621690273284912e-01 4.733695387840270996e-01 9.430451989173889160e-01 -7.447950839996337891e-01 9.017082452774047852e-01 8.110929727554321289e-01 6.171953678131103516e-01 -5.441445857286453247e-02 7.906301319599151611e-02 -8.106999993324279785e-01 -6.910017132759094238e-01 -9.601535797119140625e-01 7.952868342399597168e-01 -7.772414088249206543e-01
2.783268392086029053e-01 -7.595069408416748047e-01 5.395105481147766113e-01 5.712968707084655762e-01 9.287780523300170898e-01 -7.606950402259826660e-01 8.989948034286499023e-01 8.140156865119934082e-01 4.679431617259979248e-01 1.937387511134147644e-03 2.452755868434906006e-01 -8.167869448661804199e-01 -6.553781032562255859e-01 -9.391187429428100586e-01 8.157063126564025879e-01 -6.900947093963623047e-01
2.125220000743865967e-01 -7.815135717391967773e-01 5.760445594787597656e-01 6.547745466232299805e-01 9.026854634284973145e-01 -7.748276591300964355e-01 8.919753432273864746e-01 8.101652264595031738e-01 2.892833054065704346e-01 5.379170924425125122e-02 3.933546245098114014e-01 -8.219693303108215332e-01 -6.083083748817443848e-01 -9.042985439300537109e-01 8.322995901107788086e-01 -5.667054057121276855e-01
1.635156273841857910e-01 -8.000301122665405273e-01 6.050890684127807617e-01 7.244257926940917969e-01 8.576195836067199707e-01 -7.875044345855712891e-01 8.788492679595947266e-01 7.954551577568054199e-01 9.799232333898544312e-02 1.024693399667739868e-01 5.167528390884399414e-01 -8.259469270706176758e-01 -5.450314879417419434e-01 -8.488236665725708008e-01 8.456323742866516113e-01 -4.037264883518218994e-01
1.324662715196609497e-01 -8.156300783157348633e-01 6.266460418701171875e-01 7.816101312637329102e-01 7.849451303482055664e-01 -7.989825606346130371e-01 8.571981191635131836e-01 7.643873095512390137e-01 -8.283404260873794556e-02 1.473293900489807129e-01 6.150878667831420898e-01 -8.280015587806701660e-01 -4.598281979560852051e-01 -7.665753364562988281e-01 8.564113378524780273e-01 -2.052505314350128174e-01
1.177225857973098755e-01 -8.287944197654724121e-01 6.396030783653259277e-01 8.278519511222839355e-01 6.777619123458862305e-01 -8.094479441642761230e-01 8.238724470138549805e-01 7.103101015090942383e-01 -2.344247400760650635e-01 1.866241693496704102e-01 6.917402744293212891e-01 -8.266434073448181152e-01 -3.484351336956024170e-01 -6.566861867904663086e-01 8.653198480606079102e-01 1.715725660324096680e-02
1.155704706907272339e-01 -8.399849534034729004e-01 6.409803628921508789e-01 8.645995855331420898e-01 5.349053740501403809e-01 -8.189918994903564453e-01 7.748916745185852051e-01 6.265554428100585938e-01 -3.494952321052551270e-01 2.187775671482086182e-01 7.512364387512207031e-01 -8.189986944198608398e-01 -2.123557031154632568e-01 -5.264008045196533203e-01 8.728359937667846680e-01 2.464707642793655396e-01
1.213430613279342651e-01 -8.496521711349487305e-01 6.249794960021972656e-01 8.931522965431213379e-01 3.625446856021881104e-01 -8.275991678237915039e-01 7.056843042373657227e-01 5.090059638023376465e-01 -4.308353960514068604e-01 2.428610324859619141e-01 7.976452708244323730e-01 -7.998563647270202637e-01 -6.141602993011474609e-02 -3.883213996887207031e-01 8.791848421096801758e-01 4.623028934001922607e-01
1.307245641946792603e-01 -8.582010865211486816e-01 5.824320316314697266e-01 9.145981073379516602e-01 1.726439893245697021e-01 -8.351445794105529785e-01 6.121738553047180176e-01 3.592248857021331787e-01 -4.858846366405487061e-01 2.584250867366790771e-01 8.340587615966796875e-01 -7.604591250419616699e-01 8.998799324035644531e-02 -2.546384930610656738e-01 8.844368457794189453e-01 6.449781656265258789e-01
1.407308280467987061e-01 -8.659304976463317871e-01 5.020516514778137207e-01 9.297257661819458008e-01 -2.034661173820495605e-02 -8.413767814636230469e-01 4.919844269752502441e-01 1.855096220970153809e-01 -5.224186778068542480e-01 2.653920650482177734e-01 8.626594543457031250e-01 -6.874770522117614746e-01 2.300714552402496338e-01 -1.334709525108337402e-01 8.886240720748901367e-01 7.822552919387817383e-01
