-8.044607006013393402e-03 -1.002989336848258972e-01 -6.264744699001312256e-02 7.979366928339004517e-02 -6.386602669954299927e-02 -3.708347305655479431e-02 -3.485790919512510300e-03 -1.160144731402397156e-01 1.286545302718877792e-02 -1.735664717853069305e-02 3.562741726636886597e-02 -2.054730895906686783e-03 3.577867895364761353e-02 -4.092498682439327240e-03 7.789141684770584106e-02 1.913381069898605347e-01
1.798648387193679810e-03 -1.621286422014236450e-01 -1.637333631515502930e-01 1.471526771783828735e-01 -1.506649851799011230e-01 -5.991191416978836060e-02 -4.272430762648582458e-02 -2.289176285266876221e-01 2.702427096664905548e-03 -3.854912146925926208e-02 7.451104372739791870e-02 4.811039194464683533e-02 1.198147386312484741e-01 5.017713084816932678e-02 1.399734616279602051e-01 3.569061160087585449e-01
1.562553644180297852e-02 -1.880895048379898071e-01 -2.889854609966278076e-01 1.811330616474151611e-01 -2.599726617336273193e-01 -5.587646365165710449e-02 -1.324122250080108643e-01 -3.446482717990875244e-01 -1.476797182112932205e-02 -6.240912526845932007e-02 1.069318503141403198e-01 1.606483757495880127e-01 2.280293405055999756e-01 1.343630254268646240e-01 1.800985932350158691e-01 4.953321516513824463e-01
2.624886855483055115e-02 -1.681458950042724609e-01 -4.268063902854919434e-01 1.625335216522216797e-01 -3.800364136695861816e-01 -1.264295727014541626e-02 -2.637538313865661621e-01 -4.617937207221984863e-01 -3.178542107343673706e-02 -8.729165792465209961e-02 1.214405819773674011e-01 3.300142288208007812e-01 3.373715579509735107e-01 2.236855626106262207e-01 1.947429776191711426e-01 6.021442413330078125e-01
3.142652288079261780e-02 -8.417108654975891113e-02 -5.643771886825561523e-01 7.864245772361755371e-02 -4.973909854888916016e-01 7.860318571329116821e-02 -4.107976555824279785e-01 -5.739823579788208008e-01 -4.507356137037277222e-02 -1.129107624292373657e-01 1.057875081896781921e-01 5.262987613677978516e-01 4.323945641517639160e-01 3.036667108535766602e-01 1.785926371812820435e-01 6.726436018943786621e-01
3.040173277258872986e-02 6.709067523479461670e-02 -6.874054670333862305e-01 -5.832104012370109558e-02 -6.028831601142883301e-01 2.147928327322006226e-01 -5.474717617034912109e-01 -6.741160154342651367e-01 -5.295469611883163452e-02 -1.408219635486602783e-01 5.098740383982658386e-02 7.067453265190124512e-01 5.045454502105712891e-01 3.696119785308837891e-01 1.236590072512626648e-01 7.030943632125854492e-01
2.158096618950366974e-02 2.583664953708648682e-01 -7.854566574096679688e-01 -2.107064127922058105e-01 -6.922205090522766113e-01 3.782849907875061035e-01 -6.598896980285644531e-01 -7.576808929443359375e-01 -5.373456701636314392e-02 -1.729067265987396240e-01 -3.885035961866378784e-02 8.404644727706909180e-01 5.489768981933593750e-01 4.216536879539489746e-01 2.513233572244644165e-02 6.886374950408935547e-01
1.825088635087013245e-03 4.523648023605346680e-01 -8.564897179603576660e-01 -3.492571115493774414e-01 -7.644730210304260254e-01 5.455451011657714844e-01 -7.459821701049804688e-01 -8.234601020812988281e-01 -4.523597657680511475e-02 -2.096485346555709839e-01 -1.463920176029205322e-01 9.217154979705810547e-01 5.623085498809814453e-01 4.612317085266113281e-01 -1.113618463277816772e-01 6.206657886505126953e-01
-3.344654291868209839e-02 6.225964426994323730e-01 -9.048383831977844238e-01 -4.652508497238159180e-01 -8.205844163894653320e-01 6.953412890434265137e-01 -8.092901706695556641e-01 -8.724586963653564453e-01 -2.510543912649154663e-02 -2.502981722354888916e-01 -2.566676735877990723e-01 9.632762670516967773e-01 5.414443612098693848e-01 4.901514053344726562e-01 -2.714003920555114746e-01 4.897345304489135742e-01
-9.043306857347488403e-02 7.572191953659057617e-01 -9.366695880889892578e-01 -5.597615242004394531e-01 -8.622214794158935547e-01 8.132523298263549805e-01 -8.543457984924316406e-01 -9.066843986511230469e-01 8.864810690283775330e-03 -2.938397824764251709e-01 -3.631844520568847656e-01 9.818035364151000977e-01 4.832324385643005371e-01 5.104259252548217773e-01 -4.369256794452667236e-01 2.970088720321655273e-01
-1.769638061523437500e-01 8.547536730766296387e-01 -9.573115110397338867e-01 -6.361048817634582520e-01 -8.912014961242675781e-01 8.948489427566528320e-01 -8.846769332885742188e-01 -9.283198118209838867e-01 5.886891484260559082e-02 -3.394364118576049805e-01 -4.640379548072814941e-01 9.892118573188781738e-01 3.857168555259704590e-01 5.241858363151550293e-01 -5.903813242912292480e-01 6.428477168083190918e-02
-2.999657988548278809e-01 9.194102287292480469e-01 -9.706084728240966797e-01 -6.975668072700500488e-01 -9.092007875442504883e-01 9.448995590209960938e-01 -9.020453691482543945e-01 -9.391923546791076660e-01 1.270693093538284302e-01 -3.862668275833129883e-01 -5.582653880119323730e-01 9.918115139007568359e-01 2.516700923442840576e-01 5.336002111434936523e-01 -7.186845541000366211e-01 -1.729120165109634399e-01
-4.576112031936645508e-01 9.583584070205688477e-01 -9.791333675384521484e-01 -7.469990253448486328e-01 -9.174572825431823730e-01 9.725549817085266113e-01 -9.061229825019836426e-01 -9.403533935546875000e-01 2.147976905107498169e-01 -4.332430064678192139e-01 -6.445228457450866699e-01 9.923824667930603027e-01 9.198282659053802490e-02 5.404196977615356445e-01 -8.160189986228942871e-01 -3.839166760444641113e-01
-6.283487081527709961e-01 9.796786904335021973e-01 -9.845536947250366211e-01 -7.868225574493408203e-01 -9.164951443672180176e-01 9.865711927413940430e-01 -8.944594860076904297e-01 -9.316158890724182129e-01 3.208981156349182129e-01 -4.791402220726013184e-01 -7.212148904800415039e-01 9.920133352279663086e-01 -7.639102637767791748e-02 5.448018312454223633e-01 -8.837013244628906250e-01 -5.536557435989379883e-01
-7.727020382881164551e-01 9.903942942619323730e-01 -9.879236817359924316e-01 -8.190906643867492676e-01 -9.059312939643859863e-01 9.931707382202148438e-01 -8.634139895439147949e-01 -9.113445281982421875e-01 4.398817420005798340e-01 -5.232312679290771484e-01 -7.870019078254699707e-01 9.910299777984619141e-01 -2.374621033668518066e-01 5.437448620796203613e-01 -9.273681044578552246e-01 -6.804849505424499512e-01
-8.617898225784301758e-01 9.954130649566650391e-01 -9.898787736892700195e-01 -8.455226421356201172e-01 -8.843083977699279785e-01 9.960440397262573242e-01 -8.108623623847961426e-01 -8.769410252571105957e-01 5.617941617965698242e-01 -5.658743977546691895e-01 -8.411787748336791992e-01 9.893072247505187988e-01 -3.813194930553436279e-01 5.301056504249572754e-01 -9.536632299423217773e-01 -7.698966264724731445e-01
-8.997261524200439453e-01 9.976212978363037109e-01 -9.907804727554321289e-01 -8.674884438514709473e-01 -8.489649295806884766e-01 9.971132874488830566e-01 -7.385617494583129883e-01 -8.251877427101135254e-01 6.752787828445434570e-01 -6.081246137619018555e-01 -8.839451670646667480e-01 9.863538146018981934e-01 -5.040950775146484375e-01 4.932096004486083984e-01 -9.682518243789672852e-01 -8.301987648010253906e-01
-9.068337678909301758e-01 9.985138177871704102e-01 -9.908339977264404297e-01 -8.860075473785400391e-01 -7.959732413291931152e-01 9.972599744796752930e-01 -6.504802107810974121e-01 -7.510821819305419922e-01 7.717137932777404785e-01 -6.504602432250976562e-01 -9.164215326309204102e-01 9.812585115432739258e-01 -6.055237650871276855e-01 4.208793938159942627e-01 -9.753276109695434570e-01 -8.698029518127441406e-01
-8.969337940216064453e-01 9.987943172454833984e-01 -9.901530146598815918e-01 -9.018125534057617188e-01 -7.200337052345275879e-01 9.967900514602661133e-01 -5.491307973861694336e-01 -6.470529437065124512e-01 8.470875024795532227e-01 -6.920657157897949219e-01 -9.402848482131958008e-01 9.722259640693664551e-01 -6.872328519821166992e-01 3.015432357788085938e-01 -9.778003096580505371e-01 -8.954719901084899902e-01
-8.726077079772949219e-01 9.987633228302001953e-01 -9.887714385986328125e-01 -9.154295325279235840e-01 -6.146203875541687012e-01 9.956411123275756836e-01 -4.338970780372619629e-01 -5.054939985275268555e-01 9.015518426895141602e-01 -7.312189936637878418e-01 -9.573107957839965820e-01 9.552019834518432617e-01 -7.519084215164184570e-01 1.272841840982437134e-01 -9.775450229644775391e-01 -9.119192361831665039e-01
-8.268281221389770508e-01 9.985195398330688477e-01 -9.866244792938232422e-01 -9.272329211235046387e-01 -4.738527834415435791e-01 9.933471679687500000e-01 -3.022076785564422607e-01 -3.255579173564910889e-01 9.380874037742614746e-01 -7.662268877029418945e-01 -9.690665006637573242e-01 9.204893708229064941e-01 -8.026390075683593750e-01 -9.828890860080718994e-02 -9.755415320396423340e-01 -9.222630858421325684e-01
-7.417992949485778809e-01 9.980382919311523438e-01 -9.834600687026977539e-01 -9.374737143516540527e-01 -2.978487014770507812e-01 9.886673688888549805e-01 -1.538061499595642090e-01 -1.219893246889114380e-01 9.610466361045837402e-01 -7.964969873428344727e-01 -9.767517447471618652e-01 8.457116484642028809e-01 -8.423274755477905273e-01 -3.493833243846893311e-01 -9.717963933944702148e-01 -9.286139011383056641e-01
-5.877870321273803711e-01 9.971495866775512695e-01 -9.785563349723815918e-01 -9.462847113609313965e-01 -9.802203625440597534e-02 9.785262346267700195e-01 4.546739161014556885e-03 7.508361339569091797e-02 9.749051332473754883e-01 -8.235112428665161133e-01 -9.810903072357177734e-01 6.901654601097106934e-01 -8.732676506042480469e-01 -5.815585851669311523e-01 -9.647096991539001465e-01 -9.324607849121093750e-01
-3.361252546310424805e-01 9.953401088714599609e-01 -9.700397253036499023e-01 -9.536176919937133789e-01 1.070309504866600037e-01 9.553682208061218262e-01 1.615504026412963867e-01 2.378840893507003784e-01 9.833886623382568359e-01 -8.508722782135009766e-01 -9.821256995201110840e-01 4.248366355895996094e-01 -8.969625234603881836e-01 -7.576531171798706055e-01 -9.489715099334716797e-01 -9.348202347755432129e-01
-3.032274544239044189e-03 9.911762475967407227e-01 -9.537699222564697266e-01 -9.589517116546630859e-01 3.001702129840850830e-01 9.022015929222106934e-01 3.082269132137298584e-01 3.572794795036315918e-01 9.888439178466796875e-01 -8.808454871177673340e-01 -9.788249731063842773e-01 1.112690269947052002e-01 -9.142730236053466797e-01 -8.682767748832702637e-01 -9.110593795776367188e-01 -9.363060593605041504e-01
3.151933550834655762e-01 9.813617467880249023e-01 -9.233524203300476074e-01 -9.608486294746398926e-01 4.666716456413269043e-01 7.945921421051025391e-01 4.383115172386169434e-01 4.407513737678527832e-01 9.921395778656005859e-01 -9.079614877700805664e-01 -9.694759845733642578e-01 -1.468676030635833740e-01 -9.257109761238098145e-01 -9.273466467857360840e-01 -8.312335014343261719e-01 -9.372556805610656738e-01
5.414943695068359375e-01 9.591838121414184570e-01 -8.733673095703125000e-01 -9.570083618164062500e-01 5.977120399475097656e-01 6.255260109901428223e-01 5.483328700065612793e-01 5.005785226821899414e-01 9.936612844467163086e-01 -9.229426383972167969e-01 -9.542278647422790527e-01 -3.269798457622528076e-01 -9.314221143722534180e-01 -9.556830525398254395e-01 -7.064492106437683105e-01 -9.378701448440551758e-01
6.822921037673950195e-01 9.111821055412292480e-01 -8.018255233764648438e-01 -9.445666670799255371e-01 6.946735382080078125e-01 4.190108776092529297e-01 6.383042931556701660e-01 5.455402135848999023e-01 9.938855171203613281e-01 -9.236968755722045898e-01 -9.354538917541503906e-01 -4.504847526550292969e-01 -9.310925006866455078e-01 -9.693934917449951172e-01 -5.516501665115356445e-01 -9.382566213607788086e-01
7.649293541908264160e-01 8.165195584297180176e-01 -7.100439667701721191e-01 -9.202446937561035156e-01 7.645238637924194336e-01 2.098561823368072510e-01 7.097258567810058594e-01 5.806992650032043457e-01 9.931465387344360352e-01 -9.131008386611938477e-01 -9.152460098266601562e-01 -5.376389026641845703e-01 -9.243039488792419434e-01 -9.769276380538940430e-01 -3.805174231529235840e-01 -9.384413957595825195e-01
8.101749420166015625e-01 6.588250994682312012e-01 -6.016995906829833984e-01 -8.804576396942138672e-01 8.146153092384338379e-01 2.229447662830352783e-02 7.645164728164672852e-01 6.091778874397277832e-01 9.915182590484619141e-01 -8.928532004356384277e-01 -8.943960666656494141e-01 -6.012469530105590820e-01 -9.112560153007507324e-01 -9.816077947616577148e-01 -2.046285420656204224e-01 -9.383959770202636719e-01
8.308849930763244629e-01 4.479849338531494141e-01 -4.812662303447723389e-01 -8.216379880905151367e-01 8.508191704750061035e-01 -1.343027949333190918e-01 8.050724267959594727e-01 6.330201625823974609e-01 9.888371229171752930e-01 -8.622291684150695801e-01 -8.724989891052246094e-01 -6.490728855133056641e-01 -8.931702971458435059e-01 -9.846573472023010254e-01 -3.557679429650306702e-02 -9.380466938018798828e-01
8.342809677124023438e-01 2.198950350284576416e-01 -3.534124493598937988e-01 -7.413994073867797852e-01 8.773636817932128906e-01 -2.603659629821777344e-01 8.342436552047729492e-01 6.535989642143249512e-01 9.847496747970581055e-01 -8.191894292831420898e-01 -8.482742309570312500e-01 -6.859418153762817383e-01 -8.721190690994262695e-01 -9.866120219230651855e-01 1.169824451208114624e-01 -9.372700452804565430e-01
8.240192532539367676e-01 8.632212877273559570e-03 -2.232986092567443848e-01 -6.401461958885192871e-01 8.971504569053649902e-01 -3.606612682342529297e-01 8.549323678016662598e-01 6.718589663505554199e-01 9.787558317184448242e-01 -7.618742585182189941e-01 -8.197674751281738281e-01 -7.149613499641418457e-01 -8.503202199935913086e-01 -9.877641201019287109e-01 2.484503984451293945e-01 -9.358787536621093750e-01
8.016415834426879883e-01 -1.697372943162918091e-01 -9.622088819742202759e-02 -5.212250351905822754e-01 9.121193289756774902e-01 -4.407324790954589844e-01 8.696894645690917969e-01 6.884568333625793457e-01 9.701766967773437500e-01 -6.897713541984558105e-01 -7.843226194381713867e-01 -7.382293343544006348e-01 -8.292878866195678711e-01 -9.882647991180419922e-01 3.592729866504669189e-01 -9.335913658142089844e-01
7.676253914833068848e-01 -3.133056759834289551e-01 2.333769947290420532e-02 -3.894446790218353271e-01 9.235412478446960449e-01 -5.053151845932006836e-01 8.805391192436218262e-01 7.038418650627136230e-01 9.580157399177551270e-01 -6.044511795043945312e-01 -7.384402751922607422e-01 -7.572262883186340332e-01 -8.094626665115356445e-01 -9.881517291069030762e-01 4.523190259933471680e-01 -9.299730658531188965e-01
7.221980690956115723e-01 -4.264621138572692871e-01 1.323327571153640747e-01 -2.495612353086471558e-01 9.322199821472167969e-01 -5.580361485481262207e-01 8.889497518539428711e-01 7.183057665824890137e-01 9.407571554183959961e-01 -5.097645521163940430e-01 -6.777088046073913574e-01 -7.730213403701782227e-01 -7.903947830200195312e-01 -9.873582124710083008e-01 5.307590961456298828e-01 -9.243388772010803223e-01
6.659512519836425781e-01 -5.151376724243164062e-01 2.292064726352691650e-01 -1.056476682424545288e-01 9.386121034622192383e-01 -6.015912294387817383e-01 8.958449363708496094e-01 7.320055961608886719e-01 9.161282777786254883e-01 -4.112493991851806641e-01 -5.970580577850341797e-01 -7.863883972167968750e-01 -7.711012959480285645e-01 -9.856937527656555176e-01 5.972359776496887207e-01 -9.156012535095214844e-01
6.002569198608398438e-01 -5.848404765129089355e-01 3.135871291160583496e-01 3.872665017843246460e-02 9.428734779357910156e-01 -6.379876136779785156e-01 9.016402959823608398e-01 7.449540495872497559e-01 8.808134794235229492e-01 -3.148256242275238037e-01 -4.916911721229553223e-01 -7.978808879852294922e-01 -7.503362894058227539e-01 -9.827831387519836426e-01 6.537381410598754883e-01 -9.020366072654724121e-01
5.275139212608337402e-01 -6.400891542434692383e-01 3.858928382396697998e-01 1.799537688493728638e-01 9.448285102844238281e-01 -6.687337160110473633e-01 9.063232541084289551e-01 7.569665908813476562e-01 8.301485776901245117e-01 -2.252912223339080811e-01 -3.590161204338073730e-01 -8.078869581222534180e-01 -7.267175912857055664e-01 -9.779419302940368652e-01 7.017003297805786133e-01 -8.809457421302795410e-01
4.513012766838073730e-01 -6.843927502632141113e-01 4.469803869724273682e-01 3.140187859535217285e-01 9.438362121582031250e-01 -6.949713230133056641e-01 9.095612764358520508e-01 7.675501704216003418e-01 7.580442428588867188e-01 -1.452413201332092285e-01 -2.013767361640930176e-01 -8.166685104370117188e-01 -6.987326145172119141e-01 -9.699519276618957520e-01 7.421469688415527344e-01 -8.482212424278259277e-01
3.764271140098571777e-01 -7.203940153121948242e-01 4.978857338428497314e-01 4.367664456367492676e-01 9.385004043579101562e-01 -7.175691127777099609e-01 9.107912778854370117e-01 7.757248282432556152e-01 6.578578948974609375e-01 -7.477012276649475098e-02 -2.805784344673156738e-02 -8.243862390518188477e-01 -6.646298170089721680e-01 -9.566900730133056641e-01 7.758383750915527344e-01 -7.979704737663269043e-01
3.086085021495819092e-01 -7.500337362289428711e-01 5.396486520767211914e-01 5.448364615440368652e-01 9.261602163314819336e-01 -7.371937632560729980e-01 9.092313647270202637e-01 7.797935009002685547e-01 5.252106189727783203e-01 -1.200971379876136780e-02 1.460838615894317627e-01 -8.311033248901367188e-01 -6.221662759780883789e-01 -9.345999956130981445e-01 8.034240007400512695e-01 -7.226224541664123535e-01
2.534433901309967041e-01 -7.746984958648681641e-01 5.731763839721679688e-01 6.366147994995117188e-01 9.021816849708557129e-01 -7.543696165084838867e-01 9.037830829620361328e-01 7.771244049072265625e-01 3.625887632369995117e-01 4.560888558626174927e-02 3.060484528541564941e-01 -8.367553949356079102e-01 -5.681882500648498535e-01 -8.981690406799316406e-01 8.255928754806518555e-01 -6.142329573631286621e-01
2.148654013872146606e-01 -7.953585982322692871e-01 5.990696549415588379e-01 7.123837471008300781e-01 8.594119548797607422e-01 -7.695230841636657715e-01 8.928175568580627441e-01 7.640246152877807617e-01 1.827059388160705566e-01 9.978909790515899658e-02 4.423345029354095459e-01 -8.410633206367492676e-01 -4.982217848300933838e-01 -8.400829434394836426e-01 8.431692719459533691e-01 -4.673647880554199219e-01
1.939055621623992920e-01 -8.127057552337646484e-01 6.173271536827087402e-01 7.736553549766540527e-01 7.888662815093994141e-01 -7.830030918121337891e-01 8.738750815391540527e-01 7.357240319252014160e-01 6.129674613475799561e-03 1.503937840461730957e-01 5.525455474853515625e-01 -8.433546423912048340e-01 -4.067586362361907959e-01 -7.534254193305969238e-01 8.570894598960876465e-01 -2.823936939239501953e-01
1.884328871965408325e-01 -8.272855281829833984e-01 6.268640756607055664e-01 8.223679661750793457e-01 6.829020380973815918e-01 -7.950721383094787598e-01 8.433057069778442383e-01 6.865142583847045898e-01 -1.474647223949432373e-01 1.958131492137908936e-01 6.392547488212585449e-01 -8.422368168830871582e-01 -2.894275784492492676e-01 -6.364292502403259277e-01 8.682543039321899414e-01 -6.702235341072082520e-02
1.939309388399124146e-01 -8.395918607711791992e-01 6.248193979263305664e-01 8.604139089584350586e-01 5.399088859558105469e-01 -8.058841824531555176e-01 7.959417104721069336e-01 6.104315519332885742e-01 -2.676587402820587158e-01 2.341781556606292725e-01 7.069718241691589355e-01 -8.350349068641662598e-01 -1.474181413650512695e-01 -4.961742162704467773e-01 8.773500919342041016e-01 1.641514450311660767e-01
2.050419747829437256e-01 -8.500985503196716309e-01 6.057820320129394531e-01 8.894530534744262695e-01 3.666637837886810303e-01 -8.154689073562622070e-01 7.253360748291015625e-01 5.031808614730834961e-01 -3.544693589210510254e-01 2.641314268112182617e-01 7.600709795951843262e-01 -8.169121742248535156e-01 9.192839264869689941e-03 -3.462410867214202881e-01 8.847833275794982910e-01 3.906725943088531494e-01
2.173463851213455200e-01 -8.592385053634643555e-01 5.615521073341369629e-01 9.108213186264038086e-01 1.762371212244033813e-01 -8.237264752388000488e-01 6.255817413330078125e-01 3.650164902210235596e-01 -4.140152037143707275e-01 2.848626375198364258e-01 8.019821047782897949e-01 -7.797473073005676270e-01 1.648342311382293701e-01 -2.002945095300674438e-01 8.907687067985534668e-01 5.898396372795104980e-01
2.283682823181152344e-01 -8.673493862152099609e-01 4.825626015663146973e-01 9.254396557807922363e-01 -1.654224097728729248e-02 -8.304083347320556641e-01 4.942122101783752441e-01 2.023416012525558472e-01 -4.538533091545104980e-01 2.960619032382965088e-01 8.351520299911499023e-01 -7.111672759056091309e-01 3.066039681434631348e-01 -6.764250993728637695e-02 8.954505324363708496e-01 7.446130514144897461e-01
