3.950171638280153275e-03 -1.008912026882171631e-01 -5.641699954867362976e-02 7.643280178308486938e-02 -4.731086269021034241e-02 -3.927835449576377869e-02 -3.513217205181717873e-03 -1.180301830172538757e-01 2.887747483327984810e-03 -9.276438504457473755e-03 3.294800221920013428e-02 -1.320135779678821564e-02 3.800579160451889038e-02 -8.108818903565406799e-03 8.416219055652618408e-02 1.757191419601440430e-01
2.756765298545360565e-02 -1.630067527294158936e-01 -1.489099562168121338e-01 1.421532928943634033e-01 -1.227799654006958008e-01 -6.269814819097518921e-02 -3.601900488138198853e-02 -2.264488041400909424e-01 -1.265883632004261017e-02 -2.701663412153720856e-02 7.134663313627243042e-02 1.788184978067874908e-02 1.197197362780570984e-01 4.132374748587608337e-02 1.516850292682647705e-01 3.295705914497375488e-01
5.356664955615997314e-02 -1.895565837621688843e-01 -2.646548449993133545e-01 1.778183430433273315e-01 -2.257272899150848389e-01 -5.997242778539657593e-02 -1.153614372014999390e-01 -3.336145877838134766e-01 -3.238525614142417908e-02 -5.216056108474731445e-02 1.054657250642776489e-01 1.056705266237258911e-01 2.235904335975646973e-01 1.231542676687240601e-01 1.989377439022064209e-01 4.610909819602966309e-01
7.426039129495620728e-02 -1.737584769725799561e-01 -3.936913013458251953e-01 1.658276319503784180e-01 -3.446251153945922852e-01 -2.109278179705142975e-02 -2.385443150997161865e-01 -4.411973357200622559e-01 -5.013180524110794067e-02 -8.282065391540527344e-02 1.238135248422622681e-01 2.531209588050842285e-01 3.285117149353027344e-01 2.142595201730728149e-01 2.239004522562026978e-01 5.661793947219848633e-01
8.790067583322525024e-02 -1.010146588087081909e-01 -5.257457494735717773e-01 9.301123768091201782e-02 -4.652949571609497070e-01 6.159979104995727539e-02 -3.850142359733581543e-01 -5.458393096923828125e-01 -6.373207271099090576e-02 -1.178919896483421326e-01 1.138584539294242859e-01 4.414700567722320557e-01 4.201979041099548340e-01 2.985730171203613281e-01 2.230990976095199585e-01 6.393644809722900391e-01
9.444490075111389160e-02 3.530099987983703613e-02 -6.488447785377502441e-01 -3.475417941808700562e-02 -5.767630338668823242e-01 1.867549568414688110e-01 -5.288515090942382812e-01 -6.419348120689392090e-01 -7.221370935440063477e-02 -1.578599810600280762e-01 6.491799652576446533e-02 6.314064264297485352e-01 4.912009239196777344e-01 3.681847453117370605e-01 1.898011118173599243e-01 6.755847930908203125e-01
9.296836704015731812e-02 2.161498367786407471e-01 -7.520973682403564453e-01 -1.851872354745864868e-01 -6.725802421569824219e-01 3.400427699089050293e-01 -6.517019271850585938e-01 -7.245920896530151367e-01 -7.433773577213287354e-02 -2.037333846092224121e-01 -2.289357781410217285e-02 7.848620414733886719e-01 5.379845499992370605e-01 4.204097390174865723e-01 1.167706251144409180e-01 6.699038147926330566e-01
8.066702634096145630e-02 4.075454175472259521e-01 -8.305034637451171875e-01 -3.263569474220275879e-01 -7.501588463783264160e-01 5.007048249244689941e-01 -7.469633817672729492e-01 -7.913113832473754883e-01 -6.814906001091003418e-02 -2.551074624061584473e-01 -1.345610618591308594e-01 8.860273957252502441e-01 5.584999918937683105e-01 4.549368023872375488e-01 3.632068634033203125e-03 6.159818768501281738e-01
5.300874263048171997e-02 5.813674926757812500e-01 -8.857461214065551758e-01 -4.459768235683441162e-01 -8.097561597824096680e-01 6.496542692184448242e-01 -8.160223960876464844e-01 -8.419850468635559082e-01 -5.118409544229507446e-02 -3.100946843624114990e-01 -2.531708776950836182e-01 9.420129656791687012e-01 5.507487058639526367e-01 4.730062782764434814e-01 -1.405374705791473389e-01 5.067781805992126465e-01
3.989826887845993042e-03 7.229071855545043945e-01 -9.229017496109008789e-01 -5.439136028289794922e-01 -8.531773686408996582e-01 7.729718685150146484e-01 -8.631606101989746094e-01 -8.779976367950439453e-01 -2.088711038231849670e-02 -3.665881156921386719e-01 -3.693732619285583496e-01 9.690074920654296875e-01 5.121933817863464355e-01 4.771684408187866211e-01 -3.010611832141876221e-01 3.404984176158905029e-01
-7.386532425880432129e-02 8.285315036773681641e-01 -9.472711086273193359e-01 -6.233500242233276367e-01 -8.827798366546630859e-01 8.641113042831420898e-01 -8.924835920333862305e-01 -9.012648463249206543e-01 2.528675459325313568e-02 -4.229957163333892822e-01 -4.793986082077026367e-01 9.807105660438537598e-01 4.405580759048461914e-01 4.708072543144226074e-01 -4.616538584232330322e-01 1.290760040283203125e-01
-1.881125569343566895e-01 9.011100530624389648e-01 -9.630434513092041016e-01 -6.876038908958435059e-01 -9.009108543395996094e-01 9.243904352188110352e-01 -9.064348340034484863e-01 -9.134845733642578125e-01 8.986505866050720215e-02 -4.781960546970367432e-01 -5.813349485397338867e-01 9.851968288421630859e-01 3.367041051387786865e-01 4.576480686664581299e-01 -6.075518131256103516e-01 -1.004687324166297913e-01
-3.406133949756622314e-01 9.468028545379638672e-01 -9.731708765029907227e-01 -7.395099401473999023e-01 -9.095191955566406250e-01 9.603933095932006836e-01 -9.051179885864257812e-01 -9.156058430671691895e-01 1.747138351202011108e-01 -5.312271714210510254e-01 -6.733415126800537109e-01 9.863522052764892578e-01 2.080804109573364258e-01 4.410468339920043945e-01 -7.284064292907714844e-01 -3.171829283237457275e-01
-5.168409347534179688e-01 9.730569124221801758e-01 -9.796311855316162109e-01 -7.814435958862304688e-01 -9.098850488662719727e-01 9.800612926483154297e-01 -8.862794637680053711e-01 -9.074397087097167969e-01 2.794258594512939453e-01 -5.812179446220397949e-01 -7.534854412078857422e-01 9.858481884002685547e-01 6.798304617404937744e-02 4.226649403572082520e-01 -8.200939893722534180e-01 -4.998507797718048096e-01
-6.810274124145507812e-01 9.868826866149902344e-01 -9.837008714675903320e-01 -8.154234886169433594e-01 -9.024522900581359863e-01 9.900012016296386719e-01 -8.465505242347717285e-01 -8.875216245651245117e-01 3.993536829948425293e-01 -6.276966929435729980e-01 -8.202873468399047852e-01 9.842890501022338867e-01 -7.030302286148071289e-02 4.005692601203918457e-01 -8.842806816101074219e-01 -6.409819722175598145e-01
-7.958581447601318359e-01 9.936268329620361328e-01 -9.861532449722290039e-01 -8.431733846664428711e-01 -8.866276741027832031e-01 9.946627616882324219e-01 -7.845534086227416992e-01 -8.535869121551513672e-01 5.250312089920043945e-01 -6.709354519844055176e-01 -8.732351064682006836e-01 9.816011786460876465e-01 -1.984241902828216553e-01 3.676116168498992920e-01 -9.260455369949340820e-01 -7.427070736885070801e-01
-8.525251150131225586e-01 9.966983795166015625e-01 -9.874203801155090332e-01 -8.661182522773742676e-01 -8.604983687400817871e-01 9.966352581977844238e-01 -7.035837173461914062e-01 -8.032419085502624512e-01 6.446285247802734375e-01 -7.117421627044677734e-01 -9.130358695983886719e-01 9.771123528480529785e-01 -3.131836652755737305e-01 3.121550381183624268e-01 -9.512753486633300781e-01 -8.119950890541076660e-01
-8.678433895111083984e-01 9.979845285415649414e-01 -9.877457618713378906e-01 -8.853594660758972168e-01 -8.206045031547546387e-01 9.972494244575500488e-01 -6.095054149627685547e-01 -7.334151268005371094e-01 7.482373714447021484e-01 -7.506133317947387695e-01 -9.414945840835571289e-01 9.695391654968261719e-01 -4.141021072864532471e-01 2.222943305969238281e-01 -9.651383161544799805e-01 -8.573433756828308105e-01
-8.592365980148315430e-01 9.984226226806640625e-01 -9.872777462005615234e-01 -9.017022252082824707e-01 -7.618543505668640137e-01 9.970828890800476074e-01 -5.061268806457519531e-01 -6.395655274391174316e-01 8.305364251136779785e-01 -7.871403694152832031e-01 -9.609799385070800781e-01 9.566097855567932129e-01 -5.016231536865234375e-01 9.116898477077484131e-02 -9.716092348098754883e-01 -8.863700628280639648e-01
-8.332421779632568359e-01 9.984335899353027344e-01 -9.860736131668090820e-01 -9.157240390777587891e-01 -6.779255867004394531e-01 9.962607026100158691e-01 -3.937904238700866699e-01 -5.175406932830810547e-01 8.907847404479980469e-01 -8.202508687973022461e-01 -9.738148450851440430e-01 9.338868856430053711e-01 -5.766758918762207031e-01 -7.885605096817016602e-02 -9.734479784965515137e-01 -9.047411680221557617e-01
-7.865464687347412109e-01 9.981702566146850586e-01 -9.840359687805175781e-01 -9.278324246406555176e-01 -5.632620453834533691e-01 9.945453405380249023e-01 -2.714239954948425293e-01 -3.682428002357482910e-01 9.315234422683715820e-01 -8.488475084304809570e-01 -9.819102287292480469e-01 8.924704194068908691e-01 -6.406214833259582520e-01 -2.733047306537628174e-01 -9.722530841827392578e-01 -9.162989854812622070e-01
-7.084270119667053223e-01 9.976248741149902344e-01 -9.807785749435424805e-01 -9.382989406585693359e-01 -4.172687530517578125e-01 9.911999106407165527e-01 -1.398534476757049561e-01 -2.019142210483551025e-01 9.570690989494323730e-01 -8.723539113998413086e-01 -9.866422414779663086e-01 8.158854246139526367e-01 -6.950534582138061523e-01 -4.673308134078979492e-01 -9.684087038040161133e-01 -9.235762953758239746e-01
-5.832852125167846680e-01 9.966271519660949707e-01 -9.753659963607788086e-01 -9.472706317901611328e-01 -2.474318742752075195e-01 9.845041036605834961e-01 -3.688335418701171875e-03 -3.666851669549942017e-02 9.721803069114685059e-01 -8.910397291183471680e-01 -9.888404607772827148e-01 6.800943017005920410e-01 -7.414600253105163574e-01 -6.355363130569458008e-01 -9.607088565826416016e-01 -9.282167553901672363e-01
-3.973856270313262939e-01 9.947073459625244141e-01 -9.658100605010986328e-01 -9.547336697578430176e-01 -6.656615436077117920e-02 9.706077575683593750e-01 1.305930018424987793e-01 1.099215969443321228e-01 9.810137152671813965e-01 -9.060562849044799805e-01 -9.887653589248657227e-01 4.684654474258422852e-01 -7.809246778488159180e-01 -7.633326649665832520e-01 -9.452255964279174805e-01 -9.312422275543212891e-01
-1.540204286575317383e-01 9.907153844833374023e-01 -9.482535123825073242e-01 -9.603546857833862305e-01 1.124065369367599487e-01 9.413225650787353516e-01 2.576079368591308594e-01 2.286647260189056396e-01 9.864188432693481445e-01 -9.187557697296142578e-01 -9.860185384750366211e-01 2.059291005134582520e-01 -8.140496015548706055e-01 -8.500381112098693848e-01 -9.130419492721557617e-01 -9.332476854324340820e-01
1.078578904271125793e-01 9.821256399154663086e-01 -9.165805578231811523e-01 -9.632152915000915527e-01 2.778604924678802490e-01 8.824132680892944336e-01 3.728923201560974121e-01 3.199124634265899658e-01 9.897713661193847656e-01 -9.289868474006652832e-01 -9.796506166458129883e-01 -4.218468070030212402e-02 -8.410527706146240234e-01 -9.040729403495788574e-01 -8.498420715332031250e-01 -9.345673918724060059e-01
3.319556713104248047e-01 9.640171527862548828e-01 -8.643113374710083008e-01 -9.617477655410766602e-01 4.204044938087463379e-01 7.788817286491394043e-01 4.729822576045989990e-01 3.894650638103485107e-01 9.915410280227661133e-01 -9.342375993728637695e-01 -9.691022634506225586e-01 -2.353394031524658203e-01 -8.617370724678039551e-01 -9.361752271652221680e-01 -7.458984851837158203e-01 -9.354057312011718750e-01
4.945244491100311279e-01 9.270516037940979004e-01 -7.879801392555236816e-01 -9.538933038711547852e-01 5.361326336860656738e-01 6.274422407150268555e-01 5.572416782379150391e-01 4.435083270072937012e-01 9.919924139976501465e-01 -9.316365718841552734e-01 -9.551485776901245117e-01 -3.753083646297454834e-01 -8.753721714019775391e-01 -9.550138711929321289e-01 -6.065255999565124512e-01 -9.358916282653808594e-01
6.023994684219360352e-01 8.552234172821044922e-01 -6.885937452316284180e-01 -9.370383024215698242e-01 6.267271637916564941e-01 4.421667456626892090e-01 6.271408796310424805e-01 4.864682555198669434e-01 9.913294315338134766e-01 -9.194797277450561523e-01 -9.391376972198486328e-01 -4.767269790172576904e-01 -8.808349370956420898e-01 -9.663357734680175781e-01 -4.443101882934570312e-01 -9.360778927803039551e-01
6.685177087783813477e-01 7.295465469360351562e-01 -5.709388256072998047e-01 -9.078314304351806641e-01 6.964969038963317871e-01 2.471110075712203979e-01 6.845647096633911133e-01 5.213721990585327148e-01 9.895853996276855469e-01 -8.961596488952636719e-01 -9.218010902404785156e-01 -5.519843101501464844e-01 -8.771715760231018066e-01 -9.734318852424621582e-01 -2.719116806983947754e-01 -9.359493851661682129e-01
7.030610442161560059e-01 5.445319414138793945e-01 -4.415554106235504150e-01 -8.622933030128479004e-01 7.500486969947814941e-01 6.387935578823089600e-02 7.311675548553466797e-01 5.504320263862609863e-01 9.865612983703613281e-01 -8.589562177658081055e-01 -9.028297662734985352e-01 -6.093470454216003418e-01 -8.645341396331787109e-01 -9.779844880104064941e-01 -1.023461818695068359e-01 -9.354370832443237305e-01
7.128201127052307129e-01 3.228798210620880127e-01 -3.068060278892517090e-01 -7.966340780258178711e-01 7.913476824760437012e-01 -9.545914828777313232e-02 7.685163021087646484e-01 5.752999782562255859e-01 9.818049669265747070e-01 -8.041565418243408203e-01 -8.808870315551757812e-01 -6.541089415550231934e-01 -8.448683023452758789e-01 -9.808419942855834961e-01 5.285685509443283081e-02 -9.344221353530883789e-01
7.021288871765136719e-01 1.012126952409744263e-01 -1.724117994308471680e-01 -7.088401913642883301e-01 8.235002160072326660e-01 -2.279940247535705566e-01 7.983031272888183594e-01 5.971931219100952148e-01 9.745963811874389648e-01 -7.286070585250854492e-01 -8.536798357963562012e-01 -6.897196173667907715e-01 -8.214578628540039062e-01 -9.824612140655517578e-01 1.876644790172576904e-01 -9.327247142791748047e-01
6.738371849060058594e-01 -9.490460902452468872e-02 -4.348362237215042114e-02 -5.997315645217895508e-01 8.488029837608337402e-01 -3.361161351203918457e-01 8.222674131393432617e-01 6.169826388359069824e-01 9.638649225234985352e-01 -6.317568421363830566e-01 -8.178603649139404297e-01 -7.185196280479431152e-01 -7.974035143852233887e-01 -9.830788373947143555e-01 3.022120296955108643e-01 -9.300706982612609863e-01
6.301158666610717773e-01 -2.567926347255706787e-01 7.593543827533721924e-02 -4.723097085952758789e-01 8.688815236091613770e-01 -4.239433705806732178e-01 8.419449925422668457e-01 6.352644562721252441e-01 9.479416012763977051e-01 -5.167502164840698242e-01 -7.687588930130004883e-01 -7.421656250953674316e-01 -7.743775844573974609e-01 -9.827587604522705078e-01 3.996880054473876953e-01 -9.260265827178955078e-01
5.731199979782104492e-01 -3.859529793262481689e-01 1.832996755838394165e-01 -3.303617238998413086e-01 8.848335146903991699e-01 -4.954814314842224121e-01 8.584698438644409180e-01 6.524136066436767578e-01 9.241600036621093750e-01 -3.901083469390869141e-01 -7.002016901969909668e-01 -7.618559598922729492e-01 -7.524805068969726562e-01 -9.813973903656005859e-01 4.834394454956054688e-01 -9.198924303054809570e-01
5.054500699043273926e-01 -4.876438379287719727e-01 2.775389850139617920e-01 -1.777297705411911011e-01 8.973265886306762695e-01 -5.540757775306701660e-01 8.724953532218933105e-01 6.686118841171264648e-01 8.883300423622131348e-01 -2.601645886898040771e-01 -6.049078106880187988e-01 -7.784534096717834473e-01 -7.307611703872680664e-01 -9.786890149116516113e-01 5.558919906616210938e-01 -9.105309247970581055e-01
4.303694367408752441e-01 -5.676158070564270020e-01 3.587235808372497559e-01 -1.861343532800674438e-02 9.066203832626342773e-01 -6.023860573768615723e-01 8.842207193374633789e-01 6.838323473930358887e-01 8.340708613395690918e-01 -1.348261833190917969e-01 -4.762868881225585938e-01 -7.925652861595153809e-01 -7.077876329421997070e-01 -9.740225672721862793e-01 6.185320615768432617e-01 -8.960893154144287109e-01
3.519493639469146729e-01 -6.309114098548889160e-01 4.276612401008605957e-01 1.415648013353347778e-01 9.124767184257507324e-01 -6.424890756607055664e-01 8.934892416000366211e-01 6.977691650390625000e-01 7.522532939910888672e-01 -1.963569037616252899e-02 -3.124636411666870117e-01 -8.046049475669860840e-01 -6.820558309555053711e-01 -9.662758111953735352e-01 6.721843481063842773e-01 -8.735560178756713867e-01
2.753437757492065430e-01 -6.815813779830932617e-01 4.855635762214660645e-01 2.957389652729034424e-01 9.138920307159423828e-01 -6.759937405586242676e-01 8.999063968658447266e-01 7.097137570381164551e-01 6.318590641021728516e-01 8.305888622999191284e-02 -1.216358691453933716e-01 -8.148413300514221191e-01 -6.522343158721923828e-01 -9.534651041030883789e-01 7.172954678535461426e-01 -8.381265401840209961e-01
2.069003134965896606e-01 -7.227153182029724121e-01 5.338096022605895996e-01 4.363206028938293457e-01 9.085733294486999512e-01 -7.041543722152709961e-01 9.029163122177124023e-01 7.184226512908935547e-01 4.651748538017272949e-01 1.736075133085250854e-01 7.643753290176391602e-02 -8.234331607818603516e-01 -6.171710491180419922e-01 -9.322686195373535156e-01 7.542145252227783203e-01 -7.825763821601867676e-01
1.531985998153686523e-01 -7.565433979034423828e-01 5.737560987472534180e-01 5.576629042625427246e-01 8.922173976898193359e-01 -7.279799580574035645e-01 9.017951488494873047e-01 7.220736145973205566e-01 2.580195665359497070e-01 2.534816861152648926e-01 2.585108876228332520e-01 -8.304347991943359375e-01 -5.753723382949829102e-01 -8.976908922195434570e-01 7.835279107093811035e-01 -6.974776387214660645e-01
1.188513338565826416e-01 -7.845609188079833984e-01 6.065131425857543945e-01 6.577165126800537109e-01 8.581852912902832031e-01 -7.483156919479370117e-01 8.955446481704711914e-01 7.183315157890319824e-01 3.518836945295333862e-02 3.234742879867553711e-01 4.098292589187622070e-01 -8.357538580894470215e-01 -5.237800478935241699e-01 -8.436876535415649414e-01 8.063396215438842773e-01 -5.737826228141784668e-01
1.047340556979179382e-01 -8.077237606048583984e-01 6.326677203178405762e-01 7.374840378761291504e-01 7.988409996032714844e-01 -7.658697962760925293e-01 8.826768994331359863e-01 7.043539881706237793e-01 -1.708679944276809692e-01 3.832154572010040283e-01 5.278817415237426758e-01 -8.390470743179321289e-01 -4.566726982593536377e-01 -7.657510638236999512e-01 8.241985440254211426e-01 -4.078849554061889648e-01
1.079970449209213257e-01 -8.267276883125305176e-01 6.519978046417236328e-01 7.994862794876098633e-01 7.087786197662353516e-01 -7.811919450759887695e-01 8.608438968658447266e-01 6.766354441642761230e-01 -3.383766412734985352e-01 4.322588443756103516e-01 6.176618337631225586e-01 -8.395422101020812988e-01 -3.664677441120147705e-01 -6.643504500389099121e-01 8.386217355728149414e-01 -2.054233849048614502e-01
1.233041957020759583e-01 -8.422385454177856445e-01 6.631287932395935059e-01 8.466477990150451660e-01 5.872603654861450195e-01 -7.946518063545227051e-01 8.263397812843322754e-01 6.309487223625183105e-01 -4.623613357543945312e-01 4.709794819355010986e-01 6.860593557357788086e-01 -8.357549309730529785e-01 -2.476809322834014893e-01 -5.455299615859985352e-01 8.506466746330261230e-01 1.940774917602539062e-02
1.444593369960784912e-01 -8.549523353576660156e-01 6.630558967590332031e-01 8.817458152770996094e-01 4.379452168941497803e-01 -8.064522743225097656e-01 7.738164067268371582e-01 5.628226399421691895e-01 -5.486652255058288574e-01 5.003901124000549316e-01 7.390227913856506348e-01 -8.250561356544494629e-01 -1.028638780117034912e-01 -4.178736209869384766e-01 8.607780933380126953e-01 2.473749667406082153e-01
1.661348193883895874e-01 -8.655322194099426270e-01 6.466503739356994629e-01 9.071509242057800293e-01 2.678486108779907227e-01 -8.166662454605102539e-01 6.970300674438476562e-01 4.688275754451751709e-01 -6.066043972969055176e-01 5.215384364128112793e-01 7.808871269226074219e-01 -8.030429482460021973e-01 5.512263625860214233e-02 -2.893192768096923828e-01 8.692154288291931152e-01 4.583442211151123047e-01
1.851355731487274170e-01 -8.745245933532714844e-01 6.066470742225646973e-01 9.247120618820190430e-01 8.677011728286743164e-02 -8.252639770507812500e-01 5.912081003189086914e-01 3.484257459640502930e-01 -6.448931097984313965e-01 5.351413488388061523e-01 8.145692348480224609e-01 -7.626961469650268555e-01 2.092764973640441895e-01 -1.659201085567474365e-01 8.760751485824584961e-01 6.356406807899475098e-01
2.004352360963821411e-01 -8.822832107543945312e-01 5.348238348960876465e-01 9.356824755668640137e-01 -9.419442713260650635e-02 -8.321032524108886719e-01 4.556233882904052734e-01 2.053503692150115967e-01 -6.702111363410949707e-01 5.415862798690795898e-01 8.419415950775146484e-01 -6.934775710105895996e-01 3.471589684486389160e-01 -5.177615582942962646e-02 8.814830780029296875e-01 7.700564861297607422e-01
