4.991675913333892822e-02 4.890355281531810760e-03 -1.383687704801559448e-01 2.015911974012851715e-02 -1.493620574474334717e-01 6.769020110368728638e-02 3.689321875572204590e-02 -1.831343322992324829e-01 3.150825202465057373e-02 -6.292847543954849243e-02 3.538598120212554932e-02 3.366110101342201233e-02 5.112339556217193604e-02 1.285697370767593384e-01 7.321145385503768921e-02 1.178232282400131226e-01
8.602274954319000244e-02 4.901911318302154541e-02 -2.800851762294769287e-01 2.897737547755241394e-03 -2.702373266220092773e-01 1.402578949928283691e-01 -2.731015905737876892e-02 -3.203171491622924805e-01 5.127913504838943481e-02 -1.385085582733154297e-01 3.398798406124114990e-02 1.331102401018142700e-01 1.213202551007270813e-01 2.339532822370529175e-01 1.178431361913681030e-01 1.974994987249374390e-01
1.074953004717826843e-01 1.391321867704391479e-01 -4.171696603298187256e-01 -6.446913629770278931e-02 -3.714424669742584229e-01 2.338589429855346680e-01 -1.549886465072631836e-01 -4.226716458797454834e-01 6.829260289669036865e-02 -2.182554602622985840e-01 -9.672224521636962891e-03 2.797437310218811035e-01 1.892956495285034180e-01 3.001479804515838623e-01 1.300474852323532104e-01 2.355962395668029785e-01
1.130992919206619263e-01 2.750867903232574463e-01 -5.425438880920410156e-01 -1.763652712106704712e-01 -4.563023447990417480e-01 3.525204360485076904e-01 -3.063452243804931641e-01 -4.991731047630310059e-01 8.907899260520935059e-02 -2.978898882865905762e-01 -9.821157157421112061e-02 4.457450509071350098e-01 2.403154075145721436e-01 3.180143237113952637e-01 1.019516736268997192e-01 2.278894931077957153e-01
9.849195182323455811e-02 4.411880970001220703e-01 -6.504447460174560547e-01 -3.071525394916534424e-01 -5.256528854370117188e-01 4.870681464672088623e-01 -4.514400660991668701e-01 -5.554128885269165039e-01 1.195488721132278442e-01 -3.761005103588104248e-01 -2.218954861164093018e-01 6.013849973678588867e-01 2.638319134712219238e-01 2.807459235191345215e-01 2.202763780951499939e-02 1.738230586051940918e-01
5.460651591420173645e-02 6.091126203536987305e-01 -7.380610704421997070e-01 -4.311290383338928223e-01 -5.784378051757812500e-01 6.206355094909667969e-01 -5.731159448623657227e-01 -5.941699743270874023e-01 1.656367182731628418e-01 -4.517456293106079102e-01 -3.605875968933105469e-01 7.253423333168029785e-01 2.521306574344635010e-01 1.863443851470947266e-01 -1.154589056968688965e-01 8.246478438377380371e-02
-3.032416850328445435e-02 7.516058683395385742e-01 -8.060961961746215820e-01 -5.368932485580444336e-01 -6.117644309997558594e-01 7.375507354736328125e-01 -6.629197597503662109e-01 -6.164331436157226562e-01 2.325828075408935547e-01 -5.223636627197265625e-01 -4.963893294334411621e-01 8.103358149528503418e-01 2.019907981157302856e-01 4.489172995090484619e-02 -2.989074289798736572e-01 -2.699129283428192139e-02
-1.631370484828948975e-01 8.548393249511718750e-01 -8.574194908142089844e-01 -6.233777999877929688e-01 -6.209147572517395020e-01 8.289107084274291992e-01 -7.161300182342529297e-01 -6.219013929367065430e-01 3.232462406158447266e-01 -5.849888324737548828e-01 -6.189043521881103516e-01 8.605762124061584473e-01 1.181376427412033081e-01 -1.201852411031723022e-01 -4.980129003524780273e-01 -1.345030069351196289e-01
-3.323861658573150635e-01 9.202723503112792969e-01 -8.952843546867370605e-01 -6.930160522460937500e-01 -6.007543206214904785e-01 8.933397531509399414e-01 -7.286495566368103027e-01 -6.091014146804809570e-01 4.355390965938568115e-01 -6.378257274627685547e-01 -7.228569984436035156e-01 8.848557472229003906e-01 1.302642375230789185e-02 -2.820865809917449951e-01 -6.763280034065246582e-01 -2.284891605377197266e-01
-4.979106783866882324e-01 9.576859474182128906e-01 -9.224600195884704590e-01 -7.487193346023559570e-01 -5.492264628410339355e-01 9.346207380294799805e-01 -6.964144110679626465e-01 -5.758071541786193848e-01 5.599979162216186523e-01 -6.811973452568054199e-01 -8.059009313583374023e-01 8.907170295715332031e-01 -9.947605431079864502e-02 -4.231743514537811279e-01 -8.094017505645751953e-01 -3.059273958206176758e-01
-6.066791415214538574e-01 9.775713086128234863e-01 -9.411642551422119141e-01 -7.932091355323791504e-01 -4.695554673671722412e-01 9.584965109825134277e-01 -6.188691258430480957e-01 -5.207557678222656250e-01 6.811524629592895508e-01 -7.174446582794189453e-01 -8.681156635284423828e-01 8.814592957496643066e-01 -2.099644541740417480e-01 -5.389584302902221680e-01 -8.932781219482421875e-01 -3.676570355892181396e-01
-6.316628456115722656e-01 9.876140356063842773e-01 -9.531949758529663086e-01 -8.289149999618530273e-01 -3.681660890579223633e-01 9.703211784362792969e-01 -5.046864748001098633e-01 -4.461089074611663818e-01 7.842264175415039062e-01 -7.500070929527282715e-01 -9.118301272392272949e-01 8.552975654602050781e-01 -3.141238689422607422e-01 -6.330045461654663086e-01 -9.382032155990600586e-01 -4.154551327228546143e-01
-5.799811482429504395e-01 9.924601316452026367e-01 -9.599750041961669922e-01 -8.578401803970336914e-01 -2.515684068202972412e-01 9.739198684692382812e-01 -3.702870309352874756e-01 -3.577619791030883789e-01 8.616837263107299805e-01 -7.817791700363159180e-01 -9.408311843872070312e-01 8.060350418090820312e-01 -4.102726578712463379e-01 -7.098670005798339844e-01 -9.576040506362915039e-01 -4.515570104122161865e-01
-4.676070213317871094e-01 9.946111440658569336e-01 -9.624650478363037109e-01 -8.814914226531982422e-01 -1.251478791236877441e-01 9.712803363800048828e-01 -2.310339808464050293e-01 -2.633351385593414307e-01 9.140931367874145508e-01 -8.138968348503112793e-01 -9.590880274772644043e-01 7.246329188346862793e-01 -4.972978830337524414e-01 -7.721909284591674805e-01 -9.614734649658203125e-01 -4.784890711307525635e-01
-3.066236972808837891e-01 9.952936172485351562e-01 -9.610276222229003906e-01 -9.009222984313964844e-01 6.892256438732147217e-03 9.625845551490783691e-01 -9.609726071357727051e-02 -1.701669543981552124e-01 9.467737674713134766e-01 -8.458790183067321777e-01 -9.697734117507934570e-01 6.015025377273559570e-01 -5.740469694137573242e-01 -8.215449452400207520e-01 -9.546278715133666992e-01 -4.985721409320831299e-01
-1.092941164970397949e-01 9.950125217437744141e-01 -9.553313255310058594e-01 -9.167793989181518555e-01 1.410589218139648438e-01 9.461632370948791504e-01 3.117340058088302612e-02 -8.384987711906433105e-02 9.661153554916381836e-01 -8.763476014137268066e-01 -9.749286770820617676e-01 4.315975308418273926e-01 -6.393790245056152344e-01 -8.594146370887756348e-01 -9.369305968284606934e-01 -5.136409997940063477e-01
1.059595644474029541e-01 9.938241243362426758e-01 -9.443454742431640625e-01 -9.292820692062377930e-01 2.735701799392700195e-01 9.182529449462890625e-01 1.505958139896392822e-01 -7.386233657598495483e-03 9.773576259613037109e-01 -9.035621881484985352e-01 -9.755403995513916016e-01 2.235023230314254761e-01 -6.923111677169799805e-01 -8.873835206031799316e-01 -9.036161899566650391e-01 -5.250610709190368652e-01
3.135967850685119629e-01 9.914315938949584961e-01 -9.265844821929931641e-01 -9.381554722785949707e-01 3.993206024169921875e-01 8.731807470321655273e-01 2.619859278202056885e-01 5.877076089382171631e-02 9.839181303977966309e-01 -9.257751703262329102e-01 -9.718463420867919922e-01 3.869175910949707031e-03 -7.321922183036804199e-01 -9.071880578994750977e-01 -8.463653326034545898e-01 -5.338423252105712891e-01
4.891591668128967285e-01 9.871859550476074219e-01 -9.007713198661804199e-01 -9.426502585411071777e-01 5.122048258781433105e-01 8.054094314575195312e-01 3.634488284587860107e-01 1.158902496099472046e-01 9.877043962478637695e-01 -9.417035579681396484e-01 -9.639261364936828613e-01 -1.962491571903228760e-01 -7.587969303131103516e-01 -9.208053946495056152e-01 -7.579997181892395020e-01 -5.407388806343078613e-01
6.212812662124633789e-01 9.800065755844116211e-01 -8.665401935577392578e-01 -9.417822360992431641e-01 6.074725985527038574e-01 7.133456468582153320e-01 4.524674415588378906e-01 1.657747179269790649e-01 9.897307157516479492e-01 -9.510906934738159180e-01 -9.523539543151855469e-01 -3.603908717632293701e-01 -7.721958160400390625e-01 -9.302257895469665527e-01 -6.393566727638244629e-01 -5.463075637817382812e-01
7.129774093627929688e-01 9.681975245475769043e-01 -8.245092630386352539e-01 -9.346410036087036133e-01 6.837866306304931641e-01 6.013438701629638672e-01 5.277059078216552734e-01 2.099059671163558960e-01 9.905738830566406250e-01 -9.547394514083862305e-01 -9.382555484771728516e-01 -4.880084395408630371e-01 -7.725819349288940430e-01 -9.370433092117309570e-01 -4.998893141746520996e-01 -5.509378910064697266e-01
7.735945582389831543e-01 9.492368698120117188e-01 -7.758806943893432617e-01 -9.205292463302612305e-01 7.428427338600158691e-01 4.777985811233520508e-01 5.893213748931884766e-01 2.492814064025878906e-01 9.905828237533569336e-01 -9.538514018058776855e-01 -9.227811098098754883e-01 -5.854455828666687012e-01 -7.603439092636108398e-01 -9.422939419746398926e-01 -3.520106375217437744e-01 -5.548812150955200195e-01
8.123813867568969727e-01 9.196911454200744629e-01 -7.220827937126159668e-01 -8.989351987838745117e-01 7.877033948898315430e-01 3.516037464141845703e-01 6.383761167526245117e-01 2.845866680145263672e-01 9.899615645408630371e-01 -9.493635892868041992e-01 -9.066480994224548340e-01 -6.597973108291625977e-01 -7.363029718399047852e-01 -9.465405344963073730e-01 -2.065042555332183838e-01 -5.582860112190246582e-01
8.362952470779418945e-01 8.754409551620483398e-01 -6.645663976669311523e-01 -8.694384098052978516e-01 8.215020895004272461e-01 2.296760678291320801e-01 6.763302683830261230e-01 3.163410723209381104e-01 9.888163805007934570e-01 -9.417114257812500000e-01 -8.900063633918762207e-01 -7.169069051742553711e-01 -7.018300294876098633e-01 -9.500244855880737305e-01 -7.075965404510498047e-02 -5.612263083457946777e-01
8.500143289566040039e-01 8.124411106109619141e-01 -6.046904325485229492e-01 -8.315971493721008301e-01 8.468693494796752930e-01 1.162256821990013123e-01 7.047922015190124512e-01 3.449549376964569092e-01 9.871832728385925293e-01 -9.308875799179077148e-01 -8.724874258041381836e-01 -7.611658573150634766e-01 -6.587016582489013672e-01 -9.527969956398010254e-01 5.142131075263023376e-02 -5.637161731719970703e-01
8.565518856048583984e-01 7.281142473220825195e-01 -5.436666607856750488e-01 -7.848528027534484863e-01 8.658082485198974609e-01 1.315779611468315125e-02 7.253935337066650391e-01 3.707451522350311279e-01 9.850405454635620117e-01 -9.165802001953125000e-01 -8.532803654670715332e-01 -7.957844734191894531e-01 -6.087614893913269043e-01 -9.548075795173645020e-01 1.591805517673492432e-01 -5.657110214233398438e-01
8.578493595123291016e-01 6.229951381683349609e-01 -4.825617969036102295e-01 -7.285023927688598633e-01 8.797529935836791992e-01 -7.916805893182754517e-02 7.396873235702514648e-01 3.939393460750579834e-01 9.823105335235595703e-01 -8.983053565025329590e-01 -8.311611413955688477e-01 -8.230966329574584961e-01 -5.535550713539123535e-01 -9.559544324874877930e-01 2.535615563392639160e-01 -5.670966506004333496e-01
8.552107810974121094e-01 5.016072392463684082e-01 -4.223439097404479980e-01 -6.617843508720397949e-01 8.896717429161071777e-01 -1.612607687711715698e-01 7.490413784980773926e-01 4.146744608879089355e-01 9.788568615913391113e-01 -8.755398988723754883e-01 -8.044606447219848633e-01 -8.448031544685363770e-01 -4.940697252750396729e-01 -9.561060667037963867e-01 3.364880979061126709e-01 -5.676663517951965332e-01
8.495872616767883301e-01 3.716104626655578613e-01 -3.639434576034545898e-01 -5.840786695480346680e-01 8.961529135704040527e-01 -2.340305298566818237e-01 7.545375823974609375e-01 4.329846799373626709e-01 9.744796752929687500e-01 -8.478762507438659668e-01 -7.709912061691284180e-01 -8.621490001678466797e-01 -4.306079745292663574e-01 -9.550983905792236328e-01 4.100174307823181152e-01 -5.670856833457946777e-01
8.417494297027587891e-01 2.414782345294952393e-01 -3.082913458347320557e-01 -4.951617717742919922e-01 8.994557857513427734e-01 -2.985095381736755371e-01 7.568957805633544922e-01 4.487726986408233643e-01 9.689104557037353516e-01 -8.151802420616149902e-01 -7.279667854309082031e-01 -8.760489225387573242e-01 -3.627799153327941895e-01 -9.527125358581542969e-01 4.759150147438049316e-01 -5.648445487022399902e-01
8.323842287063598633e-01 1.181573420763015747e-01 -2.563149631023406982e-01 -3.954237699508666992e-01 8.995144367218017578e-01 -3.557056784629821777e-01 7.564243078231811523e-01 4.617604017257690430e-01 9.618024826049804688e-01 -7.777011394500732422e-01 -6.719757318496704102e-01 -8.871724009513854980e-01 -2.896139025688171387e-01 -9.486358761787414551e-01 5.354854464530944824e-01 -5.601971149444580078e-01
8.221455812454223633e-01 5.925983190536499023e-03 -2.089021056890487671e-01 -2.859916985034942627e-01 8.958865404129028320e-01 -4.065386056900024414e-01 7.529827356338500977e-01 4.714166224002838135e-01 9.527160525321960449e-01 -7.360802888870239258e-01 -5.991203784942626953e-01 -8.959991931915283203e-01 -2.097896337509155273e-01 -9.424015283584594727e-01 5.895730257034301758e-01 -5.520921349525451660e-01
8.116747736930847168e-01 -9.348973631858825684e-02 -1.668616086244583130e-01 -1.687720268964767456e-01 8.876317739486694336e-01 -4.518176317214965820e-01 7.459357976913452148e-01 4.768604040145874023e-01 9.411054849624633789e-01 -6.912534832954406738e-01 -5.055429935455322266e-01 -9.028527140617370605e-01 -1.219899356365203857e-01 -9.333094358444213867e-01 6.386474370956420898e-01 -5.391001105308532715e-01
8.015919923782348633e-01 -1.801725029945373535e-01 -1.309012472629547119e-01 -4.646706208586692810e-02 8.731071949005126953e-01 -4.922292828559875488e-01 7.340866327285766602e-01 4.767495691776275635e-01 9.263291954994201660e-01 -6.442775130271911621e-01 -3.886454105377197266e-01 -9.079168438911437988e-01 -2.537050843238830566e-02 -9.203290939331054688e-01 6.829137802124023438e-01 -5.193539261817932129e-01
7.924644351005554199e-01 -2.552177011966705322e-01 -1.016295701265335083e-01 7.740499079227447510e-02 8.497073650360107422e-01 -5.283196568489074707e-01 7.156012058258056641e-01 4.691965579986572266e-01 9.077267050743103027e-01 -5.961347818374633789e-01 -2.490874826908111572e-01 -9.112381935119628906e-01 7.984936982393264771e-02 -9.020113945007324219e-01 7.224088907241821289e-01 -4.905369579792022705e-01
7.847539186477661133e-01 -3.201376795768737793e-01 -7.957921177148818970e-02 1.985772103071212769e-01 8.137199282646179199e-01 -5.604749917984008789e-01 6.879711747169494629e-01 4.518153369426727295e-01 8.848122358322143555e-01 -5.475869178771972656e-01 -9.272637218236923218e-02 -9.127139449119567871e-01 1.917718201875686646e-01 -8.764786720275878906e-01 7.570884227752685547e-01 -4.499745666980743408e-01
7.787528634071350098e-01 -3.764961957931518555e-01 -6.525204330682754517e-02 3.124175667762756348e-01 7.607293725013732910e-01 -5.889272689819335938e-01 6.481001973152160645e-01 4.220457077026367188e-01 8.575738072395324707e-01 -4.991615116596221924e-01 6.952539831399917603e-02 -9.120564460754394531e-01 3.065257072448730469e-01 -8.416125774383544922e-01 7.869253158569335938e-01 -3.948934674263000488e-01
7.745291590690612793e-01 -4.257208704948425293e-01 -5.918561294674873352e-02 4.147419333457946777e-01 6.870721578598022461e-01 -6.138072013854980469e-01 5.925891995429992676e-01 3.777983486652374268e-01 8.267186284065246582e-01 -4.513113498687744141e-01 2.251261621713638306e-01 -9.087167978286743164e-01 4.187758564949035645e-01 -7.955123186111450195e-01 8.120211362838745117e-01 -3.228843808174133301e-01
7.719206809997558594e-01 -4.690317511558532715e-01 -6.201896816492080688e-02 5.026868581771850586e-01 5.920357704162597656e-01 -6.352271437644958496e-01 5.182375907897949219e-01 3.181913197040557861e-01 7.936354279518127441e-01 -4.046334028244018555e-01 3.643922209739685059e-01 -9.017356634140014648e-01 5.230811834335327148e-01 -7.371212244033813477e-01 8.326786160469055176e-01 -2.325471192598342896e-01
7.706049084663391113e-01 -5.074336528778076172e-01 -7.450847327709197998e-02 5.750370025634765625e-01 4.791637063026428223e-01 -6.533383131027221680e-01 4.227790832519531250e-01 2.440133690834045410e-01 7.600553035736083984e-01 -3.599458038806915283e-01 4.825740456581115723e-01 -8.894960284233093262e-01 6.153577566146850586e-01 -6.668062210083007812e-01 8.493837118148803711e-01 -1.242435276508331299e-01
7.702052593231201172e-01 -5.417398810386657715e-01 -9.745807200670242310e-02 6.318622827529907227e-01 3.553125858306884766e-01 -6.683256030082702637e-01 3.058995306491851807e-01 1.577406227588653564e-01 7.276360988616943359e-01 -3.181840181350708008e-01 5.790576934814453125e-01 -8.693777918815612793e-01 6.935989856719970703e-01 -5.866906642913818359e-01 8.627153635025024414e-01 -7.685497403144836426e-04
7.703768610954284668e-01 -5.726075172424316406e-01 -1.315784454345703125e-01 6.738297939300537109e-01 2.282383739948272705e-01 -6.803501844406127930e-01 1.703430712223052979e-01 6.314012408256530762e-02 6.976557374000549316e-01 -2.802737355232238770e-01 6.555503010749816895e-01 -8.373667001724243164e-01 7.577071785926818848e-01 -5.005161166191101074e-01 8.732458353042602539e-01 1.324332505464553833e-01
7.708501815795898438e-01 -6.005642414093017578e-01 -1.773144006729125977e-01 7.015466690063476562e-01 1.045125871896743774e-01 -6.894753575325012207e-01 2.238740026950836182e-02 -3.543223813176155090e-02 6.708588004112243652e-01 -2.470852136611938477e-01 7.146129608154296875e-01 -7.877832651138305664e-01 8.088641762733459473e-01 -4.129022657871246338e-01 8.814724087715148926e-01 2.678855359554290771e-01
7.714403867721557617e-01 -6.259984970092773438e-01 -2.346697747707366943e-01 7.150349617004394531e-01 -1.140959560871124268e-02 -6.955982446670532227e-01 -1.291237771511077881e-01 -1.338394284248352051e-01 6.474506855010986328e-01 -2.194201052188873291e-01 7.588080167770385742e-01 -7.134785652160644531e-01 8.488796949386596680e-01 -3.283056020736694336e-01 8.877824544906616211e-01 3.975368142127990723e-01
7.720354795455932617e-01 -6.490728259086608887e-01 -3.030450344085693359e-01 7.132732272148132324e-01 -1.172134727239608765e-01 -6.983811855316162109e-01 -2.750665247440338135e-01 -2.287894487380981445e-01 6.272144317626953125e-01 -1.979542821645736694e-01 7.902816534042358398e-01 -6.069660186767578125e-01 8.797119259834289551e-01 -2.502768933773040771e-01 8.924362659454345703e-01 5.145109891891479492e-01
7.725756168365478516e-01 -6.694849729537963867e-01 -3.810742497444152832e-01 6.937303543090820312e-01 -2.122817635536193848e-01 -6.971626281738281250e-01 -4.083429276943206787e-01 -3.180639147758483887e-01 6.096867322921752930e-01 -1.831580549478530884e-01 8.105680346488952637e-01 -4.627920091152191162e-01 9.031771421432495117e-01 -1.813320070505142212e-01 8.955516219139099121e-01 6.143741607666015625e-01
7.730330824851989746e-01 -6.859112977981567383e-01 -4.664114713668823242e-01 6.519874334335327148e-01 -2.970466911792755127e-01 -6.908400654792785645e-01 -5.249297618865966797e-01 -4.003586173057556152e-01 5.943177938461303711e-01 -1.752920299768447876e-01 8.204610943794250488e-01 -2.808779180049896240e-01 9.208068847656250000e-01 -1.232385113835334778e-01 8.970752358436584473e-01 6.954662799835205078e-01
7.733979225158691406e-01 -6.948326826095581055e-01 -5.554563403129577637e-01 5.820000171661376953e-01 -3.723233342170715332e-01 -6.777539253234863281e-01 -6.235296130180358887e-01 -4.749373197555541992e-01 5.805776119232177734e-01 -1.745506823062896729e-01 8.198530673980712891e-01 -6.965086609125137329e-02 9.338037967681884766e-01 -7.735747098922729492e-02 8.967291712760925293e-01 7.584130764007568359e-01
7.736691236495971680e-01 -6.884799599647521973e-01 -6.432296037673950195e-01 4.782208800315856934e-01 -4.388314485549926758e-01 -6.556544899940490723e-01 -7.046157717704772949e-01 -5.413354635238647461e-01 5.680114030838012695e-01 -1.813404262065887451e-01 8.074710369110107422e-01 1.532482355833053589e-01 9.430565834045410156e-01 -4.488612711429595947e-02 8.939192891120910645e-01 8.052592873573303223e-01
7.738454341888427734e-01 -6.526788473129272461e-01 -7.238905429840087891e-01 3.403621017932891846e-01 -4.970682263374328613e-01 -6.218560338020324707e-01 -7.696703076362609863e-01 -5.992591381072998047e-01 5.562674999237060547e-01 -1.965804249048233032e-01 7.804429531097412109e-01 3.648034632205963135e-01 9.491891860961914062e-01 -2.709624730050563812e-02 8.875895738601684570e-01 8.386327028274536133e-01
