5.641836300492286682e-02 6.129198707640171051e-03 -1.372700184583663940e-01 2.065099962055683136e-02 -1.384453028440475464e-01 6.958442926406860352e-02 3.720487654209136963e-02 -1.824469566345214844e-01 3.094272874295711517e-02 -6.313508749008178711e-02 3.587339818477630615e-02 2.736443653702735901e-02 5.325779318809509277e-02 1.224737912416458130e-01 7.432640343904495239e-02 1.095632761716842651e-01
9.852682054042816162e-02 5.106830596923828125e-02 -2.771307229995727539e-01 3.738308325409889221e-03 -2.537956833839416504e-01 1.436502635478973389e-01 -2.332094870507717133e-02 -3.156139552593231201e-01 5.144185945391654968e-02 -1.398690789937973022e-01 3.599560260772705078e-02 1.176594123244285583e-01 1.240323707461357117e-01 2.229054570198059082e-01 1.207498013973236084e-01 1.815623342990875244e-01
1.256520748138427734e-01 1.394092291593551636e-01 -4.118289053440093994e-01 -6.309609115123748779e-02 -3.520562648773193359e-01 2.373799383640289307e-01 -1.455809772014617920e-01 -4.125056266784667969e-01 7.001228630542755127e-02 -2.217478752136230469e-01 -5.591830238699913025e-03 2.551788687705993652e-01 1.917116045951843262e-01 2.839668393135070801e-01 1.360027194023132324e-01 2.139453142881393433e-01
1.369147896766662598e-01 2.701091766357421875e-01 -5.350265502929687500e-01 -1.746726483106613159e-01 -4.352855682373046875e-01 3.539314866065979004e-01 -2.920172214508056641e-01 -4.834215939044952393e-01 9.276916086673736572e-02 -3.040872812271118164e-01 -9.233695268630981445e-02 4.151948392391204834e-01 2.425395995378494263e-01 2.947336435317993164e-01 1.127207428216934204e-01 2.034465074539184570e-01
1.283669471740722656e-01 4.292071461677551270e-01 -6.417870521545410156e-01 -3.061761856079101562e-01 -5.036498308181762695e-01 4.844805598258972168e-01 -4.338349699974060059e-01 -5.348541736602783203e-01 1.253554522991180420e-01 -3.849338889122009277e-01 -2.157022207975387573e-01 5.693443417549133301e-01 2.670736908912658691e-01 2.470520734786987305e-01 3.899768367409706116e-02 1.505913883447647095e-01
9.120661020278930664e-02 5.917174816131591797e-01 -7.296516895294189453e-01 -4.317477047443389893e-01 -5.555451512336730957e-01 6.137461662292480469e-01 -5.535117387771606445e-01 -5.702620148658752441e-01 1.735957711935043335e-01 -4.626230597496032715e-01 -3.559522926807403564e-01 6.951993703842163086e-01 2.584865689277648926e-01 1.390604525804519653e-01 -9.351494908332824707e-02 6.490972638130187988e-02
1.349137350916862488e-02 7.326259016990661621e-01 -7.990712523460388184e-01 -5.392034053802490234e-01 -5.874463319778442383e-01 7.278130650520324707e-01 -6.412422657012939453e-01 -5.913513302803039551e-01 2.427929341793060303e-01 -5.344763994216918945e-01 -4.942849278450012207e-01 7.831564545631408691e-01 2.135919332504272461e-01 -1.669253408908843994e-02 -2.769635617733001709e-01 -3.595193475484848022e-02
-1.121427044272422791e-01 8.378926515579223633e-01 -8.523389697074890137e-01 -6.269696354866027832e-01 -5.939958095550537109e-01 8.186522722244262695e-01 -6.906285881996154785e-01 -5.986708402633666992e-01 3.359971046447753906e-01 -5.976175665855407715e-01 -6.191772818565368652e-01 8.356689214706420898e-01 1.358275711536407471e-01 -1.928150355815887451e-01 -4.819573462009429932e-01 -1.349526643753051758e-01
-2.745017409324645996e-01 9.072031974792480469e-01 -8.921379446983337402e-01 -6.973345875740051270e-01 -5.699836015701293945e-01 8.845098614692687988e-01 -6.963392496109008789e-01 -5.915650129318237305e-01 4.511835575103759766e-01 -6.505711078643798828e-01 -7.247031927108764648e-01 8.609110116958618164e-01 3.578848391771316528e-02 -3.596642315387725830e-01 -6.684561371803283691e-01 -2.226651310920715332e-01
-4.330359995365142822e-01 9.486016035079956055e-01 -9.208846092224121094e-01 -7.532557249069213867e-01 -5.145878195762634277e-01 9.280272722244262695e-01 -6.546261310577392578e-01 -5.683269500732421875e-01 5.783125758171081543e-01 -6.940482258796691895e-01 -8.083453774452209473e-01 8.663842082023620605e-01 -7.370729744434356689e-02 -4.993607699871063232e-01 -8.073983192443847656e-01 -2.964887022972106934e-01
-5.340523719787597656e-01 9.716750979423522949e-01 -9.406981468200683594e-01 -7.975834012031555176e-01 -4.330878257751464844e-01 9.538865685462951660e-01 -5.677713155746459961e-01 -5.275397300720214844e-01 7.006382942199707031e-01 -7.306288480758666992e-01 -8.703762292861938477e-01 8.552885055541992188e-01 -1.832168549299240112e-01 -6.086934804916381836e-01 -8.932926654815673828e-01 -3.566896915435791016e-01
-5.502426624298095703e-01 9.839309453964233398e-01 -9.534306526184082031e-01 -8.328945040702819824e-01 -3.330930173397064209e-01 9.669314026832580566e-01 -4.487957954406738281e-01 -4.702504873275756836e-01 8.024635910987854004e-01 -7.636815905570983887e-01 -9.135090112686157227e-01 8.256337642669677734e-01 -2.878245711326599121e-01 -6.927098035812377930e-01 -9.377057552337646484e-01 -4.042747020721435547e-01
-4.900379180908203125e-01 9.901819229125976562e-01 -9.605939984321594238e-01 -8.613151311874389648e-01 -2.206808477640151978e-01 9.709596037864685059e-01 -3.166662454605102539e-01 -4.006745815277099609e-01 8.766432404518127441e-01 -7.957533597946166992e-01 -9.418691396713256836e-01 7.714127302169799805e-01 -3.851481974124908447e-01 -7.575881481170654297e-01 -9.557154178619384766e-01 -4.408666491508483887e-01
-3.731512427330017090e-01 9.931715726852416992e-01 -9.632186889648437500e-01 -8.844281435012817383e-01 -9.986601769924163818e-02 9.681358337402343750e-01 -1.857736557722091675e-01 -3.247145414352416992e-01 9.250394105911254883e-01 -8.275600075721740723e-01 -9.595950841903686523e-01 6.847028732299804688e-01 -4.735210835933685303e-01 -8.077701330184936523e-01 -9.580544233322143555e-01 -4.686040282249450684e-01
-2.159563750028610229e-01 9.943304061889648438e-01 -9.617191553115844727e-01 -9.033138155937194824e-01 2.650235593318939209e-02 9.588218927383422852e-01 -6.220704689621925354e-02 -2.480328530073165894e-01 9.541255235671997070e-01 -8.583205938339233398e-01 -9.699009060859680176e-01 5.580146312713623047e-01 -5.514656305313110352e-01 -8.462589979171752930e-01 -9.496220946311950684e-01 -4.895946383476257324e-01
-3.245640918612480164e-02 9.943063855171203613e-01 -9.558209776878356934e-01 -9.186114072799682617e-01 1.557266116142272949e-01 9.414730668067932129e-01 5.369488522410392761e-02 -1.748298108577728271e-01 9.707801342010498047e-01 -8.866149187088012695e-01 -9.748350381851196289e-01 3.886484205722808838e-01 -6.177562475204467773e-01 -8.752777576446533203e-01 -9.303206801414489746e-01 -5.055664777755737305e-01
1.613149046897888184e-01 9.932534694671630859e-01 -9.445799589157104492e-01 -9.305255413055419922e-01 2.842027842998504639e-01 9.124503135681152344e-01 1.634696125984191895e-01 -1.074427589774131775e-01 9.802069664001464844e-01 -9.109997749328613281e-01 -9.754258990287780762e-01 1.859249919652938843e-01 -6.715289354324340820e-01 -8.965829610824584961e-01 -8.959046602249145508e-01 -5.178317427635192871e-01
3.455612659454345703e-01 9.909541606903076172e-01 -9.266308546066284180e-01 -9.387898445129394531e-01 4.066904187202453613e-01 8.663000464439392090e-01 2.673267722129821777e-01 -4.654224961996078491e-02 9.856039285659790039e-01 -9.303051829338073730e-01 -9.720051288604736328e-01 -2.585542947053909302e-02 -7.123373746871948242e-01 -9.117426872253417969e-01 -8.393833637237548828e-01 -5.273717045783996582e-01
5.016039609909057617e-01 9.868464469909667969e-01 -9.007936120033264160e-01 -9.427067041397094727e-01 5.170014500617980957e-01 7.977573871612548828e-01 3.630273342132568359e-01 8.316677063703536987e-03 9.886739850044250488e-01 -9.438349008560180664e-01 -9.647299051284790039e-01 -2.189351171255111694e-01 -7.400995492935180664e-01 -9.223555922508239746e-01 -7.551615238189697266e-01 -5.349264144897460938e-01
6.202965378761291504e-01 9.799764156341552734e-01 -8.667048811912536621e-01 -9.413745403289794922e-01 6.104002594947814941e-01 7.053572535514831543e-01 4.474959969520568848e-01 5.799577385187149048e-02 9.902791976928710938e-01 -9.515879154205322266e-01 -9.541304111480712891e-01 -3.780226111412048340e-01 -7.549407482147216797e-01 -9.299545288085937500e-01 -6.444875001907348633e-01 -5.410507917404174805e-01
7.036067843437194824e-01 9.688624143600463867e-01 -8.249080777168273926e-01 -9.339774250984191895e-01 6.855032444000244141e-01 5.934116244316101074e-01 5.189111828804016113e-01 1.032559722661972046e-01 9.908871650695800781e-01 -9.542249441146850586e-01 -9.411873817443847656e-01 -5.020977854728698730e-01 -7.571321725845336914e-01 -9.357274770736694336e-01 -5.158250331878662109e-01 -5.461415052413940430e-01
7.590076923370361328e-01 9.513303041458129883e-01 -7.765096426010131836e-01 -9.199218153953552246e-01 7.438747286796569824e-01 4.702060520648956299e-01 5.771456360816955566e-01 1.446276158094406128e-01 9.907751083374023438e-01 -9.526439905166625977e-01 -9.269151091575622559e-01 -5.968675613403320312e-01 -7.472506761550903320e-01 -9.404123425483703613e-01 -3.801061809062957764e-01 -5.504611730575561523e-01
7.942941188812255859e-01 9.244281053543090820e-01 -7.228487730026245117e-01 -8.988052010536193848e-01 7.884274125099182129e-01 3.444890975952148438e-01 6.231719255447387695e-01 1.824923455715179443e-01 9.901064634323120117e-01 -9.475330710411071777e-01 -9.119589328765869141e-01 -6.690611839294433594e-01 -7.263745069503784180e-01 -9.443773031234741211e-01 -2.466246783733367920e-01 -5.541688799858093262e-01
8.155305385589599609e-01 8.845505714416503906e-01 -6.653099060058593750e-01 -8.703027367591857910e-01 8.221691846847534180e-01 2.230110764503479004e-01 6.584863662719726562e-01 2.171572595834732056e-01 9.889668822288513184e-01 -9.391883015632629395e-01 -8.964538574218750000e-01 -7.243552803993225098e-01 -6.960693001747131348e-01 -9.477439522743225098e-01 -1.214468181133270264e-01 -5.573459267616271973e-01
8.269019722938537598e-01 8.279501199722290039e-01 -6.052216887474060059e-01 -8.340315818786621094e-01 8.476396799087524414e-01 1.098390743136405945e-01 6.847882270812988281e-01 2.488762736320495605e-01 9.873824715614318848e-01 -9.275438785552978516e-01 -8.800531029701232910e-01 -7.670662403106689453e-01 -6.581239700317382812e-01 -9.504885673522949219e-01 -7.415391504764556885e-03 -5.600099563598632812e-01
8.311700820922851562e-01 7.517786622047424316e-01 -5.438054800033569336e-01 -7.894369363784790039e-01 8.667837381362915039e-01 6.792433559894561768e-03 7.038000822067260742e-01 2.778480052947998047e-01 9.853270053863525391e-01 -9.122738838195800781e-01 -8.619887828826904297e-01 -8.003628253936767578e-01 -6.141756176948547363e-01 -9.525130987167358398e-01 9.507986903190612793e-02 -5.621168613433837891e-01
8.301674127578735352e-01 6.555089950561523438e-01 -4.821637868881225586e-01 -7.357443571090698242e-01 8.810048699378967285e-01 -8.579513430595397949e-02 7.171312570571899414e-01 3.042100965976715088e-01 9.827204346656799316e-01 -8.928983211517333984e-01 -8.410884141921997070e-01 -8.265475034713745117e-01 -5.653959512710571289e-01 -9.536840915679931641e-01 1.870919466018676758e-01 -5.635514855384826660e-01
8.251746296882629395e-01 5.420406460762023926e-01 -4.213024973869323730e-01 -6.720187067985534668e-01 8.912623524665832520e-01 -1.684131324291229248e-01 7.261554002761840820e-01 3.280308246612548828e-01 9.794234633445739746e-01 -8.688939213752746582e-01 -8.157284259796142578e-01 -8.472920656204223633e-01 -5.123164057731628418e-01 -9.538450241088867188e-01 2.702315151691436768e-01 -5.641075372695922852e-01
8.171733617782592773e-01 4.175431430339813232e-01 -3.621701300144195557e-01 -5.973410606384277344e-01 8.981543183326721191e-01 -2.419245690107345581e-01 7.319090366363525391e-01 3.492908477783203125e-01 9.752300381660461426e-01 -8.398285508155822754e-01 -7.837354540824890137e-01 -8.638135194778442383e-01 -4.547690749168395996e-01 -9.528082609176635742e-01 3.460733294486999512e-01 -5.634570121765136719e-01
8.069995641708374023e-01 2.897913753986358643e-01 -3.056900799274444580e-01 -5.110706686973571777e-01 9.019662141799926758e-01 -3.073011636734008789e-01 7.350232601165771484e-01 3.678472042083740234e-01 9.698575735092163086e-01 -8.055123090744018555e-01 -7.422643899917602539e-01 -8.769999742507934570e-01 -3.919002413749694824e-01 -9.503305554389953613e-01 4.158528447151184082e-01 -5.611077547073364258e-01
7.954298257827758789e-01 1.659410148859024048e-01 -2.527653574943542480e-01 -4.131219685077667236e-01 9.026750922203063965e-01 -3.654876947402954102e-01 7.356845140457153320e-01 3.833746016025543213e-01 9.629336595535278320e-01 -7.661184072494506836e-01 -6.877071261405944824e-01 -8.874967098236083984e-01 -3.222582042217254639e-01 -9.460692405700683594e-01 4.803746342658996582e-01 -5.563510060310363770e-01
7.832248210906982422e-01 5.101806670427322388e-02 -2.042561173439025879e-01 -3.041859567165374756e-01 8.999003171920776367e-01 -4.173447489738464355e-01 7.336066961288452148e-01 3.952791094779968262e-01 9.539768099784851074e-01 -7.222173810005187988e-01 -6.157529354095458984e-01 -8.957622051239013672e-01 -2.439925819635391235e-01 -9.395185708999633789e-01 5.400471687316894531e-01 -5.482006669044494629e-01
7.711424827575683594e-01 -5.240665003657341003e-02 -1.609486341476440430e-01 -1.858744770288467407e-01 8.927809596061706543e-01 -4.636304974555969238e-01 7.279894351959228516e-01 4.025825262069702148e-01 9.423786401748657227e-01 -6.747023463249206543e-01 -5.218580961227416992e-01 -9.021008610725402832e-01 -1.552130132913589478e-01 -9.299198389053344727e-01 5.949750542640686035e-01 -5.353302955627441406e-01
7.599168419837951660e-01 -1.437327861785888672e-01 -1.235344931483268738e-01 -6.081487238407135010e-02 8.797600269317626953e-01 -5.049886703491210938e-01 7.174520492553710938e-01 4.037868976593017578e-01 9.274116754531860352e-01 -6.246292591094970703e-01 -4.025457799434661865e-01 -9.066789746284484863e-01 -5.456821620464324951e-02 -9.161485433578491211e-01 6.450585126876831055e-01 -5.160211324691772461e-01
7.502019405364990234e-01 -2.236016541719436646e-01 -9.260742366313934326e-02 6.728163361549377441e-02 8.582857251167297363e-01 -5.419265627861022949e-01 6.999616622924804688e-01 3.967701494693756104e-01 9.083179235458374023e-01 -5.730234384536743164e-01 -2.578098773956298828e-01 -9.095273613929748535e-01 5.789682641625404358e-02 -8.966052532196044922e-01 6.900765895843505859e-01 -4.881502985954284668e-01
7.424885034561157227e-01 -2.932649850845336914e-01 -6.867771595716476440e-02 1.936725378036499023e-01 8.245895504951477051e-01 -5.747893452644348145e-01 6.728307008743286133e-01 3.788472414016723633e-01 8.845494389533996582e-01 -5.207231044769287109e-01 -9.376718103885650635e-02 -9.105308651924133301e-01 1.797311305999755859e-01 -8.691991567611694336e-01 7.297649979591369629e-01 -4.492698013782501221e-01
7.370118498802185059e-01 -3.541532158851623535e-01 -5.220922455191612244e-02 3.130349516868591309e-01 7.740207314491271973e-01 -6.037636399269104004e-01 6.329102516174316406e-01 3.471943736076354980e-01 8.561524152755737305e-01 -4.683670401573181152e-01 7.713516801595687866e-02 -9.093998074531555176e-01 3.055310845375061035e-01 -8.315797448158264160e-01 7.639261484146118164e-01 -3.968381285667419434e-01
7.336957454681396484e-01 -4.076290428638458252e-01 -4.369079321622848511e-02 4.204854369163513184e-01 7.025851011276245117e-01 -6.289415359497070312e-01 5.770664811134338379e-01 2.996900081634521484e-01 8.240628838539123535e-01 -4.165903329849243164e-01 2.403360158205032349e-01 -9.056035876274108887e-01 4.278100728988647461e-01 -7.817051410675048828e-01 7.925741076469421387e-01 -3.286339044570922852e-01
7.321926355361938477e-01 -4.548778831958770752e-01 -4.372915253043174744e-02 5.127096176147460938e-01 6.094388365745544434e-01 -6.504209637641906738e-01 5.028336048126220703e-01 2.358204126358032227e-01 7.899850010871887207e-01 -3.662864565849304199e-01 3.848984837532043457e-01 -8.982341289520263672e-01 5.393443107604980469e-01 -7.185693979263305664e-01 8.160303235054016113e-01 -2.433249950408935547e-01
7.320207357406616211e-01 -4.968812465667724609e-01 -5.310115218162536621e-02 5.883967280387878418e-01 4.983903169631958008e-01 -6.683688163757324219e-01 4.090359508991241455e-01 1.571169048547744751e-01 7.558801770210266113e-01 -3.186325132846832275e-01 5.059448480606079102e-01 -8.857796192169189453e-01 6.354247927665710449e-01 -6.427730321884155273e-01 8.348841667175292969e-01 -1.411285400390625000e-01
7.327095270156860352e-01 -5.344312787055969238e-01 -7.270240038633346558e-02 6.478036642074584961e-01 3.767637014389038086e-01 -6.830054521560668945e-01 2.963380217552185059e-01 6.694957613945007324e-02 7.234521508216857910e-01 -2.748405933380126953e-01 6.033805012702941895e-01 -8.658215999603271484e-01 7.145159840583801270e-01 -5.567560791969299316e-01 8.498534560203552246e-01 -2.441488206386566162e-02
7.338781952857971191e-01 -5.681641101837158203e-01 -1.033947914838790894e-01 6.919447779655456543e-01 2.526302933692932129e-01 -6.945323348045349121e-01 1.677455306053161621e-01 -3.013290092349052429e-02 6.938685774803161621e-01 -2.359145879745483398e-01 6.795761585235595703e-01 -8.347109556198120117e-01 7.774875164031982422e-01 -4.645564556121826172e-01 8.616459965705871582e-01 1.020697876811027527e-01
7.352530360221862793e-01 -5.985870361328125000e-01 -1.458036899566650391e-01 7.218554615974426270e-01 1.325548440217971802e-01 -7.030481100082397461e-01 2.875468879938125610e-02 -1.292634904384613037e-01 6.676992177963256836e-01 -2.025890946388244629e-01 7.376723289489746094e-01 -7.873525023460388184e-01 8.264560103416442871e-01 -3.710217475891113281e-01 8.708747029304504395e-01 2.316999435424804688e-01
7.366561293601989746e-01 -6.260699033737182617e-01 -2.001145780086517334e-01 7.380449771881103516e-01 2.071323245763778687e-02 -7.084788084030151367e-01 -1.133619621396064758e-01 -2.260713279247283936e-01 6.449945569038391113e-01 -1.753795444965362549e-01 7.806807756423950195e-01 -7.173522114753723145e-01 8.639042377471923828e-01 -2.807828187942504883e-01 8.780211210250854492e-01 3.572011291980743408e-01
7.379842400550842285e-01 -6.507610678672790527e-01 -2.658990025520324707e-01 7.400566935539245605e-01 -8.099544793367385864e-02 -7.105154395103454590e-01 -2.511476576328277588e-01 -3.172242641448974609e-01 6.254420280456542969e-01 -1.546213477849960327e-01 8.110862374305725098e-01 -6.178762912750244141e-01 8.921912908554077148e-01 -1.975404769182205200e-01 8.834245800971984863e-01 4.721589684486389160e-01
7.391866445541381836e-01 -6.723631620407104492e-01 -3.419641256332397461e-01 7.260284423828125000e-01 -1.723798513412475586e-01 -7.085402607917785645e-01 -3.786371350288391113e-01 -4.005877971649169922e-01 6.085385680198669434e-01 -1.404755264520645142e-01 8.306839466094970703e-01 -4.834943115711212158e-01 9.133368730545043945e-01 -1.239371970295906067e-01 8.872761726379394531e-01 5.721552968025207520e-01
7.402448654174804688e-01 -6.896303296089172363e-01 -4.261742830276489258e-01 6.922583580017089844e-01 -2.542316615581512451e-01 -7.015334963798522949e-01 -4.922017455101013184e-01 -4.750622212886810303e-01 5.937282443046569824e-01 -1.329629123210906982e-01 8.404870629310607910e-01 -3.129569292068481445e-01 9.289592504501342773e-01 -6.183845177292823792e-02 8.896038532257080078e-01 6.551391482353210449e-01
7.411587834358215332e-01 -6.993324756622314453e-01 -5.152088999748229980e-01 6.331210136413574219e-01 -3.276268243789672852e-01 -6.879824399948120117e-01 -5.903587341308593750e-01 -5.402736067771911621e-01 5.804881453514099121e-01 -1.320953369140625000e-01 8.406037688255310059e-01 -1.122125387191772461e-01 9.402894377708435059e-01 -1.269465312361717224e-02 8.902359008789062500e-01 7.211025953292846680e-01
7.419385910034179688e-01 -6.944464445114135742e-01 -6.043953299522399902e-01 5.423246622085571289e-01 -3.934273421764373779e-01 -6.658610701560974121e-01 -6.730633974075317383e-01 -5.962961912155151367e-01 5.683692097663879395e-01 -1.381245106458663940e-01 8.300102949142456055e-01 1.040635108947753906e-01 9.482203722000122070e-01 2.218518592417240143e-02 8.887309432029724121e-01 7.714040279388427734e-01
7.425974011421203613e-01 -6.621543765068054199e-01 -6.880369186401367188e-01 4.167512953281402588e-01 -4.521274268627166748e-01 -6.327663064002990723e-01 -7.411230206489562988e-01 -6.434996128082275391e-01 5.570163726806640625e-01 -1.518526971340179443e-01 8.061417937278747559e-01 3.147420883178710938e-01 9.533698558807373047e-01 4.139271005988121033e-02 8.842579126358032227e-01 8.080769777297973633e-01
