-6.912611424922943115e-02 -5.453182756900787354e-02 -2.970027970150113106e-03 7.731079310178756714e-02 3.738135565072298050e-03 6.439124234020709991e-03 1.415769918821752071e-03 -9.486648440361022949e-02 -3.229828551411628723e-02 2.840741351246833801e-02 3.576575219631195068e-02 2.807716373354196548e-04 3.257343918085098267e-02 -1.376940403133630753e-02 4.131142515689134598e-03 1.586342155933380127e-01
-9.987631440162658691e-02 -8.478866517543792725e-02 -4.455738142132759094e-02 1.530214250087738037e-01 -1.916767284274101257e-02 2.364443801343441010e-02 2.476687543094158173e-02 -1.648326516151428223e-01 -8.809611946344375610e-02 3.907325863838195801e-02 7.953384518623352051e-02 2.415506541728973389e-02 7.101300358772277832e-02 1.819711178541183472e-02 3.033571178093552589e-03 2.667218446731567383e-01
-1.032079011201858521e-01 -9.211983531713485718e-02 -1.091390848159790039e-01 2.183076888322830200e-01 -6.716205179691314697e-02 5.416955798864364624e-02 4.998430609703063965e-02 -2.195397317409515381e-01 -1.507650911808013916e-01 3.060898371040821075e-02 1.282384395599365234e-01 6.509877741336822510e-02 1.109291687607765198e-01 8.909632265567779541e-02 -2.816421911120414734e-04 3.411622345447540283e-01
-9.148670732975006104e-02 -7.854591310024261475e-02 -1.850429028272628784e-01 2.691194117069244385e-01 -1.339679658412933350e-01 1.003961563110351562e-01 6.495412439107894897e-02 -2.653803527355194092e-01 -2.100195884704589844e-01 2.872839570045471191e-03 1.777944564819335938e-01 1.179830357432365417e-01 1.493485867977142334e-01 1.883245259523391724e-01 -2.867512404918670654e-03 3.911919593811035156e-01
-7.452953606843948364e-02 -4.679178446531295776e-02 -2.646634280681610107e-01 3.045510947704315186e-01 -2.117589414119720459e-01 1.628163754940032959e-01 6.542955338954925537e-02 -3.063406944274902344e-01 -2.604972720146179199e-01 -4.261912405490875244e-02 2.248664796352386475e-01 1.784057766199111938e-01 1.840815246105194092e-01 3.021700084209442139e-01 -2.925123088061809540e-03 4.215970635414123535e-01
-5.861018598079681396e-02 1.052767038345336914e-04 -3.434464931488037109e-01 3.254207670688629150e-01 -2.933558821678161621e-01 2.386397719383239746e-01 5.254542827606201172e-02 -3.440349996089935303e-01 -3.000853359699249268e-01 -1.027101129293441772e-01 2.673024237155914307e-01 2.424489706754684448e-01 2.137739509344100952e-01 4.165579676628112793e-01 5.380832590162754059e-05 4.348523616790771484e-01
-4.694420844316482544e-02 5.904197320342063904e-02 -4.187915325164794922e-01 3.332572579383850098e-01 -3.732706010341644287e-01 3.218223452568054199e-01 3.006061539053916931e-02 -3.779974281787872314e-01 -3.285419940948486328e-01 -1.731233894824981689e-01 3.039139807224273682e-01 3.067573308944702148e-01 2.379117161035537720e-01 5.200139284133911133e-01 5.595850292593240738e-03 4.324841499328613281e-01
-4.054437950253486633e-02 1.268330216407775879e-01 -4.892224073410034180e-01 3.297004997730255127e-01 -4.478796422481536865e-01 4.047488272190093994e-01 2.181820571422576904e-03 -4.065404236316680908e-01 -3.465696275234222412e-01 -2.492716312408447266e-01 3.340927958488464355e-01 3.686753511428833008e-01 2.566330432891845703e-01 6.055048704147338867e-01 1.268407702445983887e-02 4.158621430397033691e-01
-3.901238739490509033e-02 2.001347541809082031e-01 -5.538761615753173828e-01 3.162127435207366943e-01 -5.151392221450805664e-01 4.806260764598846436e-01 -2.773029170930385590e-02 -4.278739094734191895e-01 -3.552758693695068359e-01 -3.269990682601928711e-01 3.574788570404052734e-01 4.262782335281372070e-01 2.704466581344604492e-01 6.706236600875854492e-01 2.015240490436553955e-02 3.865552544593811035e-01
-4.119890928268432617e-02 2.755176424980163574e-01 -6.122401952743530273e-01 2.939793169498443604e-01 -5.741579532623291016e-01 5.451512932777404785e-01 -5.762022733688354492e-02 -4.409183561801910400e-01 -3.558858036994934082e-01 -4.030041098594665527e-01 3.737313449382781982e-01 4.782868623733520508e-01 2.799689471721649170e-01 7.164171934127807617e-01 2.695934474468231201e-02 3.463625907897949219e-01
-4.573325067758560181e-02 3.497093319892883301e-01 -6.640342473983764648e-01 2.639090418815612793e-01 -6.247931718826293945e-01 5.967576503753662109e-01 -8.662495017051696777e-02 -4.455036520957946777e-01 -3.495861291885375977e-01 -4.749140143394470215e-01 3.823900818824768066e-01 5.239309072494506836e-01 2.857414484024047852e-01 7.456820011138916016e-01 3.232446312904357910e-02 2.971771359443664551e-01
-5.139537155628204346e-02 4.198773503303527832e-01 -7.091481685638427734e-01 2.266856729984283447e-01 -6.673278808593750000e-01 6.358292102813720703e-01 -1.146998777985572815e-01 -4.420963525772094727e-01 -3.374344706535339355e-01 -5.411434769630432129e-01 3.828030228614807129e-01 5.628135204315185547e-01 2.881364822387695312e-01 7.615044116973876953e-01 3.575016930699348450e-02 2.408413738012313843e-01
-5.730718746781349182e-02 4.838207066059112549e-01 -7.475892901420593262e-01 1.828457415103912354e-01 -7.022337913513183594e-01 6.636802554130554199e-01 -1.422114670276641846e-01 -4.313974976539611816e-01 -3.203072845935821533e-01 -6.006880998611450195e-01 3.741000294685363770e-01 5.947975516319274902e-01 2.873272597789764404e-01 7.663931846618652344e-01 3.697288408875465393e-02 1.790757477283477783e-01
-6.296493113040924072e-02 5.400243997573852539e-01 -7.794247865676879883e-01 1.328687667846679688e-01 -7.300037145614624023e-01 6.817992925643920898e-01 -1.696138083934783936e-01 -4.140486717224121094e-01 -2.988741695880889893e-01 -6.529401540756225586e-01 3.552049398422241211e-01 6.199074983596801758e-01 2.832931876182556152e-01 7.619483470916748047e-01 3.589074313640594482e-02 1.134710609912872314e-01
-6.816937774419784546e-02 5.876030921936035156e-01 -8.047200441360473633e-01 7.726500928401947021e-02 -7.510343790054321289e-01 6.914539337158203125e-01 -1.972408592700958252e-01 -3.904984593391418457e-01 -2.735895216464996338e-01 -6.975513100624084473e-01 3.248904943466186523e-01 6.382405161857604980e-01 2.758393287658691406e-01 7.488483190536499023e-01 3.250036388635635376e-02 4.550327733159065247e-02
-7.291327416896820068e-02 6.261811256408691406e-01 -8.234729766845703125e-01 1.664618030190467834e-02 -7.655364274978637695e-01 6.935539245605468750e-01 -2.252003997564315796e-01 -3.609823584556579590e-01 -2.446923404932022095e-01 -7.343347072601318359e-01 2.818905711174011230e-01 6.498786211013793945e-01 2.646195888519287109e-01 7.269619703292846680e-01 2.685710601508617401e-02 -2.345770969986915588e-02
-7.726588845252990723e-02 6.557480096817016602e-01 -8.355395793914794922e-01 -4.823206737637519836e-02 -7.734528183937072754e-01 6.886483430862426758e-01 -2.533399760723114014e-01 -3.255586624145507812e-01 -2.122085690498352051e-01 -7.631881237030029297e-01 2.250870168209075928e-01 6.547976732254028320e-01 2.491616308689117432e-01 6.954858303070068359e-01 1.905783452093601227e-02 -9.214978665113449097e-02
-8.127320557832717896e-02 6.765131950378417969e-01 -8.405417203903198242e-01 -1.164596006274223328e-01 -7.743680477142333984e-01 6.769810318946838379e-01 -2.812549769878387451e-01 -2.841721773147583008e-01 -1.759526729583740234e-01 -7.840218544006347656e-01 1.537819653749465942e-01 6.527688503265380859e-01 2.288950532674789429e-01 6.530886888504028320e-01 9.238585829734802246e-03 -1.594228148460388184e-01
-8.487849682569503784e-02 6.887744665145874023e-01 -8.377466797828674316e-01 -1.869864761829376221e-01 -7.673962712287902832e-01 6.585665941238403320e-01 -3.083150684833526611e-01 -2.367480993270874023e-01 -1.355306655168533325e-01 -7.966811656951904297e-01 6.804843246936798096e-02 6.432501077651977539e-01 2.031859159469604492e-01 5.980982780456542969e-01 -2.420342061668634415e-03 -2.242378741502761841e-01
-8.786332607269287109e-02 6.928085088729858398e-01 -8.259074687957763672e-01 -2.586478292942047119e-01 -7.510476708412170410e-01 6.332791447639465332e-01 -3.336912095546722412e-01 -1.833363771438598633e-01 -9.035113453865051270e-02 -8.008577823638916016e-01 -3.087933361530303955e-02 6.252670288085937500e-01 1.713812202215194702e-01 5.288025140762329102e-01 -1.568586006760597229e-02 -2.856593132019042969e-01
-8.980967104434967041e-02 6.887857913970947266e-01 -8.030580878257751465e-01 -3.301808536052703857e-01 -7.231031656265258789e-01 6.009528636932373047e-01 -3.563705086708068848e-01 -1.243269890546798706e-01 -3.965859115123748779e-02 -7.959949374198913574e-01 -1.402611732482910156e-01 5.972975492477416992e-01 1.328672468662261963e-01 4.439393877983093262e-01 -3.025774285197257996e-02 -3.428457975387573242e-01
-9.008767455816268921e-02 6.767081618309020996e-01 -7.662755250930786133e-01 -4.002210497856140137e-01 -6.805913448333740234e-01 5.614981651306152344e-01 -3.751524388790130615e-01 -6.072594225406646729e-02 1.738693192601203918e-02 -7.812001109123229980e-01 -2.556885778903961182e-01 5.571974515914916992e-01 8.714462071657180786e-02 3.434028625488281250e-01 -4.573881626129150391e-02 -3.950495123863220215e-01
-8.787908405065536499e-02 6.563556194305419922e-01 -7.114709615707397461e-01 -4.672753214836120605e-01 -6.200569272041320801e-01 5.150310993194580078e-01 -3.886261582374572754e-01 5.590431392192840576e-03 8.155538886785507202e-02 -7.551923394203186035e-01 -3.712721467018127441e-01 5.022508502006530762e-01 3.392384201288223267e-02 2.290346920490264893e-01 -6.157244741916656494e-02 -4.416320919990539551e-01
-8.225664496421813965e-02 6.272152066230773926e-01 -6.334012150764465332e-01 -5.296785831451416016e-01 -5.383572578430175781e-01 4.620085358619689941e-01 -3.951405286788940430e-01 7.181607931852340698e-02 1.532971113920211792e-01 -7.163203954696655273e-01 -4.803035259246826172e-01 4.294831752777099609e-01 -2.675264514982700348e-02 1.051337793469429016e-01 -7.692594826221466064e-02 -4.820981621742248535e-01
-7.234667986631393433e-02 5.883609056472778320e-01 -5.263615250587463379e-01 -5.855395793914794922e-01 -4.340183734893798828e-01 4.033475518226623535e-01 -3.927921056747436523e-01 1.345405578613281250e-01 2.324132174253463745e-01 -6.626892089843750000e-01 -5.763429999351501465e-01 3.363923132419586182e-01 -9.434893727302551270e-02 -2.182782441377639771e-02 -9.051090478897094727e-02 -5.161285400390625000e-01
-5.758228898048400879e-02 5.382956266403198242e-01 -3.862882852554321289e-01 -6.326615810394287109e-01 -3.086406290531158447e-01 3.404828906059265137e-01 -3.794875442981719971e-01 1.904819160699844360e-01 3.177119195461273193e-01 -5.924259424209594727e-01 -6.544051170349121094e-01 2.221471369266510010e-01 -1.676138043403625488e-01 -1.445131599903106689e-01 -1.003851816058158875e-01 -5.435788035392761230e-01
-3.797362744808197021e-02 4.749156832695007324e-01 -2.145324349403381348e-01 -6.683977842330932617e-01 -1.674511134624481201e-01 2.752842903137207031e-01 -3.531925678253173828e-01 2.373512387275695801e-01 4.067383110523223877e-01 -5.041535496711730957e-01 -7.117216587066650391e-01 8.901424705982208252e-02 -2.442975938320159912e-01 -2.565754652023315430e-01 -1.038946881890296936e-01 -5.644129514694213867e-01
-1.422389969229698181e-02 3.959808349609375000e-01 -2.131798118352890015e-02 -6.894461512565612793e-01 -1.853708177804946899e-02 2.097790837287902832e-01 -3.125336468219757080e-01 2.744277715682983398e-01 4.956465959548950195e-01 -3.978047072887420654e-01 -7.477144002914428711e-01 -5.664558336138725281e-02 -3.208898901939392090e-01 -3.540810048580169678e-01 -9.801923483610153198e-02 -5.785778760910034180e-01
1.242934726178646088e-02 3.004271686077117920e-01 1.753136217594146729e-01 -6.917828917503356934e-01 1.288310140371322632e-01 1.457647085189819336e-01 -2.577487230300903320e-01 3.025811016559600830e-01 5.793214440345764160e-01 -2.757123410701751709e-01 -7.632861137390136719e-01 -2.048059850931167603e-01 -3.926081657409667969e-01 -4.358409047126770020e-01 -8.027324080467224121e-02 -5.858734846115112305e-01
4.049546271562576294e-02 1.900429576635360718e-01 3.563005030155181885e-01 -6.711816787719726562e-01 2.660612463951110840e-01 8.453525602817535400e-02 -1.913867145776748657e-01 3.237583637237548828e-01 6.519730687141418457e-01 -1.431609839200973511e-01 -7.599074840545654297e-01 -3.442317545413970947e-01 -4.539322257041931152e-01 -5.027852058410644531e-01 -4.981447756290435791e-02 -5.858938694000244141e-01
6.835512816905975342e-02 7.000786066055297852e-02 5.088527202606201172e-01 -6.245709657669067383e-01 3.867491483688354492e-01 2.684837207198143005e-02 -1.178541481494903564e-01 3.402004539966583252e-01 7.082803249359130859e-01 -7.389813661575317383e-03 -7.389094233512878418e-01 -4.659366309642791748e-01 -4.996895790100097656e-01 -5.569617748260498047e-01 -7.954442873597145081e-03 -5.780726671218872070e-01
9.426553547382354736e-02 -5.253616720438003540e-02 6.288117170333862305e-01 -5.515979528427124023e-01 4.874436855316162109e-01 -2.697285823523998260e-02 -4.195944964885711670e-02 3.537827134132385254e-01 7.445796728134155273e-01 1.244785636663436890e-01 -7.010662555694580078e-01 -5.653669238090515137e-01 -5.261648893356323242e-01 -6.006733775138854980e-01 4.235231503844261169e-02 -5.617909431457519531e-01
1.164984554052352905e-01 -1.707342714071273804e-01 7.184506654739379883e-01 -4.551822543144226074e-01 5.674921274185180664e-01 -7.693788409233093262e-02 3.231055289506912231e-02 3.657206594944000244e-01 7.592772841453552246e-01 2.470141500234603882e-01 -6.464109420776367188e-01 -6.422299146652221680e-01 -5.315870046615600586e-01 -6.359756588935852051e-01 9.753778576850891113e-02 -5.364737510681152344e-01
1.335935741662979126e-01 -2.794952392578125000e-01 7.830551266670227051e-01 -3.406438529491424561e-01 6.282039284706115723e-01 -1.233040690422058105e-01 1.021134108304977417e-01 3.765802383422851562e-01 7.521779537200927734e-01 3.569011092185974121e-01 -5.743159055709838867e-01 -6.988810896873474121e-01 -5.158466100692749023e-01 -6.644988059997558594e-01 1.542209684848785400e-01 -5.016323328018188477e-01
1.445181667804718018e-01 -3.758103847503662109e-01 8.284000158309936523e-01 -2.142244726419448853e-01 6.718177795410156250e-01 -1.664914190769195557e-01 1.654992401599884033e-01 3.864125013351440430e-01 7.232208251953125000e-01 4.526397585868835449e-01 -4.839495420455932617e-01 -7.386267781257629395e-01 -4.798472523689270020e-01 -6.874464154243469238e-01 2.095206975936889648e-01 -4.568453729152679443e-01
1.486713886260986328e-01 -4.583878517150878906e-01 8.594849109649658203e-01 -8.199755102396011353e-02 7.006455659866333008e-01 -2.070016562938690186e-01 2.210634499788284302e-01 3.948940634727478027e-01 6.713837981224060059e-01 5.340692400932312012e-01 -3.751572370529174805e-01 -7.646014690399169922e-01 -4.250203967094421387e-01 -7.056537270545959473e-01 2.610205411911010742e-01 -4.017024338245391846e-01
1.458301544189453125e-01 -5.270853638648986816e-01 8.801484107971191406e-01 5.053235217928886414e-02 7.165201902389526367e-01 -2.453515976667404175e-01 2.676943242549896240e-01 4.014371633529663086e-01 5.943082571029663086e-01 6.019416451454162598e-01 -2.496703267097473145e-01 -7.792388796806335449e-01 -3.533144593238830566e-01 -7.196452617645263672e-01 3.065834641456604004e-01 -3.357507884502410889e-01
1.361356973648071289e-01 -5.823785066604614258e-01 8.931276798248291016e-01 1.784413754940032959e-01 7.205207943916320801e-01 -2.820190787315368652e-01 3.044187128543853760e-01 4.052763283252716064e-01 4.890024662017822266e-01 6.575802564620971680e-01 -1.122235059738159180e-01 -7.841249108314514160e-01 -2.676347494125366211e-01 -7.296708822250366211e-01 3.441452383995056152e-01 -2.585088610649108887e-01
1.201338395476341248e-01 -6.249440312385559082e-01 9.002711176872253418e-01 2.974296808242797852e-01 7.129182219505310059e-01 -3.173920214176177979e-01 3.303257524967193604e-01 4.055501818656921387e-01 3.538863360881805420e-01 7.026008963584899902e-01 2.928467839956283569e-02 -7.800387740135192871e-01 -1.723585277795791626e-01 -7.357170581817626953e-01 3.715767860412597656e-01 -1.696506291627883911e-01
9.878570586442947388e-02 -6.553856730461120605e-01 9.027524590492248535e-01 4.040750861167907715e-01 6.933363080024719238e-01 -3.517081439495086670e-01 3.446004092693328857e-01 4.013819098472595215e-01 1.918773353099822998e-01 7.386735677719116211e-01 1.653848290443420410e-01 -7.670720815658569336e-01 -7.327019423246383667e-02 -7.374966740608215332e-01 3.867161870002746582e-01 -6.951005756855010986e-02
7.333312183618545532e-02 -6.741288900375366211e-01 9.012112021446228027e-01 4.961566925048828125e-01 6.611580848693847656e-01 -3.849750757217407227e-01 3.467481434345245361e-01 3.919286429882049561e-01 1.275747269392013550e-02 7.673177719116210938e-01 2.879138886928558350e-01 -7.447969317436218262e-01 2.354519814252853394e-02 -7.344341874122619629e-01 3.876719176769256592e-01 4.006312042474746704e-02
4.502233862876892090e-02 -6.815012693405151367e-01 8.957908153533935547e-01 5.727961063385009766e-01 6.161163449287414551e-01 -4.168684780597686768e-01 3.370524346828460693e-01 3.763681054115295410e-01 -1.679148375988006592e-01 7.897546887397766113e-01 3.922961652278900146e-01 -7.125079035758972168e-01 1.134017184376716614e-01 -7.256683111190795898e-01 3.733967542648315430e-01 1.549450755119323730e-01
1.488180458545684814e-02 -6.779381036758422852e-01 8.860886096954345703e-01 6.343256235122680664e-01 5.587500333786010742e-01 -4.466197192668914795e-01 3.171069324016571045e-01 3.538531363010406494e-01 -3.339681625366210938e-01 8.068569898605346680e-01 4.778242707252502441e-01 -6.695604324340820312e-01 1.940791904926300049e-01 -7.100799679756164551e-01 3.442909717559814453e-01 2.689902782440185547e-01
-1.624867320060729980e-02 -6.641308665275573730e-01 8.710597753524780273e-01 6.819772720336914062e-01 4.903035461902618408e-01 -4.729189276695251465e-01 2.900076806545257568e-01 3.235315680503845215e-01 -4.743928909301757812e-01 8.191919326782226562e-01 5.463674068450927734e-01 -6.157333850860595703e-01 2.655410468578338623e-01 -6.863116025924682617e-01 3.024273514747619629e-01 3.756307959556579590e-01
-4.748676717281341553e-02 -6.409476399421691895e-01 8.489323258399963379e-01 7.175082564353942871e-01 4.120928347110748291e-01 -4.938619136810302734e-01 2.598229646682739258e-01 2.846979498863220215e-01 -5.855993628501892090e-01 8.270904421806335449e-01 6.008111238479614258e-01 -5.514517426490783691e-01 3.288169503211975098e-01 -6.527382135391235352e-01 2.511897683143615723e-01 4.697978794574737549e-01
-7.771421968936920166e-02 -6.091592907905578613e-01 8.172211050987243652e-01 7.428283095359802246e-01 3.249549865722656250e-01 -5.069659352302551270e-01 2.304333150386810303e-01 2.370299249887466431e-01 -6.697547435760498047e-01 8.306738138198852539e-01 6.440304517745971680e-01 -4.777625203132629395e-01 3.849935233592987061e-01 -6.074102520942687988e-01 1.945343911647796631e-01 5.488740205764770508e-01
-1.055926382541656494e-01 -5.691671371459960938e-01 7.730000615119934082e-01 7.596884965896606445e-01 2.293109893798828125e-01 -5.092841386795043945e-01 2.043360471725463867e-01 1.807929426431655884e-01 -7.317147254943847656e-01 8.298169970512390137e-01 6.784589290618896484e-01 -3.961296975612640381e-01 4.347441494464874268e-01 -5.480692386627197266e-01 1.362527161836624146e-01 6.124601364135742188e-01
-1.297797262668609619e-01 -5.208849310874938965e-01 7.136090993881225586e-01 7.694896459579467773e-01 1.257699728012084961e-01 -4.976513683795928955e-01 1.820358335971832275e-01 1.169273331761360168e-01 -7.766642570495605469e-01 8.240666389465332031e-01 7.060132026672363281e-01 -3.082129955291748047e-01 4.782966375350952148e-01 -4.723671972751617432e-01 7.947348058223724365e-02 6.615613102912902832e-01
-1.492420434951782227e-01 -4.638188481330871582e-01 6.377388834953308105e-01 7.732322216033935547e-01 1.581389456987380981e-02 -4.690612852573394775e-01 1.622550636529922485e-01 4.700698703527450562e-02 -8.089836835861206055e-01 8.125432133674621582e-01 7.281587719917297363e-01 -2.157613337039947510e-01 5.156092047691345215e-01 -3.783802688121795654e-01 2.647017687559127808e-02 6.977648735046386719e-01
-1.635524034500122070e-01 -3.973355889320373535e-01 5.463498830795288086e-01 7.715901732444763184e-01 -9.786878526210784912e-02 -4.211311638355255127e-01 1.427763402462005615e-01 -2.688760310411453247e-02 -8.319754600524902344e-01 7.938666343688964844e-01 7.460047602653503418e-01 -1.206387355923652649e-01 5.465927124023437500e-01 -2.654023766517639160e-01 -2.126151137053966522e-02 7.226502895355224609e-01
