2.760927379131317139e-02 -2.349586226046085358e-03 -1.434887051582336426e-01 2.529721148312091827e-02 -1.843482702970504761e-01 5.145933851599693298e-02 3.857775032520294189e-02 -1.974906325340270996e-01 4.547335579991340637e-02 -6.389896571636199951e-02 4.262505471706390381e-02 6.553835421800613403e-02 5.844508111476898193e-02 1.433095186948776245e-01 6.762140989303588867e-02 1.497924327850341797e-01
4.657184705138206482e-02 3.828484565019607544e-02 -2.979306280612945557e-01 1.039879117161035538e-02 -3.223844170570373535e-01 1.134635284543037415e-01 -4.327601566910743713e-02 -3.558323979377746582e-01 6.917896121740341187e-02 -1.320485174655914307e-01 4.366067796945571899e-02 2.146030515432357788e-01 1.444635540246963501e-01 2.580145001411437988e-01 1.036228910088539124e-01 2.569407820701599121e-01
5.301856622099876404e-02 1.397426426410675049e-01 -4.521222114562988281e-01 -6.270474940538406372e-02 -4.324635267257690430e-01 2.082993984222412109e-01 -1.948910802602767944e-01 -4.800339341163635254e-01 8.385863900184631348e-02 -1.963058412075042725e-01 -9.712278842926025391e-04 4.083233475685119629e-01 2.283624559640884399e-01 3.286629319190979004e-01 9.832201153039932251e-02 3.154984414577484131e-01
4.340556636452674866e-02 3.019471168518066406e-01 -5.927525758743286133e-01 -1.848760545253753662e-01 -5.218470096588134766e-01 3.408152759075164795e-01 -3.610333502292633057e-01 -5.755649805068969727e-01 9.910710155963897705e-02 -2.544927299022674561e-01 -9.016428887844085693e-02 5.990244746208190918e-01 2.888854742050170898e-01 3.515780866146087646e-01 3.805014491081237793e-02 3.190945982933044434e-01
1.124890893697738647e-02 4.930895566940307617e-01 -7.086603641510009766e-01 -3.209382295608520508e-01 -5.934458374977111816e-01 4.947091341018676758e-01 -5.078992843627929688e-01 -6.465690732002258301e-01 1.228570044040679932e-01 -3.081725239753723145e-01 -2.068302929401397705e-01 7.516019344329833984e-01 3.104084134101867676e-01 3.260804116725921631e-01 -8.742448687553405762e-02 2.643116116523742676e-01
-5.449977517127990723e-02 6.701407432556152344e-01 -7.962528467178344727e-01 -4.441536664962768555e-01 -6.475657820701599121e-01 6.442590355873107910e-01 -6.240310668945312500e-01 -6.956351995468139648e-01 1.622397005558013916e-01 -3.585642874240875244e-01 -3.288704752922058105e-01 8.546600341796875000e-01 2.816329002380371094e-01 2.543292045593261719e-01 -2.676851749420166016e-01 1.601631790399551392e-01
-1.664511859416961670e-01 8.053465485572814941e-01 -8.587816953659057617e-01 -5.468493700027465820e-01 -6.819080710411071777e-01 7.686903476715087891e-01 -7.088130116462707520e-01 -7.232934236526489258e-01 2.234437614679336548e-01 -4.048197567462921143e-01 -4.444374740123748779e-01 9.151660203933715820e-01 1.990539580583572388e-01 1.458203494548797607e-01 -4.703985452651977539e-01 3.243397176265716553e-02
-3.297759294509887695e-01 8.936092853546142578e-01 -9.020721912384033203e-01 -6.300753951072692871e-01 -6.906195878982543945e-01 8.589099645614624023e-01 -7.637261152267456055e-01 -7.274605035781860352e-01 3.104028701782226562e-01 -4.445196986198425293e-01 -5.496531128883361816e-01 9.465401768684387207e-01 7.239485532045364380e-02 1.725639402866363525e-02 -6.565663814544677734e-01 -9.096154570579528809e-02
-5.253985524177551270e-01 9.446302056312561035e-01 -9.315319657325744629e-01 -6.967777013778686523e-01 -6.644918322563171387e-01 9.169372320175170898e-01 -7.879865765571594238e-01 -7.032182216644287109e-01 4.217651188373565674e-01 -4.750936627388000488e-01 -6.429249644279479980e-01 9.603778123855590820e-01 -7.784301042556762695e-02 -1.141610145568847656e-01 -7.990121841430664062e-01 -1.956693679094314575e-01
-7.015821933746337891e-01 9.717293977737426758e-01 -9.512214660644531250e-01 -7.499174475669860840e-01 -5.945181250572204590e-01 9.505770206451416016e-01 -7.762590646743774414e-01 -6.437331438064575195e-01 5.477974414825439453e-01 -4.957989752292633057e-01 -7.230004668235778809e-01 9.636344909667968750e-01 -2.315360903739929199e-01 -2.389282435178756714e-01 -8.916074037551879883e-01 -2.792803645133972168e-01
-8.070228099822998047e-01 9.853864312171936035e-01 -9.639519453048706055e-01 -7.922317981719970703e-01 -4.776394367218017578e-01 9.679611921310424805e-01 -7.194659709930419922e-01 -5.447033047676086426e-01 6.719527244567871094e-01 -5.096945166587829590e-01 -7.889649868011474609e-01 9.584200382232666016e-01 -3.761377036571502686e-01 -3.576392531394958496e-01 -9.435985088348388672e-01 -3.436615169048309326e-01
-8.333338499069213867e-01 9.920502901077270508e-01 -9.716411828994750977e-01 -8.261175155639648438e-01 -3.204134106636047363e-01 9.747990369796752930e-01 -6.117285490036010742e-01 -4.097620248794555664e-01 7.784180641174316406e-01 -5.235316753387451172e-01 -8.408105373382568359e-01 9.418002963066101074e-01 -5.058496594429016113e-01 -4.750151038169860840e-01 -9.685087203979492188e-01 -3.915109634399414062e-01
-7.957697510719299316e-01 9.951925873756408691e-01 -9.756122827529907227e-01 -8.534752130508422852e-01 -1.379507780075073242e-01 9.737287759780883789e-01 -4.593782126903533936e-01 -2.501140534877777100e-01 8.589169383049011230e-01 -5.445418357849121094e-01 -8.797951936721801758e-01 9.042997360229492188e-01 -6.178963184356689453e-01 -5.912317037582397461e-01 -9.773961305618286133e-01 -4.260770082473754883e-01
-6.953469514846801758e-01 9.965314269065856934e-01 -9.766870141029357910e-01 -8.757238388061523438e-01 5.150222033262252808e-02 9.642359614372253418e-01 -2.822154760360717773e-01 -8.243513852357864380e-02 9.133769273757934570e-01 -5.778288841247558594e-01 -9.080091714859008789e-01 8.272081613540649414e-01 -7.105174064636230469e-01 -6.994758844375610352e-01 -9.769047498703002930e-01 -4.507603049278259277e-01
-5.174409747123718262e-01 9.968303442001342773e-01 -9.750814437866210938e-01 -8.938912749290466309e-01 2.327593713998794556e-01 9.421912431716918945e-01 -1.031338870525360107e-01 7.429617643356323242e-02 9.469974637031555176e-01 -6.262829303741455078e-01 -9.275127649307250977e-01 6.838895082473754883e-01 -7.829654216766357422e-01 -7.904978990554809570e-01 -9.690212011337280273e-01 -4.684490561485290527e-01
-2.562423348426818848e-01 9.962841272354125977e-01 -9.701718091964721680e-01 -9.085794687271118164e-01 3.967402577400207520e-01 8.984261155128479004e-01 6.363146007061004639e-02 2.058672457933425903e-01 9.667543172836303711e-01 -6.903524398803710938e-01 -9.395883083343505859e-01 4.586083590984344482e-01 -8.356847763061523438e-01 -8.582916259765625000e-01 -9.501206278800964355e-01 -4.812736511230468750e-01
5.673772096633911133e-02 9.945870637893676758e-01 -9.602704644203186035e-01 -9.196839928627014160e-01 5.388743281364440918e-01 8.173807859420776367e-01 2.136702239513397217e-01 3.075020313262939453e-01 9.783883690834045410e-01 -7.646305561065673828e-01 -9.442424178123474121e-01 1.821488440036773682e-01 -8.699004650115966797e-01 -9.026530981063842773e-01 -9.078048467636108398e-01 -4.907141327857971191e-01
3.509608209133148193e-01 9.907727241516113281e-01 -9.430375099182128906e-01 -9.259819984436035156e-01 6.554657816886901855e-01 6.846398115158081055e-01 3.465691208839416504e-01 3.828214704990386963e-01 9.852093458175659180e-01 -8.346002101898193359e-01 -9.405220746994018555e-01 -7.838437706232070923e-02 -8.868825435638427734e-01 -9.284011721611022949e-01 -8.205958008766174316e-01 -4.978070259094238281e-01
5.727206468582153320e-01 9.828108549118041992e-01 -9.169898033142089844e-01 -9.251503348350524902e-01 7.440729141235351562e-01 5.071819424629211426e-01 4.620079994201660156e-01 4.392369389533996582e-01 9.889316558837890625e-01 -8.850014805793762207e-01 -9.284093976020812988e-01 -2.853095233440399170e-01 -8.871995210647583008e-01 -9.421944618225097656e-01 -6.741665005683898926e-01 -5.033148527145385742e-01
7.191614508628845215e-01 9.667227268218994141e-01 -8.823286294937133789e-01 -9.144393205642700195e-01 8.065959215164184570e-01 3.137848675251007080e-01 5.594903230667114258e-01 4.833211600780487061e-01 9.906595945358276367e-01 -9.129849672317504883e-01 -9.098147153854370117e-01 -4.397048354148864746e-01 -8.705085515975952148e-01 -9.494276046752929688e-01 -4.766283631324768066e-01 -5.077716112136840820e-01
8.097870349884033203e-01 9.356278777122497559e-01 -8.402603268623352051e-01 -8.915097117424011230e-01 8.483869433403015137e-01 1.317606717348098755e-01 6.387286782264709473e-01 5.193589329719543457e-01 9.911224842071533203e-01 -9.253532290458679199e-01 -8.871269822120666504e-01 -5.538461804389953613e-01 -8.364994525909423828e-01 -9.534702301025390625e-01 -2.518493533134460449e-01 -5.114892721176147461e-01
8.641424179077148438e-01 8.801294565200805664e-01 -7.921991944313049316e-01 -8.549543023109436035e-01 8.753572106361389160e-01 -2.530891448259353638e-02 7.000674605369567871e-01 5.499074459075927734e-01 9.907364845275878906e-01 -9.289628863334655762e-01 -8.620146512985229492e-01 -6.388043165206909180e-01 -7.864940762519836426e-01 -9.560738801956176758e-01 -2.949208021163940430e-02 -5.146164298057556152e-01
8.960788249969482422e-01 7.919477224349975586e-01 -7.392746806144714355e-01 -8.043221831321716309e-01 8.924022912979125977e-01 -1.549452543258666992e-01 7.448108196258544922e-01 5.764786005020141602e-01 9.897111654281616211e-01 -9.273255467414855957e-01 -8.352186679840087891e-01 -7.026982307434082031e-01 -7.244207859039306641e-01 -9.580085873603820801e-01 1.655115336179733276e-01 -5.172026753425598145e-01
9.142086505889892578e-01 6.701135635375976562e-01 -6.821689009666442871e-01 -7.398260831832885742e-01 9.030665755271911621e-01 -2.599737644195556641e-01 7.752069234848022461e-01 5.999953746795654297e-01 9.881305694580078125e-01 -9.214596748352050781e-01 -8.067244887351989746e-01 -7.512655854225158691e-01 -6.563175916671752930e-01 -9.595094323158264160e-01 3.213549852371215820e-01 -5.192376375198364258e-01
9.236239194869995117e-01 5.237467885017395020e-01 -6.212792992591857910e-01 -6.621239185333251953e-01 9.096873402595520020e-01 -3.447771668434143066e-01 7.940863966941833496e-01 6.210511326789855957e-01 9.859920740127563477e-01 -9.112929701805114746e-01 -7.759486436843872070e-01 -7.885538935661315918e-01 -5.883420109748840332e-01 -9.605414867401123047e-01 4.391861259937286377e-01 -5.206573605537414551e-01
9.272838234901428223e-01 3.676100969314575195e-01 -5.570485591888427734e-01 -5.723533034324645996e-01 9.136679172515869141e-01 -4.136255383491516113e-01 8.043354749679565430e-01 6.400365829467773438e-01 9.832261800765991211e-01 -8.965126872062683105e-01 -7.418475747108459473e-01 -8.174411058425903320e-01 -5.247050523757934570e-01 -9.609650969505310059e-01 5.268026590347290039e-01 -5.213215351104736328e-01
9.268859624862670898e-01 2.152709811925888062e-01 -4.902297854423522949e-01 -4.722113609313964844e-01 9.157586097717285156e-01 -4.701064229011535645e-01 8.084667921066284180e-01 6.571955084800720215e-01 9.797079563140869141e-01 -8.769196867942810059e-01 -7.029728889465332031e-01 -8.400006890296936035e-01 -4.669440686702728271e-01 -9.606142044067382812e-01 5.928704738616943359e-01 -5.209749937057495117e-01
9.233896732330322266e-01 7.550914585590362549e-02 -4.219576418399810791e-01 -3.638618588447570801e-01 9.162807464599609375e-01 -5.170294046401977539e-01 8.084243535995483398e-01 6.726443767547607422e-01 9.752618074417114258e-01 -8.525389432907104492e-01 -6.575156450271606445e-01 -8.577471971511840820e-01 -4.144517183303833008e-01 -9.593048095703125000e-01 6.442939043045043945e-01 -5.192003846168518066e-01
9.173411130905151367e-01 -4.769859462976455688e-02 -3.536514639854431152e-01 -2.497165501117706299e-01 9.152680635452270508e-01 -5.565208792686462402e-01 8.055679798126220703e-01 6.863688230514526367e-01 9.696565866470336914e-01 -8.236489295959472656e-01 -6.033697128295898438e-01 -8.717956542968750000e-01 -3.653953969478607178e-01 -9.568054676055908203e-01 6.858271360397338867e-01 -5.153622031211853027e-01
9.090855121612548828e-01 -1.537103503942489624e-01 -2.868390679359436035e-01 -1.322410702705383301e-01 9.125319123268127441e-01 -5.901746749877929688e-01 8.007235527038574219e-01 6.982013583183288574e-01 9.625924825668334961e-01 -7.907814979553222656e-01 -5.382490158081054688e-01 -8.829657435417175293e-01 -3.174402415752410889e-01 -9.527927637100219727e-01 7.205280661582946777e-01 -5.085396766662597656e-01
8.989130258560180664e-01 -2.437260895967483521e-01 -2.229847311973571777e-01 -1.385860890150070190e-02 9.076654911041259766e-01 -6.191934347152709961e-01 7.942297458648681641e-01 7.077766656875610352e-01 9.536834955215454102e-01 -7.546851038932800293e-01 -4.599262475967407227e-01 -8.918522596359252930e-01 -2.681481540203094482e-01 -9.467963576316833496e-01 7.503089904785156250e-01 -4.974522590637207031e-01
8.871631622314453125e-01 -3.197392225265502930e-01 -1.633710563182830811e-01 1.030635908246040344e-01 8.999977111816406250e-01 -6.444979906082153320e-01 7.859591245651245117e-01 7.144609689712524414e-01 9.424425959587097168e-01 -7.162368297576904297e-01 -3.666754662990570068e-01 -8.988736867904663086e-01 -2.151477336883544922e-01 -9.381319880485534668e-01 7.763541936874389648e-01 -4.803931713104248047e-01
8.742969036102294922e-01 -3.839239180088043213e-01 -1.090518087148666382e-01 2.162006795406341553e-01 8.885014057159423828e-01 -6.668027639389038086e-01 7.753137350082397461e-01 7.172532081604003906e-01 9.282860755920410156e-01 -6.763077378273010254e-01 -2.579651176929473877e-01 -9.043042659759521484e-01 -1.562102138996124268e-01 -9.258261919021606445e-01 7.993923425674438477e-01 -4.552012383937835693e-01
8.609318137168884277e-01 -4.383239150047302246e-01 -6.086966767907142639e-02 3.232910037040710449e-01 8.716655969619750977e-01 -6.866637468338012695e-01 7.612000107765197754e-01 7.146721482276916504e-01 9.105827212333679199e-01 -6.356182098388671875e-01 -1.352828443050384521e-01 -9.082920551300048828e-01 -8.935131132602691650e-02 -9.085491299629211426e-01 8.198645114898681641e-01 -4.193207919597625732e-01
8.478236198425292969e-01 -4.847225844860076904e-01 -1.952384039759635925e-02 4.222428202629089355e-01 8.473672270774841309e-01 -7.045069336891174316e-01 7.419831752777099609e-01 7.046782374382019043e-01 8.887828588485717773e-01 -5.946366786956787109e-01 -2.694815397262573242e-03 -9.108613729476928711e-01 -1.305661723017692566e-02 -8.846046924591064453e-01 8.380310535430908203e-01 -3.700088858604431152e-01
8.357773423194885254e-01 -5.246108770370483398e-01 1.432878151535987854e-02 5.113352537155151367e-01 8.128318190574645996e-01 -7.206479310989379883e-01 7.154209613800048828e-01 6.847316622734069824e-01 8.626390695571899414e-01 -5.535842776298522949e-01 1.334343254566192627e-01 -9.118961095809936523e-01 7.331353425979614258e-02 -8.520531654357910156e-01 8.540469408035278320e-01 -3.047261834144592285e-01
8.254920244216918945e-01 -5.592067241668701172e-01 3.995519876480102539e-02 5.894421339035034180e-01 7.648435235023498535e-01 -7.353081107139587402e-01 6.785898208618164062e-01 6.521105766296386719e-01 8.324629068374633789e-01 -5.125693082809448242e-01 2.657953500747680664e-01 -9.110938310623168945e-01 1.689858883619308472e-01 -8.090348839759826660e-01 8.680205345153808594e-01 -2.216879278421401978e-01
8.173920512199401855e-01 -5.894973278045654297e-01 5.642962828278541565e-02 6.561468839645385742e-01 7.003731727600097656e-01 -7.486311197280883789e-01 6.278745532035827637e-01 6.045255661010742188e-01 7.992769479751586914e-01 -4.718157947063446045e-01 3.879821300506591797e-01 -9.078729152679443359e-01 2.713264226913452148e-01 -7.542909383773803711e-01 8.800585269927978516e-01 -1.204809844493865967e-01
8.115322589874267578e-01 -6.162883043289184570e-01 6.254676729440689087e-02 7.116663455963134766e-01 6.176216006278991699e-01 -7.606958150863647461e-01 5.592011809349060059e-01 5.408645868301391602e-01 7.647198438644409180e-01 -4.318845272064208984e-01 4.958037137985229492e-01 -9.012063741683959961e-01 3.758748471736907959e-01 -6.877692937850952148e-01 8.902902603149414062e-01 -2.626694738864898682e-03
8.076366782188415527e-01 -6.402477622032165527e-01 5.680726468563079834e-02 7.566201686859130859e-01 5.170907974243164062e-01 -7.715229392051696777e-01 4.687847495079040527e-01 4.617461264133453369e-01 7.306941747665405273e-01 -3.937599062919616699e-01 5.875288248062133789e-01 -8.893506526947021484e-01 4.771665334701538086e-01 -6.111241579055786133e-01 8.988721370697021484e-01 1.280337125062942505e-01
8.052436113357543945e-01 -6.619419455528259277e-01 3.752066567540168762e-02 7.917486429214477539e-01 4.019872546195983887e-01 -7.810753583908081055e-01 3.545492291450500488e-01 3.696123063564300537e-01 6.989100575447082520e-01 -3.587263524532318115e-01 6.633303165435791016e-01 -8.694469928741455078e-01 5.701402425765991211e-01 -5.278635621070861816e-01 9.059783816337585449e-01 2.653211951255798340e-01
8.038693666458129883e-01 -6.818600296974182129e-01 3.042392432689666748e-03 8.176507353782653809e-01 2.775500416755676270e-01 -7.892522215843200684e-01 2.178488075733184814e-01 2.682962119579315186e-01 6.705288887023925781e-01 -3.280687332153320312e-01 7.244877815246582031e-01 -8.370221257209777832e-01 6.513899564743041992e-01 -4.428954422473907471e-01 9.117850661277770996e-01 4.013436436653137207e-01
8.031153678894042969e-01 -7.004244327545166016e-01 -4.789843037724494934e-02 8.345378041267395020e-01 1.496943682432174683e-01 -7.958745956420898438e-01 6.440771371126174927e-02 1.622013449668884277e-01 6.460345387458801270e-01 -3.027473092079162598e-01 7.727159261703491211e-01 -7.855387926101684570e-01 7.196124792098999023e-01 -3.614591062068939209e-01 9.164528846740722656e-01 5.279007554054260254e-01
8.027015328407287598e-01 -7.179753780364990234e-01 -1.158724054694175720e-01 8.419358730316162109e-01 2.377413958311080933e-02 -8.006542921066284180e-01 -9.660131484270095825e-02 5.538906157016754150e-02 6.253275871276855469e-01 -2.832092940807342529e-01 8.097225427627563477e-01 -7.063782215118408203e-01 7.752479314804077148e-01 -2.879344522953033447e-01 9.201083183288574219e-01 6.383107304573059082e-01
8.024511933326721191e-01 -7.346986532211303711e-01 -2.004863023757934570e-01 8.382188081741333008e-01 -9.608623385429382324e-02 -8.031276464462280273e-01 -2.551074028015136719e-01 -4.907130077481269836e-02 6.079403162002563477e-01 -2.693933546543121338e-01 8.369622826576232910e-01 -5.899304747581481934e-01 8.197649717330932617e-01 -2.252259701490402222e-01 9.228221774101257324e-01 7.288249135017395020e-01
8.022599816322326660e-01 -7.504073977470397949e-01 -3.001109361648559570e-01 8.198313713073730469e-01 -2.071428596973419189e-01 -8.025271892547607422e-01 -4.026656150817871094e-01 -1.492601186037063599e-01 5.932542085647583008e-01 -2.608756721019744873e-01 8.555063009262084961e-01 -4.286161959171295166e-01 8.549972772598266602e-01 -1.749014556407928467e-01 9.245790243148803711e-01 7.989450693130493164e-01
8.020674586296081543e-01 -7.639204859733581543e-01 -4.113936424255371094e-01 7.802065610885620117e-01 -3.078764975070953369e-01 -7.975736856460571289e-01 -5.335310101509094238e-01 -2.441162765026092529e-01 5.806503295898437500e-01 -2.571014165878295898e-01 8.659495115280151367e-01 -2.220673263072967529e-01 8.826994895935058594e-01 -1.376400738954544067e-01 9.252272248268127441e-01 8.506808280944824219e-01
8.018385171890258789e-01 -7.714062333106994629e-01 -5.284999608993530273e-01 7.092161774635314941e-01 -3.976989388465881348e-01 -7.862274646759033203e-01 -6.444201469421386719e-01 -3.329341709613800049e-01 5.695857405662536621e-01 -2.576937079429626465e-01 8.682851195335388184e-01 1.754248142242431641e-02 9.043194055557250977e-01 -1.135332286357879639e-01 9.243904948234558105e-01 8.873448371887207031e-01
8.015521764755249023e-01 -7.627197504043579102e-01 -6.427487134933471680e-01 5.960547327995300293e-01 -4.766625761985778809e-01 -7.655805349349975586e-01 -7.340964078903198242e-01 -4.149280190467834473e-01 5.596188902854919434e-01 -2.628149092197418213e-01 8.616596460342407227e-01 2.650141119956970215e-01 9.209274053573608398e-01 -1.022415831685066223e-01 9.213209152221679688e-01 9.124807119369506836e-01
8.011894822120666504e-01 -7.166593670845031738e-01 -7.440692186355590820e-01 4.385595321655273438e-01 -5.452876091003417969e-01 -7.321594357490539551e-01 -8.033857345581054688e-01 -4.891267418861389160e-01 5.504173636436462402e-01 -2.734565138816833496e-01 8.438401818275451660e-01 4.900448918342590332e-01 9.332545995712280273e-01 -1.033485904335975647e-01 9.146599173545837402e-01 9.292027950286865234e-01
