-1.182697340846061707e-02 -1.000032350420951843e-01 -6.282555311918258667e-02 8.337167650461196899e-02 -6.712953001260757446e-02 -3.915771096944808960e-02 -7.107983343303203583e-03 -1.159972473978996277e-01 1.801861822605133057e-02 -1.823459006845951080e-02 4.038265720009803772e-02 -6.639496423304080963e-04 3.491570428013801575e-02 -6.113817449659109116e-03 7.804907858371734619e-02 1.959753632545471191e-01
-5.389147438108921051e-03 -1.613768190145492554e-01 -1.658422052860260010e-01 1.532417684793472290e-01 -1.565510034561157227e-01 -6.384721398353576660e-02 -4.937911033630371094e-02 -2.309703975915908813e-01 1.104108337312936783e-02 -3.967408463358879089e-02 8.365079015493392944e-02 5.389783158898353577e-02 1.199908852577209473e-01 4.652687162160873413e-02 1.397205740213394165e-01 3.656479716300964355e-01
5.964930169284343719e-03 -1.861574053764343262e-01 -2.943094074726104736e-01 1.879496127367019653e-01 -2.679023742675781250e-01 -6.068417429924011230e-02 -1.426804512739181519e-01 -3.501314818859100342e-01 -4.516431130468845367e-03 -6.298013031482696533e-02 1.195328757166862488e-01 1.736821383237838745e-01 2.301551699638366699e-01 1.279321908950805664e-01 1.782773137092590332e-01 5.067090392112731934e-01
1.469325274229049683e-02 -1.624639779329299927e-01 -4.358728826045989990e-01 1.668811440467834473e-01 -3.890674710273742676e-01 -1.617984101176261902e-02 -2.775561213493347168e-01 -4.708398580551147461e-01 -2.030062302947044373e-02 -8.649726212024688721e-02 1.361636966466903687e-01 3.507263660430908203e-01 3.413619697093963623e-01 2.128387987613677979e-01 1.897560507059097290e-01 6.144964694976806641e-01
1.807462796568870544e-02 -7.072506844997406006e-02 -5.763790607452392578e-01 7.651407271623611450e-02 -5.064585208892822266e-01 7.901500165462493896e-02 -4.264580905437469482e-01 -5.855683088302612305e-01 -3.264246135950088501e-02 -1.100783199071884155e-01 1.207767874002456665e-01 5.512287616729736328e-01 4.375932216644287109e-01 2.875931859016418457e-01 1.679108589887619019e-01 6.846982240676879883e-01
1.487204246222972870e-02 8.916643261909484863e-02 -7.002519369125366211e-01 -6.771822273731231689e-02 -6.112511754035949707e-01 2.202873080968856812e-01 -5.626488327980041504e-01 -6.867654919624328613e-01 -3.959268331527709961e-02 -1.354745030403137207e-01 6.425118446350097656e-02 7.303140163421630859e-01 5.098397731781005859e-01 3.488048315048217773e-01 1.038054451346397400e-01 7.140033841133117676e-01
2.896897494792938232e-03 2.852595150470733643e-01 -7.970612049102783203e-01 -2.241897881031036377e-01 -6.996214389801025391e-01 3.878244459629058838e-01 -6.729527711868286133e-01 -7.702037096023559570e-01 -3.927042335271835327e-02 -1.646903902292251587e-01 -2.757579833269119263e-02 8.584876060485839844e-01 5.526750087738037109e-01 3.977113962173461914e-01 -6.553500890731811523e-03 6.971684694290161133e-01
-2.172608859837055206e-02 4.791775345802307129e-01 -8.658585548400878906e-01 -3.640226125717163086e-01 -7.709653973579406738e-01 5.573135614395141602e-01 -7.563835382461547852e-01 -8.352429866790771484e-01 -2.942252904176712036e-02 -1.983306407928466797e-01 -1.355021148920059204e-01 9.332882165908813477e-01 5.620113611221313477e-01 4.365330934524536133e-01 -1.550706773996353149e-01 6.237860321998596191e-01
-6.450773775577545166e-02 6.458143591880798340e-01 -9.119665622711181641e-01 -4.799761772155761719e-01 -8.262981176376342773e-01 7.074247598648071289e-01 -8.171509504318237305e-01 -8.833354711532592773e-01 -7.732212543487548828e-03 -2.358517646789550781e-01 -2.448312938213348389e-01 9.699050784111022949e-01 5.339765548706054688e-01 4.675042629241943359e-01 -3.247604668140411377e-01 4.824464917182922363e-01
-1.328153014183044434e-01 7.752655744552612305e-01 -9.419853687286376953e-01 -5.738008022308349609e-01 -8.671659231185913086e-01 8.239053487777709961e-01 -8.600254058837890625e-01 -9.166978597640991211e-01 2.803628519177436829e-02 -2.764463424682617188e-01 -3.500739336013793945e-01 9.855166673660278320e-01 4.647992253303527832e-01 4.927162826061248779e-01 -4.951453804969787598e-01 2.759907841682434082e-01
-2.352605462074279785e-01 8.675009012222290039e-01 -9.613052010536193848e-01 -6.490342020988464355e-01 -8.951932191848754883e-01 9.029951095581054688e-01 -8.884799480438232422e-01 -9.375352263450622559e-01 8.031792193651199341e-02 -3.193806409835815430e-01 -4.499521255493164062e-01 9.915025234222412109e-01 3.527142405509948730e-01 5.141031742095947266e-01 -6.471517682075500488e-01 3.231541812419891357e-02
-3.768278360366821289e-01 9.275493621826171875e-01 -9.736939668655395508e-01 -7.090911865234375000e-01 -9.118257761001586914e-01 9.503864049911499023e-01 -9.039837121963500977e-01 -9.476165771484375000e-01 1.515983939170837402e-01 -3.637449741363525391e-01 -5.436764359474182129e-01 9.935296773910522461e-01 2.023529559373855591e-01 5.334030985832214355e-01 -7.682218551635742188e-01 -2.086457014083862305e-01
-5.475509762763977051e-01 9.630205631256103516e-01 -9.816213846206665039e-01 -7.569632530212402344e-01 -9.179883003234863281e-01 9.758824110031127930e-01 -9.056617021560668945e-01 -9.479079246520996094e-01 2.432741075754165649e-01 -4.082310795783996582e-01 -6.298574209213256836e-01 9.939602613449096680e-01 2.784709632396697998e-02 5.516154170036315918e-01 -8.550369739532470703e-01 -4.170725643634796143e-01
-7.135169506072998047e-01 9.820880889892578125e-01 -9.866598844528198242e-01 -7.952214479446411133e-01 -9.137496352195739746e-01 9.884309768676757812e-01 -8.903088569641113281e-01 -9.381092786788940430e-01 3.535071015357971191e-01 -4.515553414821624756e-01 -7.068147063255310059e-01 9.936561584472656250e-01 -1.511052697896957397e-01 5.677295923233032227e-01 -9.118694067001342773e-01 -5.809316635131835938e-01
-8.334558010101318359e-01 9.915434122085571289e-01 -9.897849559783935547e-01 -8.260478377342224121e-01 -8.981137871742248535e-01 9.941501617431640625e-01 -8.538557291030883789e-01 -9.165775179862976074e-01 4.751455187797546387e-01 -4.934111833572387695e-01 -7.731145620346069336e-01 9.928146600723266602e-01 -3.176687061786651611e-01 5.775138139724731445e-01 -9.462913274765014648e-01 -7.009105682373046875e-01
-8.947336077690124512e-01 9.959396719932556152e-01 -9.915791749954223633e-01 -8.512252569198608398e-01 -8.689776659011840820e-01 9.965367913246154785e-01 -7.947899103164672852e-01 -8.808083534240722656e-01 5.965516567230224609e-01 -5.348468422889709473e-01 -8.279992341995239258e-01 9.912581443786621094e-01 -4.624931216239929199e-01 5.734090805053710938e-01 -9.655680656433105469e-01 -7.840363979339599609e-01
-9.151145815849304199e-01 9.978694915771484375e-01 -9.923824071884155273e-01 -8.721112012863159180e-01 -8.232903480529785156e-01 9.973415136337280273e-01 -7.158421874046325684e-01 -8.270039558410644531e-01 7.061533927917480469e-01 -5.771055221557617188e-01 -8.717017769813537598e-01 9.885330796241760254e-01 -5.825390219688415527e-01 5.455567836761474609e-01 -9.752052426338195801e-01 -8.395854830741882324e-01
-9.143927097320556641e-01 9.986470937728881836e-01 -9.923909902572631836e-01 -8.896831274032592773e-01 -7.572195529937744141e-01 9.973235726356506348e-01 -6.213115453720092773e-01 -7.485151290893554688e-01 7.965142726898193359e-01 -6.201301217079162598e-01 -9.053606986999511719e-01 9.838030934333801270e-01 -6.784505844116210938e-01 4.829349517822265625e-01 -9.789688587188720703e-01 -8.761197924613952637e-01
-9.011780023574829102e-01 9.988821744918823242e-01 -9.916954636573791504e-01 -9.046376347541809082e-01 -6.660371422767639160e-01 9.967014789581298828e-01 -5.137284398078918457e-01 -6.359095573425292969e-01 8.651592731475830078e-01 -6.623219847679138184e-01 -9.305819869041442871e-01 9.752898216247558594e-01 -7.529588937759399414e-01 3.736472427845001221e-01 -9.792879819869995117e-01 -9.000135660171508789e-01
-8.745483160018920898e-01 9.988294839859008789e-01 -9.902874231338500977e-01 -9.174742698669433594e-01 -5.441565513610839844e-01 9.953210353851318359e-01 -3.926026225090026855e-01 -4.804825782775878906e-01 9.134851098060607910e-01 -7.013049721717834473e-01 -9.490173459053039551e-01 9.587448239326477051e-01 -8.098135590553283691e-01 2.062127739191055298e-01 -9.775835871696472168e-01 -9.155117273330688477e-01
-8.253734707832336426e-01 9.985635280609130859e-01 -9.880589842796325684e-01 -9.285452365875244141e-01 -3.870224058628082275e-01 9.925413131713867188e-01 -2.557314634323120117e-01 -2.823025286197662354e-01 9.452260732650756836e-01 -7.350903749465942383e-01 -9.621033668518066406e-01 9.234488606452941895e-01 -8.528633117675781250e-01 -2.287389338016510010e-02 -9.744468927383422852e-01 -9.253610372543334961e-01
-7.332444787025451660e-01 9.980415105819702148e-01 -9.847573637962341309e-01 -9.380829334259033203e-01 -1.966710686683654785e-01 9.866620302200317383e-01 -1.036814525723457336e-01 -6.074412912130355835e-02 9.650007486343383789e-01 -7.635290622711181641e-01 -9.709161520004272461e-01 8.431082367897033691e-01 -8.853864669799804688e-01 -2.932031452655792236e-01 -9.695425033569335938e-01 -9.314165711402893066e-01
-5.644596219062805176e-01 9.970682859420776367e-01 -9.797261953353881836e-01 -9.461992383003234863e-01 1.302166283130645752e-02 9.732840061187744141e-01 5.575209856033325195e-02 1.469884514808654785e-01 9.771386384963989258e-01 -7.898170948028564453e-01 -9.760442972183227539e-01 6.685398221015930176e-01 -9.097484350204467773e-01 -5.539106130599975586e-01 -9.607391357421875000e-01 -9.350352287292480469e-01
-2.894256711006164551e-01 9.950397014617919922e-01 -9.711201786994934082e-01 -9.527832865715026855e-01 2.214114218950271606e-01 9.410406351089477539e-01 2.111064195632934570e-01 3.102352023124694824e-01 9.849059581756591797e-01 -8.203004598617553711e-01 -9.773088693618774414e-01 3.748962283134460449e-01 -9.273853302001953125e-01 -7.526698112487792969e-01 -9.409705996513366699e-01 -9.372060894966125488e-01
6.113285943865776062e-02 9.902185797691345215e-01 -9.546731710433959961e-01 -9.570986032485961914e-01 4.100447297096252441e-01 8.645664453506469727e-01 3.539996147155761719e-01 4.237219095230102539e-01 9.900348186492919922e-01 -8.576744794845581055e-01 -9.732475280761718750e-01 5.602738261222839355e-02 -9.390753507614135742e-01 -8.729369044303894043e-01 -8.920556306838989258e-01 -9.385529756546020508e-01
3.728452920913696289e-01 9.786880612373352051e-01 -9.241171479225158691e-01 -9.573532938957214355e-01 5.641435980796813965e-01 7.161580324172973633e-01 4.789420962333679199e-01 5.000464916229248047e-01 9.930061101913452148e-01 -8.913670778274536133e-01 -9.619956016540527344e-01 -1.870714426040649414e-01 -9.451502561569213867e-01 -9.328801631927490234e-01 -7.913901805877685547e-01 -9.394146800041198730e-01
5.844927430152893066e-01 9.520436525344848633e-01 -8.745298385620117188e-01 -9.508481621742248535e-01 6.786715984344482422e-01 5.061042308807373047e-01 5.837440490722656250e-01 5.535422563552856445e-01 9.942349791526794434e-01 -9.085420966148376465e-01 -9.443711042404174805e-01 -3.523361086845397949e-01 -9.454072713851928711e-01 -9.594860672950744629e-01 -6.407009363174438477e-01 -9.399793744087219238e-01
7.138524055480957031e-01 8.932591676712036133e-01 -8.041778802871704102e-01 -9.342561960220336914e-01 7.593399286270141602e-01 2.779048681259155273e-01 6.687848567962646484e-01 5.931712985038757324e-01 9.942532181739807129e-01 -9.088304042816162109e-01 -9.231500625610351562e-01 -4.656840264797210693e-01 -9.392524957656860352e-01 -9.718089699745178223e-01 -4.585690498352050781e-01 -9.403310418128967285e-01
7.883713841438293457e-01 7.789936661720275879e-01 -7.144281268119812012e-01 -9.040279984474182129e-01 8.151946663856506348e-01 6.905524432659149170e-02 7.351863384246826172e-01 6.239486336708068848e-01 9.933671951293945312e-01 -8.969614505767822266e-01 -9.004167914390563965e-01 -5.461695790290832520e-01 -9.264739751815795898e-01 -9.785661101341247559e-01 -2.636100351810455322e-01 -9.404764175415039062e-01
8.278907537460327148e-01 5.987029075622558594e-01 -6.085438132286071777e-01 -8.566951751708984375e-01 8.540536761283874512e-01 -1.045432537794113159e-01 7.847127318382263184e-01 6.488639116287231445e-01 9.916068315505981445e-01 -8.750295639038085938e-01 -8.768917322158813477e-01 -6.052483320236206055e-01 -9.080637097358703613e-01 -9.828082919120788574e-01 -7.389885932207107544e-02 -9.403710961341857910e-01
8.445585370063781738e-01 3.749043047428131104e-01 -4.902582466602325439e-01 -7.893555760383605957e-01 8.815581798553466797e-01 -2.421521246433258057e-01 8.200506567955017090e-01 6.697776317596435547e-01 9.887791872024536133e-01 -8.420299887657165527e-01 -8.521270751953125000e-01 -6.498588323593139648e-01 -8.862638473510742188e-01 -9.856051206588745117e-01 9.562965482473373413e-02 -9.399262070655822754e-01
8.450532555580139160e-01 1.481280326843261719e-01 -3.638210594654083252e-01 -7.010487318038940430e-01 9.014785289764404297e-01 -3.495022058486938477e-01 8.444582819938659668e-01 6.878978013992309570e-01 9.845269918441772461e-01 -7.956329584121704102e-01 -8.248181939125061035e-01 -6.843444108963012695e-01 -8.638696670532226562e-01 -9.874308705329895020e-01 2.375843822956085205e-01 -9.390045404434204102e-01
8.325652480125427246e-01 -5.305277556180953979e-02 -2.344048023223876953e-01 -5.938612222671508789e-01 9.162402153015136719e-01 -4.336006641387939453e-01 8.610978126525878906e-01 7.040402889251708984e-01 9.783509969711303711e-01 -7.339617609977722168e-01 -7.929164171218872070e-01 -7.115362286567687988e-01 -8.431125879287719727e-01 -9.885405302047729492e-01 3.527370691299438477e-01 -9.374061226844787598e-01
8.081865906715393066e-01 -2.189878821372985840e-01 -1.074457466602325439e-01 -4.721349775791168213e-01 9.273740053176879883e-01 -5.004016160964965820e-01 8.726164102554321289e-01 7.187640666961669922e-01 9.695338606834411621e-01 -6.568779349327087402e-01 -7.535407543182373047e-01 -7.333759069442749023e-01 -8.249144554138183594e-01 -9.890540242195129395e-01 4.459714293479919434e-01 -9.348313212394714355e-01
7.719658613204956055e-01 -3.511724472045898438e-01 1.245129108428955078e-02 -3.406925797462463379e-01 9.358321428298950195e-01 -5.543234944343566895e-01 8.810367584228515625e-01 7.324485778808593750e-01 9.569741487503051758e-01 -5.667302608489990234e-01 -7.028564810752868652e-01 -7.512477636337280273e-01 -8.089792728424072266e-01 -9.889900684356689453e-01 5.224834680557250977e-01 -9.308130145072937012e-01
7.237514257431030273e-01 -4.550804495811462402e-01 1.221457198262214661e-01 -2.036322653293609619e-01 9.421833157539367676e-01 -5.985212326049804688e-01 8.877605199813842773e-01 7.453410029411315918e-01 9.389701485633850098e-01 -4.683420062065124512e-01 -6.361050605773925781e-01 -7.661525607109069824e-01 -7.942950725555419922e-01 -9.882748126983642578e-01 5.863496661186218262e-01 -9.246079325675964355e-01
6.638481020927429199e-01 -5.366489887237548828e-01 2.200035154819488525e-01 -6.413070857524871826e-02 9.467142820358276367e-01 -6.352587342262268066e-01 8.935892581939697266e-01 7.575755119323730469e-01 9.129551649093627930e-01 -3.680418431758880615e-01 -5.480570197105407715e-01 -7.788108587265014648e-01 -7.795640230178833008e-01 -9.867168664932250977e-01 6.404361128807067871e-01 -9.150223731994628906e-01
5.934801101684570312e-01 -6.010328531265258789e-01 3.055992424488067627e-01 7.503359019756317139e-02 9.494581222534179688e-01 -6.661893725395202637e-01 8.987791538238525391e-01 7.691601514816284180e-01 8.751657605171203613e-01 -2.720225155353546143e-01 -4.342498481273651123e-01 -7.897350192070007324e-01 -7.634274363517761230e-01 -9.839404821395874023e-01 6.866599917411804199e-01 -9.001389145851135254e-01
5.150833129882812500e-01 -6.523460149765014648e-01 3.793218433856964111e-01 2.107574939727783203e-01 9.501484632492065430e-01 -6.925396919250488281e-01 9.031515121459960938e-01 7.799206376075744629e-01 8.202975988388061523e-01 -1.847539544105529785e-01 -2.932243347167968750e-01 -7.992827892303466797e-01 -7.445254325866699219e-01 -9.792547225952148438e-01 7.262551188468933105e-01 -8.769132494926452637e-01
4.324849247932434082e-01 -6.937453746795654297e-01 4.420207738876342773e-01 3.392800688743591309e-01 9.480748772621154785e-01 -7.152286767959594727e-01 9.062283039093017578e-01 7.893872261047363281e-01 7.415026426315307617e-01 -1.080946028232574463e-01 -1.292455643415451050e-01 -8.076962232589721680e-01 -7.214378118515014648e-01 -9.714198112487792969e-01 7.599889039993286133e-01 -8.406699299812316895e-01
3.509094715118408203e-01 -7.275940179824829102e-01 4.947398900985717773e-01 4.566562771797180176e-01 9.417883753776550293e-01 -7.349511981010437012e-01 9.073290824890136719e-01 7.966116070747375488e-01 6.316380500793457031e-01 -4.131016135215759277e-02 4.642532020807266235e-02 -8.151249289512634277e-01 -6.925090551376342773e-01 -9.582638740539550781e-01 7.883529067039489746e-01 -7.847251296043395996e-01
2.764963805675506592e-01 -7.556169629096984863e-01 5.385352969169616699e-01 5.598572492599487305e-01 9.285989403724670410e-01 -7.522421479225158691e-01 9.055740237236022949e-01 7.999243140220642090e-01 4.868081808090209961e-01 1.808148063719272614e-02 2.181585878133773804e-01 -8.216255307197570801e-01 -6.555252075195312500e-01 -9.361398816108703613e-01 8.117508292198181152e-01 -7.007417082786560059e-01
2.150794118642807007e-01 -7.790374755859375000e-01 5.743333697319030762e-01 6.476387977600097656e-01 9.038958549499511719e-01 -7.675290107727050781e-01 8.997805118560791016e-01 7.966842055320739746e-01 3.115490674972534180e-01 7.282204926013946533e-02 3.719409108161926270e-01 -8.271250128746032715e-01 -6.072385311126708984e-01 -8.994110822677612305e-01 8.306684494018554688e-01 -5.806888937950134277e-01
1.706146597862243652e-01 -7.987071275711059570e-01 6.027557849884033203e-01 7.204750776290893555e-01 8.606846332550048828e-01 -7.811677455902099609e-01 8.882855772972106934e-01 7.830897569656372070e-01 1.217508167028427124e-01 1.243082880973815918e-01 5.001866817474365234e-01 -8.313246965408325195e-01 -5.429611206054687500e-01 -8.407177925109863281e-01 8.457680940628051758e-01 -4.205111563205718994e-01
1.441291272640228271e-01 -8.152410984039306641e-01 6.238303780555725098e-01 7.798111438751220703e-01 7.904068231582641602e-01 -7.934523820877075195e-01 8.687589764595031738e-01 7.541038393974304199e-01 -5.958916991949081421e-02 1.719023585319519043e-01 6.021699905395507812e-01 -8.335118889808654785e-01 -4.569348394870758057e-01 -7.534675002098083496e-01 8.578501343727111816e-01 -2.234698534011840820e-01
1.336920559406280518e-01 -8.291469216346740723e-01 6.365184187889099121e-01 8.273637294769287109e-01 6.860276460647583008e-01 -8.045991659164428711e-01 8.380305767059326172e-01 7.036076188087463379e-01 -2.129539400339126587e-01 2.137491703033447266e-01 6.813983917236328125e-01 -8.322252631187438965e-01 -3.446143865585327148e-01 -6.367364525794982910e-01 8.676885366439819336e-01 -5.339682102203369141e-04
1.352249681949615479e-01 -8.409079909324645996e-01 6.380053758621215820e-01 8.647906780242919922e-01 5.460361838340759277e-01 -8.147220611572265625e-01 7.919326424598693848e-01 6.252314448356628418e-01 -3.301257193088531494e-01 2.481500208377838135e-01 7.426885366439819336e-01 -8.246935009956359863e-01 -2.070253193378448486e-01 -4.984198212623596191e-01 8.758474588394165039e-01 2.313644289970397949e-01
1.437741070985794067e-01 -8.509981632232666016e-01 6.228201985359191895e-01 8.935798406600952148e-01 3.761680126190185547e-01 -8.238186240196228027e-01 7.254939675331115723e-01 5.144953727722167969e-01 -4.133244752883911133e-01 2.741248607635498047e-01 7.903875112533569336e-01 -8.059775233268737793e-01 -5.375460535287857056e-02 -3.521652817726135254e-01 8.826301097869873047e-01 4.512687921524047852e-01
1.549613624811172485e-01 -8.598484396934509277e-01 5.823239088058471680e-01 9.149737358093261719e-01 1.879587322473526001e-01 -8.317680954933166504e-01 6.340938210487365723e-01 3.717646002769470215e-01 -4.698171317577362061e-01 2.912284731864929199e-01 8.277934193611145020e-01 -7.678852081298828125e-01 1.004308685660362244e-01 -2.110486924648284912e-01 8.881727457046508789e-01 6.383587121963500977e-01
1.659699380397796631e-01 -8.677855134010314941e-01 5.058061480522155762e-01 9.298789501190185547e-01 -4.481330513954162598e-03 -8.383204936981201172e-01 5.149794220924377441e-01 2.037543952465057373e-01 -5.074182152748107910e-01 2.993889153003692627e-01 8.572197556495666504e-01 -6.979935169219970703e-01 2.430740892887115479e-01 -8.370488882064819336e-02 8.925601840019226074e-01 7.792143821716308594e-01
