2.680539526045322418e-02 2.756934240460395813e-02 -1.200719699263572693e-01 4.054868593811988831e-02 -1.222088634967803955e-01 6.904985010623931885e-02 7.464954257011413574e-02 -1.614801734685897827e-01 1.025366829708218575e-03 -5.681620165705680847e-02 5.773125216364860535e-02 2.510317414999008179e-02 7.369475811719894409e-02 1.162826120853424072e-01 3.758164495229721069e-02 1.225543394684791565e-01
4.412564262747764587e-02 7.378324121236801147e-02 -2.424030900001525879e-01 6.000206619501113892e-02 -2.298867255449295044e-01 1.328324079513549805e-01 5.330738052725791931e-02 -2.777974009513854980e-01 -7.165027782320976257e-03 -1.253921836614608765e-01 8.943642675876617432e-02 9.479139745235443115e-02 1.578899174928665161e-01 2.255233377218246460e-01 6.315188854932785034e-02 2.004316747188568115e-01
4.992946982383728027e-02 1.365155428647994995e-01 -3.616750836372375488e-01 4.803660139441490173e-02 -3.245224654674530029e-01 2.068348228931427002e-01 -2.680490538477897644e-02 -3.619475066661834717e-01 -1.591223850846290588e-02 -1.983807832002639771e-01 9.512874484062194824e-02 1.945432275533676147e-01 2.373372018337249756e-01 3.064421713352203369e-01 7.327198982238769531e-02 2.387397289276123047e-01
4.407262429594993591e-02 2.139198780059814453e-01 -4.741238653659820557e-01 1.411974430084228516e-03 -4.060652554035186768e-01 2.957262396812438965e-01 -1.318968385457992554e-01 -4.227272868156433105e-01 -1.992872357368469238e-02 -2.714146375656127930e-01 7.220678776502609253e-02 3.085948526859283447e-01 3.015739321708679199e-01 3.453261256217956543e-01 6.629201024770736694e-02 2.404753565788269043e-01
2.739299088716506958e-02 3.024320006370544434e-01 -5.764269828796386719e-01 -7.531038671731948853e-02 -4.744235277175903320e-01 3.955817222595214844e-01 -2.376693785190582275e-01 -4.650511443614959717e-01 -1.512798387557268143e-02 -3.423547148704528809e-01 1.822271198034286499e-02 4.224018156528472900e-01 3.426812291145324707e-01 3.346012234687805176e-01 4.096241667866706848e-02 2.104457020759582520e-01
1.049567013978958130e-03 3.963356018066406250e-01 -6.658397316932678223e-01 -1.710515022277832031e-01 -5.294593572616577148e-01 4.976935982704162598e-01 -3.298909366130828857e-01 -4.910484552383422852e-01 2.833778969943523407e-03 -4.101424813270568848e-01 -6.623286753892898560e-02 5.248728990554809570e-01 3.540731072425842285e-01 2.724875211715698242e-01 -3.466848284006118774e-03 1.574019044637680054e-01
-3.356362506747245789e-02 4.889898896217346191e-01 -7.407464385032653809e-01 -2.731424570083618164e-01 -5.707021951675415039e-01 5.928441882133483887e-01 -4.012985229492187500e-01 -5.012494325637817383e-01 3.902564570307731628e-02 -4.739477634429931641e-01 -1.755230128765106201e-01 6.091852784156799316e-01 3.305411338806152344e-01 1.641439199447631836e-01 -6.659320741891860962e-02 9.333582222461700439e-02
-7.441188395023345947e-02 5.745790004730224609e-01 -8.009434938430786133e-01 -3.719883859157562256e-01 -5.969391465187072754e-01 6.744005680084228516e-01 -4.480468332767486572e-01 -4.956433773040771484e-01 9.853181242942810059e-02 -5.329841375350952148e-01 -2.995048761367797852e-01 6.723068952560424805e-01 2.696656584739685059e-01 2.262542769312858582e-02 -1.461562067270278931e-01 2.971916273236274719e-02
-1.181428655982017517e-01 6.492918729782104492e-01 -8.474274277687072754e-01 -4.622346758842468262e-01 -6.057742238044738770e-01 7.393494844436645508e-01 -4.674725532531738281e-01 -4.745900332927703857e-01 1.845639944076538086e-01 -5.867449641227722168e-01 -4.263763725757598877e-01 7.139328718185424805e-01 1.739703714847564697e-01 -1.330305784940719604e-01 -2.375094890594482422e-01 -2.622470445930957794e-02
-1.594137251377105713e-01 7.116010785102844238e-01 -8.818925619125366211e-01 -5.416515469551086426e-01 -5.935540795326232910e-01 7.875655889511108398e-01 -4.577598273754119873e-01 -4.393243789672851562e-01 2.959384918212890625e-01 -6.352119445800781250e-01 -5.457269549369812012e-01 7.353141307830810547e-01 5.207980424165725708e-02 -2.833998501300811768e-01 -3.334620893001556396e-01 -7.214980572462081909e-02
-1.905623972415924072e-01 7.618311047554016113e-01 -9.062303304672241211e-01 -6.098391413688659668e-01 -5.562998056411743164e-01 8.203263282775878906e-01 -4.192566275596618652e-01 -3.918481469154357910e-01 4.251402318477630615e-01 -6.788315773010253906e-01 -6.503050327301025391e-01 7.381389141082763672e-01 -8.294928818941116333e-02 -4.149964153766632080e-01 -4.248431921005249023e-01 -1.087395101785659790e-01
-2.021556794643402100e-01 8.014132976531982422e-01 -9.221583604812622070e-01 -6.674237251281738281e-01 -4.918118715286254883e-01 8.390073776245117188e-01 -3.561372458934783936e-01 -3.344618082046508789e-01 5.587401390075683594e-01 -7.183107137680053711e-01 -7.364311218261718750e-01 7.235612869262695312e-01 -2.177235335111618042e-01 -5.229091644287109375e-01 -5.019780397415161133e-01 -1.376907080411911011e-01
-1.849413365125656128e-01 8.321787118911743164e-01 -9.309573173522949219e-01 -7.155762314796447754e-01 -4.016448259353637695e-01 8.443698287010192871e-01 -2.764934301376342773e-01 -2.694781720638275146e-01 6.813124418258666992e-01 -7.543591260910034180e-01 -8.035510778427124023e-01 6.915942430496215820e-01 -3.421890139579772949e-01 -6.087633371353149414e-01 -5.565764904022216797e-01 -1.606476008892059326e-01
-1.329287439584732056e-01 8.558630943298339844e-01 -9.332592487335205078e-01 -7.556484937667846680e-01 -2.910376191139221191e-01 8.364081382751464844e-01 -1.901221871376037598e-01 -1.993001848459243774e-01 7.812221646308898926e-01 -7.874633073806762695e-01 -8.533355593681335449e-01 6.410925984382629395e-01 -4.507920145988464355e-01 -6.768763065338134766e-01 -5.830308794975280762e-01 -1.789171546697616577e-01
-4.611252248287200928e-02 8.738439679145812988e-01 -9.288463592529296875e-01 -7.888761758804321289e-01 -1.669035255908966064e-01 8.145345449447631836e-01 -1.054694801568984985e-01 -1.265268325805664062e-01 8.542943596839904785e-01 -8.177251815795898438e-01 -8.886135220527648926e-01 5.703471899032592773e-01 -5.416026711463928223e-01 -7.314327955245971680e-01 -5.784789323806762695e-01 -1.935045272111892700e-01
6.880467385053634644e-02 8.870465159416198730e-01 -9.164428114891052246e-01 -8.161653280258178711e-01 -3.586965054273605347e-02 7.778542041778564453e-01 -2.777617052197456360e-02 -5.376867949962615967e-02 9.031217098236083984e-01 -8.447849750518798828e-01 -9.124348163604736328e-01 4.781785905361175537e-01 -6.148790121078491211e-01 -7.754046916961669922e-01 -5.419411063194274902e-01 -2.052017003297805786e-01
2.001290768384933472e-01 8.959299325942993164e-01 -8.935335278511047363e-01 -8.379672169685363770e-01 9.645619243383407593e-02 7.254254817962646484e-01 4.096479713916778564e-02 1.674307137727737427e-02 9.336341023445129395e-01 -8.678665161132812500e-01 -9.274784922599792480e-01 3.653299212455749512e-01 -6.719259619712829590e-01 -8.106481432914733887e-01 -4.735483825206756592e-01 -2.146517038345336914e-01
3.344625830650329590e-01 9.004651308059692383e-01 -8.563877344131469727e-01 -8.542199730873107910e-01 2.253460586071014404e-01 6.566298007965087891e-01 1.009960621595382690e-01 8.345440775156021118e-02 9.518899917602539062e-01 -8.859841227531433105e-01 -9.358280897140502930e-01 2.356112748384475708e-01 -7.143881320953369141e-01 -8.384342789649963379e-01 -3.747497797012329102e-01 -2.223835736513137817e-01
4.601070284843444824e-01 9.000414609909057617e-01 -8.006479740142822266e-01 -8.643347024917602539e-01 3.466985821723937988e-01 5.718081593513488770e-01 1.536349952220916748e-01 1.455253064632415771e-01 9.625098705291748047e-01 -8.982683420181274414e-01 -9.389909505844116211e-01 9.590557217597961426e-02 -7.438355088233947754e-01 -8.599069118499755859e-01 -2.494976371526718140e-01 -2.288292050361633301e-01
5.692952275276184082e-01 8.932783007621765137e-01 -7.228306531906127930e-01 -8.672166466712951660e-01 4.570795297622680664e-01 4.729954004287719727e-01 2.004394233226776123e-01 2.026605457067489624e-01 9.684779644012451172e-01 -9.042181372642517090e-01 -9.380137920379638672e-01 -4.536239057779312134e-02 -7.615205645561218262e-01 -8.762640953063964844e-01 -1.053635030984878540e-01 -2.343346923589706421e-01
6.586762070655822754e-01 8.778002858161926270e-01 -6.224451065063476562e-01 -8.613146543502807617e-01 5.540323257446289062e-01 3.641832470893859863e-01 2.428013980388641357e-01 2.548876404762268066e-01 9.715337157249450684e-01 -9.036536216735839844e-01 -9.335881471633911133e-01 -1.804478764533996582e-01 -7.682882547378540039e-01 -8.887037038803100586e-01 4.685530066490173340e-02 -2.391727566719055176e-01
7.283834218978881836e-01 8.501855731010437012e-01 -5.033780336380004883e-01 -8.446996212005615234e-01 6.363695263862609863e-01 2.506680190563201904e-01 2.818419933319091797e-01 3.023930191993713379e-01 9.726263284683227539e-01 -8.963669538497924805e-01 -9.260956048965454102e-01 -3.038435280323028564e-01 -7.646557688713073730e-01 -8.982719779014587402e-01 1.955118626356124878e-01 -2.435571253299713135e-01
7.805634140968322754e-01 8.064501285552978516e-01 -3.731567263603210449e-01 -8.152110576629638672e-01 7.041803598403930664e-01 1.377800554037094116e-01 3.184029757976531982e-01 3.454374670982360840e-01 9.722360372543334961e-01 -8.817363977432250977e-01 -9.155880212783813477e-01 -4.126409888267517090e-01 -7.510058879852294922e-01 -9.057423472404479980e-01 3.311471641063690186e-01 -2.476563602685928345e-01
8.181251287460327148e-01 7.432833909988403320e-01 -2.404259741306304932e-01 -7.707478404045104980e-01 7.585327625274658203e-01 2.978923171758651733e-02 3.530309498310089111e-01 3.843158483505249023e-01 9.705536365509033203e-01 -8.585633039474487305e-01 -9.017210006713867188e-01 -5.060812234878540039e-01 -7.277597188949584961e-01 -9.115863442420959473e-01 4.482768476009368896e-01 -2.516042888164520264e-01
8.439819812774658203e-01 6.595777273178100586e-01 -1.124933660030364990e-01 -7.097513675689697266e-01 8.010401725769042969e-01 -7.052150368690490723e-02 3.859856724739074707e-01 4.193232953548431396e-01 9.675605297088623047e-01 -8.251869082450866699e-01 -8.836534023284912109e-01 -5.848425626754760742e-01 -6.954244375228881836e-01 -9.160308837890625000e-01 5.453220605850219727e-01 -2.555051147937774658e-01
8.606995344161987305e-01 5.572000741958618164e-01 5.748733878135681152e-03 -6.318121552467346191e-01 8.334674239158630371e-01 -1.617147326469421387e-01 4.173136353492736816e-01 4.507144391536712646e-01 9.630523920059204102e-01 -7.798259258270263672e-01 -8.599154353141784668e-01 -6.503844261169433594e-01 -6.545298099517822266e-01 -9.191491603851318359e-01 6.234418749809265137e-01 -2.594302594661712646e-01
8.703759908676147461e-01 4.404224753379821777e-01 1.116618812084197998e-01 -5.381836891174316406e-01 8.574512600898742676e-01 -2.433313131332397461e-01 4.469535946846008301e-01 4.786550402641296387e-01 9.566270112991333008e-01 -7.211151123046875000e-01 -8.282439708709716797e-01 -7.044622898101806641e-01 -6.055459380149841309e-01 -9.209312200546264648e-01 6.851986646652221680e-01 -2.634018063545227051e-01
8.746428489685058594e-01 3.145493865013122559e-01 2.042141854763031006e-01 -4.318926334381103516e-01 8.743349313735961914e-01 -3.155408799648284912e-01 4.748031497001647949e-01 5.031677484512329102e-01 9.476398229598999023e-01 -6.487618684768676758e-01 -7.854069471359252930e-01 -7.488203644752502441e-01 -5.488474369049072266e-01 -9.213138818740844727e-01 7.335405349731445312e-01 -2.673559486865997314e-01
8.747203350067138672e-01 1.846838444471359253e-01 2.833644151687622070e-01 -3.172396719455718994e-01 8.850809335708618164e-01 -3.788863122463226318e-01 5.007002949714660645e-01 5.240716934204101562e-01 9.351227283477783203e-01 -5.641101598739624023e-01 -7.271167039871215820e-01 -7.850225567817687988e-01 -4.847171604633331299e-01 -9.201787710189819336e-01 7.712095975875854492e-01 -2.710734307765960693e-01
8.714890480041503906e-01 5.508574843406677246e-02 3.496284484863281250e-01 -1.988180279731750488e-01 8.902169466018676758e-01 -4.341107010841369629e-01 5.243200063705444336e-01 5.409161448478698730e-01 9.176621437072753906e-01 -4.703080654144287109e-01 -6.482946276664733887e-01 -8.143739104270935059e-01 -4.133450090885162354e-01 -9.173330068588256836e-01 8.004980683326721191e-01 -2.740596234798431396e-01
8.655554056167602539e-01 -7.096058130264282227e-02 4.038054645061492920e-01 -8.051975071430206299e-02 8.897778987884521484e-01 -4.820381402969360352e-01 5.450308322906494141e-01 5.529128909111022949e-01 8.932471275329589844e-01 -3.718552887439727783e-01 -5.441334843635559082e-01 -8.378978967666625977e-01 -3.348139226436614990e-01 -9.124829173088073730e-01 8.232140541076660156e-01 -2.753514945507049561e-01
8.573092222213745117e-01 -1.910153478384017944e-01 4.468119144439697266e-01 3.494257107377052307e-02 8.832175731658935547e-01 -5.234910249710083008e-01 5.617836713790893555e-01 5.588898062705993652e-01 8.591448068618774414e-01 -2.735952436923980713e-01 -4.123494327068328857e-01 -8.563454747200012207e-01 -2.491487264633178711e-01 -9.052076935768127441e-01 8.407368063926696777e-01 -2.732348442077636719e-01
8.469911813735961914e-01 -3.032601177692413330e-01 4.795880317687988281e-01 1.457776725292205811e-01 8.692952394485473633e-01 -5.592362880706787109e-01 5.730922222137451172e-01 5.573250055313110352e-01 8.119672536849975586e-01 -1.795288920402526855e-01 -2.561505734920501709e-01 -8.702180385589599609e-01 -1.565466672182083130e-01 -8.949410915374755859e-01 8.540854454040527344e-01 -2.648927867412567139e-01
8.347842693328857422e-01 -4.062641263008117676e-01 5.030435919761657715e-01 2.504242956638336182e-01 8.460112810134887695e-01 -5.899604558944702148e-01 5.770881175994873047e-01 5.465570688247680664e-01 7.482209801673889160e-01 -9.197340160608291626e-02 -8.570054918527603149e-02 -8.797842264175415039e-01 -5.778235942125320435e-02 -8.809671401977539062e-01 8.639727234840393066e-01 -2.461177855730056763e-01
8.209142684936523438e-01 -4.988121390342712402e-01 5.179983973503112793e-01 3.471146523952484131e-01 8.107413053512573242e-01 -6.162697076797485352e-01 5.715388059616088867e-01 5.252112150192260742e-01 6.655350327491760254e-01 -1.146628148853778839e-02 8.452504873275756836e-02 -8.850623369216918945e-01 4.549928009510040283e-02 -8.624326586723327637e-01 8.708547353744506836e-01 -2.114170193672180176e-01
8.057067394256591797e-01 -5.798780322074890137e-01 5.250736474990844727e-01 4.341191053390502930e-01 7.607231140136718750e-01 -6.387033462524414062e-01 5.537165999412536621e-01 4.926791191101074219e-01 5.642473101615905762e-01 6.256454437971115112e-02 2.414424717426300049e-01 -8.857343792915344238e-01 1.509358286857604980e-01 -8.383733630180358887e-01 8.749997615814208984e-01 -1.549709588289260864e-01
7.895714044570922852e-01 -6.487560272216796875e-01 5.245381593704223633e-01 5.102865695953369141e-01 6.939229965209960938e-01 -6.577389240264892578e-01 5.202087163925170898e-01 4.493429958820343018e-01 4.485265612602233887e-01 1.307927519083023071e-01 3.774594068527221680e-01 -8.809826970100402832e-01 2.559099793434143066e-01 -8.077828884124755859e-01 8.765863180160522461e-01 -7.264316082000732422e-02
7.729561924934387207e-01 -7.052429914474487305e-01 5.161612033843994141e-01 5.752159357070922852e-01 6.100990772247314453e-01 -6.737803816795349121e-01 4.670886397361755371e-01 3.964197337627410889e-01 3.261911869049072266e-01 1.932082772254943848e-01 4.906227588653564453e-01 -8.692859411239624023e-01 3.578519523143768311e-01 -7.697696685791015625e-01 8.758094310760498047e-01 3.556075692176818848e-02
7.563209533691406250e-01 -7.497400045394897461e-01 4.991247355937957764e-01 6.289654970169067383e-01 5.115686655044555664e-01 -6.871329545974731445e-01 3.910105228424072266e-01 3.356017768383026123e-01 2.067096531391143799e-01 2.488716244697570801e-01 5.825378894805908203e-01 -8.482765555381774902e-01 4.542880654335021973e-01 -7.237854599952697754e-01 8.729586601257324219e-01 1.640327423810958862e-01
7.401273250579833984e-01 -7.831959128379821777e-01 4.720390141010284424e-01 6.716744899749755859e-01 4.029555022716522217e-01 -6.979763507843017578e-01 2.912923097610473633e-01 2.687342762947082520e-01 9.804815053939819336e-02 2.962497174739837646e-01 6.562656164169311523e-01 -8.148183226585388184e-01 5.429486036300659180e-01 -6.697859168052673340e-01 8.684260249137878418e-01 3.024286627769470215e-01
7.248085141181945801e-01 -8.068749904632568359e-01 4.331035017967224121e-01 7.033702135086059570e-01 2.897050082683563232e-01 -7.063408493995666504e-01 1.718159914016723633e-01 1.976269185543060303e-01 4.475034773349761963e-03 3.338619470596313477e-01 7.150076031684875488e-01 -7.654396295547485352e-01 6.220706701278686523e-01 -6.081632971763610840e-01 8.626258969306945801e-01 4.386929869651794434e-01
7.107079029083251953e-01 -8.220113515853881836e-01 3.804196417331695557e-01 7.239259481430053711e-01 1.763375699520111084e-01 -7.120819687843322754e-01 4.085442796349525452e-02 1.239567846059799194e-01 -7.339221239089965820e-02 3.607534766197204590e-01 7.615161538124084473e-01 -6.970586776733398438e-01 6.906743049621582031e-01 -5.394688248634338379e-01 8.558795452117919922e-01 5.625122785568237305e-01
6.980227828025817871e-01 -8.294731974601745605e-01 3.124175965785980225e-01 7.329970598220825195e-01 6.567851454019546509e-02 -7.148455381393432617e-01 -9.164661169052124023e-02 4.919661208987236023e-02 -1.371618807315826416e-01 3.765391409397125244e-01 7.979510426521301270e-01 -6.077039837837219238e-01 7.485969066619873047e-01 -4.641413688659667969e-01 8.483430743217468262e-01 6.674395799636840820e-01
6.867910027503967285e-01 -8.295235633850097656e-01 2.283388078212738037e-01 7.298337221145629883e-01 -4.076804220676422119e-02 -7.140120863914489746e-01 -2.174452394247055054e-01 -2.543087303638458252e-02 -1.892499327659606934e-01 3.811509013175964355e-01 8.259333372116088867e-01 -4.969756305217742920e-01 7.963225841522216797e-01 -3.824481368064880371e-01 8.400027155876159668e-01 7.511710524559020996e-01
6.769194006919860840e-01 -8.216798305511474609e-01 1.286963224411010742e-01 7.129959464073181152e-01 -1.420391798019409180e-01 -7.086117863655090332e-01 -3.317939043045043945e-01 -9.894478321075439453e-02 -2.320395112037658691e-01 3.745498061180114746e-01 8.466320037841796875e-01 -3.662947416305541992e-01 8.347479104995727539e-01 -2.946873009204864502e-01 8.307083845138549805e-01 8.145660161972045898e-01
6.682254076004028320e-01 -8.046320676803588867e-01 1.561048626899719238e-02 6.800856590270996094e-01 -2.372072637081146240e-01 -6.972050666809082031e-01 -4.331499040126800537e-01 -1.705516576766967773e-01 -2.675458490848541260e-01 3.565549850463867188e-01 8.608042597770690918e-01 -2.191421985626220703e-01 8.649644851684570312e-01 -2.015870064496994019e-01 8.202094435691833496e-01 8.602761030197143555e-01
6.604698300361633301e-01 -7.762202024459838867e-01 -1.070819348096847534e-01 6.276930570602416992e-01 -3.253124356269836426e-01 -6.777434945106506348e-01 -5.218291282653808594e-01 -2.395755499601364136e-01 -2.973603606224060059e-01 3.268074095249176025e-01 8.687670230865478516e-01 -6.126634776592254639e-02 8.880814313888549805e-01 -1.048192605376243591e-01 8.081774711608886719e-01 8.915605545043945312e-01
6.533758640289306641e-01 -7.335466742515563965e-01 -2.340425401926040649e-01 5.518913865089416504e-01 -4.055447578430175781e-01 -6.474729776382446289e-01 -5.987514257431030273e-01 -3.053900003433227539e-01 -3.227039277553558350e-01 2.848199009895324707e-01 8.702929019927978516e-01 9.952002018690109253e-02 9.050914049148559570e-01 -7.552847266197204590e-03 7.942156791687011719e-01 9.114926457405090332e-01
6.466347575187683105e-01 -6.733624935150146484e-01 -3.590522408485412598e-01 4.496905803680419922e-01 -4.774330556392669678e-01 -6.030232310295104980e-01 -6.647933721542358398e-01 -3.673512339591979980e-01 -3.445003926753997803e-01 2.300794422626495361e-01 8.644199371337890625e-01 2.543721497058868408e-01 9.167777299880981445e-01 8.506196737289428711e-02 7.778577804565429688e-01 9.225357770919799805e-01
6.398948431015014648e-01 -5.927999615669250488e-01 -4.760138988494873047e-01 3.214544057846069336e-01 -5.409071445465087891e-01 -5.408947467803955078e-01 -7.206760048866271973e-01 -4.247345328330993652e-01 -3.634299933910369873e-01 1.622360348701477051e-01 8.491724729537963867e-01 3.951715230941772461e-01 9.236487150192260742e-01 1.656729131937026978e-01 7.585541009902954102e-01 9.263906478881835938e-01
