-2.257934398949146271e-02 -5.927327275276184082e-02 -3.783800825476646423e-02 7.734435051679611206e-02 -1.467925496399402618e-02 -3.852254524827003479e-02 4.440184216946363449e-03 -1.207574233412742615e-01 -2.679659985005855560e-02 3.938048612326383591e-03 4.113048687577247620e-02 -1.372787449508905411e-02 5.311461538076400757e-02 -1.833748631179332733e-02 4.563971608877182007e-02 1.669277697801589966e-01
-2.311882562935352325e-02 -8.366708457469940186e-02 -1.098059713840484619e-01 1.495797634124755859e-01 -7.157772034406661987e-02 -5.405326187610626221e-02 -4.267987795174121857e-03 -2.190379053354263306e-01 -7.110365480184555054e-02 -3.691253717988729477e-03 8.838552981615066528e-02 7.897761650383472443e-03 1.391075551509857178e-01 2.031730860471725464e-02 7.148671150207519531e-02 3.038341104984283447e-01
-1.639797724783420563e-02 -7.651314139366149902e-02 -2.037374675273895264e-01 2.026892751455307007e-01 -1.638673543930053711e-01 -4.074323922395706177e-02 -4.321915656328201294e-02 -3.077536821365356445e-01 -1.167010068893432617e-01 -2.254096046090126038e-02 1.360609233379364014e-01 6.926671415567398071e-02 2.401652336120605469e-01 1.018014922738075256e-01 8.053478598594665527e-02 4.167722463607788086e-01
-1.324354950338602066e-02 -3.972303122282028198e-02 -3.102900981903076172e-01 2.280310392379760742e-01 -2.762425541877746582e-01 6.733879446983337402e-03 -1.147604808211326599e-01 -3.929316997528076172e-01 -1.569243967533111572e-01 -5.105181410908699036e-02 1.774812042713165283e-01 1.698375344276428223e-01 3.412930965423583984e-01 2.100357115268707275e-01 7.451924681663513184e-02 5.049946308135986328e-01
-1.999396644532680511e-02 2.505437657237052917e-02 -4.215771853923797607e-01 2.208626121282577515e-01 -3.926834464073181152e-01 9.106129407882690430e-02 -2.090941071510314941e-01 -4.759563207626342773e-01 -1.899368315935134888e-01 -8.683982491493225098e-02 2.065767943859100342e-01 3.002409934997558594e-01 4.321733117103576660e-01 3.273216187953948975e-01 5.354894697666168213e-02 5.647069811820983887e-01
-3.989540040493011475e-02 1.142168566584587097e-01 -5.304201841354370117e-01 1.805027723312377930e-01 -5.012114048004150391e-01 2.087782174348831177e-01 -3.107708990573883057e-01 -5.550998449325561523e-01 -2.158311009407043457e-01 -1.272910237312316895e-01 2.181687206029891968e-01 4.428689479827880859e-01 5.066968798637390137e-01 4.361782073974609375e-01 1.677257940173149109e-02 5.909651517868041992e-01
-7.424785196781158447e-02 2.203563898801803589e-01 -6.304656267166137695e-01 1.118434071540832520e-01 -5.952432155609130859e-01 3.482986986637115479e-01 -4.057291150093078613e-01 -6.271961927413940430e-01 -2.350246608257293701e-01 -1.700060665607452393e-01 2.081498056650161743e-01 5.784752368927001953e-01 5.613332986831665039e-01 5.223565697669982910e-01 -3.651340678334236145e-02 5.787185430526733398e-01
-1.229665428400039673e-01 3.334081768989562988e-01 -7.170523405075073242e-01 2.514785528182983398e-02 -6.728157401084899902e-01 4.926844239234924316e-01 -4.851012229919433594e-01 -6.892526149749755859e-01 -2.474641054868698120e-01 -2.129902541637420654e-01 1.740096360445022583e-01 6.935554742813110352e-01 5.937567949295043945e-01 5.783371329307556152e-01 -1.057541146874427795e-01 5.242028236389160156e-01
-1.848577111959457397e-01 4.440936446189880371e-01 -7.879921197891235352e-01 -6.789505481719970703e-02 -7.348498702049255371e-01 6.256601810455322266e-01 -5.451109409332275391e-01 -7.394813299179077148e-01 -2.522577643394470215e-01 -2.547755241394042969e-01 1.154947951436042786e-01 7.828558087348937988e-01 6.020551919937133789e-01 6.050554513931274414e-01 -1.885971277952194214e-01 4.276083111763000488e-01
-2.576906383037567139e-01 5.461419820785522461e-01 -8.435029387474060059e-01 -1.585550904273986816e-01 -7.834798693656921387e-01 7.364749908447265625e-01 -5.850419402122497559e-01 -7.774905562400817871e-01 -2.475297152996063232e-01 -2.945243120193481445e-01 3.481289371848106384e-02 8.473705053329467773e-01 5.844174623489379883e-01 6.097202301025390625e-01 -2.811304628849029541e-01 2.955733239650726318e-01
-3.380388319492340088e-01 6.362256407737731934e-01 -8.854145407676696777e-01 -2.422820478677749634e-01 -8.210171461105346680e-01 8.212864398956298828e-01 -6.052818298339843750e-01 -8.038451075553894043e-01 -2.304417937994003296e-01 -3.319988846778869629e-01 -6.378453969955444336e-02 8.912004232406616211e-01 5.392931103706359863e-01 6.010353565216064453e-01 -3.784635365009307861e-01 1.407481729984283447e-01
-4.211161136627197266e-01 7.130256891250610352e-01 -9.162259101867675781e-01 -3.175617158412933350e-01 -8.495004177093505859e-01 8.816589713096618652e-01 -6.062525510787963867e-01 -8.194321393966674805e-01 -1.974169611930847168e-01 -3.674059510231018066e-01 -1.746481209993362427e-01 9.192271828651428223e-01 4.661503434181213379e-01 5.853618979454040527e-01 -4.752595424652099609e-01 -2.159083634614944458e-02
-5.009798407554626465e-01 7.764959931373596191e-01 -9.384149312973022461e-01 -3.844712674617767334e-01 -8.705505728721618652e-01 9.220105409622192383e-01 -5.882430076599121094e-01 -8.249433040618896484e-01 -1.446359455585479736e-01 -4.012335240840911865e-01 -2.913666069507598877e-01 9.358444213867187500e-01 3.667961955070495605e-01 5.654728412628173828e-01 -5.662371516227722168e-01 -1.774060279130935669e-01
-5.713263750076293945e-01 8.274472951889038086e-01 -9.540891647338867188e-01 -4.437499642372131348e-01 -8.853268027305603027e-01 9.474478363990783691e-01 -5.519234538078308105e-01 -8.205588459968566895e-01 -6.890477240085601807e-02 -4.341446161270141602e-01 -4.074656069278717041e-01 9.444272518157958984e-01 2.465319782495498657e-01 5.410199761390686035e-01 -6.467335820198059082e-01 -3.165130019187927246e-01
-6.267462968826293945e-01 8.672623038291931152e-01 -9.648893475532531738e-01 -4.963457286357879639e-01 -8.944932222366333008e-01 9.624882936477661133e-01 -4.991359114646911621e-01 -8.058036565780639648e-01 3.107222914695739746e-02 -4.669193029403686523e-01 -5.171982645988464355e-01 9.472309947013854980e-01 1.138804107904434204e-01 5.093361139297485352e-01 -7.132443189620971680e-01 -4.335358142852783203e-01
-6.638897657394409180e-01 8.976285457611083984e-01 -9.720268249511718750e-01 -5.432282686233520508e-01 -8.981506824493408203e-01 9.705497026443481445e-01 -4.333007335662841797e-01 -7.795364260673522949e-01 1.532573699951171875e-01 -5.004081130027770996e-01 -6.162289977073669434e-01 9.454908370971679688e-01 -2.149858325719833374e-02 4.659872651100158691e-01 -7.637341022491455078e-01 -5.273863673210144043e-01
-6.818286180496215820e-01 9.202871322631835938e-01 -9.763649702072143555e-01 -5.853201746940612793e-01 -8.956980705261230469e-01 9.739050865173339844e-01 -3.589555323123931885e-01 -7.400479316711425781e-01 2.913666963577270508e-01 -5.354642271995544434e-01 -7.019511461257934570e-01 9.395607709884643555e-01 -1.513620913028717041e-01 4.051947891712188721e-01 -7.975696921348571777e-01 -5.998737812042236328e-01
-6.813014149665832520e-01 9.368359446525573730e-01 -9.784951210021972656e-01 -6.234720349311828613e-01 -8.855884671211242676e-01 9.738374352455139160e-01 -2.806988060474395752e-01 -6.852602958679199219e-01 4.353133738040924072e-01 -5.728371739387512207e-01 -7.733824849128723145e-01 9.289791584014892578e-01 -2.703118622303009033e-01 3.204729557037353516e-01 -8.151233196258544922e-01 -6.542116999626159668e-01
-6.632422208786010742e-01 9.486107826232910156e-01 -9.787859916687011719e-01 -6.584527492523193359e-01 -8.649823665618896484e-01 9.708214402198791504e-01 -2.022699415683746338e-01 -6.130806207656860352e-01 5.732659101486206055e-01 -6.130222082138061523e-01 -8.308117389678955078e-01 9.123758077621459961e-01 -3.758080005645751953e-01 2.059103995561599731e-01 -8.172746896743774414e-01 -6.939228773117065430e-01
-6.273064613342285156e-01 9.566370248794555664e-01 -9.773931503295898438e-01 -6.909409761428833008e-01 -8.294545412063598633e-01 9.646316766738891602e-01 -1.261837780475616455e-01 -5.220820903778076172e-01 6.946036219596862793e-01 -6.560730934143066406e-01 -8.753977417945861816e-01 8.871575593948364258e-01 -4.674367308616638184e-01 5.873557180166244507e-02 -8.050132989883422852e-01 -7.222552299499511719e-01
-5.709180831909179688e-01 9.616243839263916016e-01 -9.742068052291870117e-01 -7.215049862861633301e-01 -7.732848525047302246e-01 9.543297290802001953e-01 -5.388775095343589783e-02 -4.127122163772583008e-01 7.924702167510986328e-01 -7.014036774635314941e-01 -9.088136553764343262e-01 8.489772081375122070e-01 -5.460600852966308594e-01 -1.165247857570648193e-01 -7.791243791580200195e-01 -7.419893145561218262e-01
-4.892965555191040039e-01 9.639678597450256348e-01 -9.686797857284545898e-01 -7.505589723587036133e-01 -6.912426352500915527e-01 9.381172060966491699e-01 1.372589170932769775e-02 -2.887808978557586670e-01 8.648778796195983887e-01 -7.476245164871215820e-01 -9.329431056976318359e-01 7.912883758544921875e-01 -6.131147146224975586e-01 -3.044537603855133057e-01 -7.397166490554809570e-01 -7.554479837417602539e-01
-3.772782087326049805e-01 9.637065529823303223e-01 -9.594160318374633789e-01 -7.782962322235107422e-01 -5.817585587501525879e-01 9.130986928939819336e-01 7.573420554399490356e-02 -1.579515337944030762e-01 9.141413569450378418e-01 -7.924737930297851562e-01 -9.496276378631591797e-01 7.059752941131591797e-01 -6.701126098632812500e-01 -4.815632700920104980e-01 -6.853669881820678711e-01 -7.645336985588073730e-01
-2.333466410636901855e-01 9.603871107101440430e-01 -9.433454275131225586e-01 -8.046124577522277832e-01 -4.486167132854461670e-01 8.750954270362854004e-01 1.310890018939971924e-01 -2.973540872335433960e-02 9.451950788497924805e-01 -8.329057693481445312e-01 -9.604810476303100586e-01 5.865003466606140137e-01 -7.183532714843750000e-01 -6.277167201042175293e-01 -6.122006177902221680e-01 -7.707164883613586426e-01
-6.370008736848831177e-02 9.527771472930908203e-01 -9.143459796905517578e-01 -8.290215730667114258e-01 -2.989801764488220215e-01 8.187749385833740234e-01 1.793174296617507935e-01 8.808305114507675171e-02 9.636160135269165039e-01 -8.654405474662780762e-01 -9.667858481407165527e-01 4.332786500453948975e-01 -7.588502764701843262e-01 -7.358247041702270508e-01 -5.142745971679687500e-01 -7.750252485275268555e-01
1.173317283391952515e-01 9.383522272109985352e-01 -8.616824746131896973e-01 -8.505313396453857422e-01 -1.404743939638137817e-01 7.385474443435668945e-01 2.212281972169876099e-01 1.915282011032104492e-01 9.740978479385375977e-01 -8.868846893310546875e-01 -9.694747924804687500e-01 2.571875154972076416e-01 -7.923754453659057617e-01 -8.103395700454711914e-01 -3.867572247982025146e-01 -7.781151533126831055e-01
2.914611995220184326e-01 9.124833345413208008e-01 -7.705253958702087402e-01 -8.674724698066711426e-01 1.986569911241531372e-02 6.307870149612426758e-01 2.587809860706329346e-01 2.799859046936035156e-01 9.798251390457153320e-01 -8.951386213302612305e-01 -9.691812992095947266e-01 7.622095942497253418e-02 -8.194604516029357910e-01 -8.600337505340576172e-01 -2.309273928403854370e-01 -7.803869843482971191e-01
4.431844949722290039e-01 8.675315976142883301e-01 -6.290154457092285156e-01 -8.773235082626342773e-01 1.755433529615402222e-01 4.968820810317993164e-01 2.945461273193359375e-01 3.547154068946838379e-01 9.826365113258361816e-01 -8.890755176544189453e-01 -9.662895202636718750e-01 -9.320095181465148926e-02 -8.403226137161254883e-01 -8.930175900459289551e-01 -5.672057718038558960e-02 -7.820912599563598633e-01
5.646630525588989258e-01 7.931710481643676758e-01 -4.406788349151611328e-01 -8.764901161193847656e-01 3.208475410938262939e-01 3.444950282573699951e-01 3.313009738922119141e-01 4.176627397537231445e-01 9.834718704223632812e-01 -8.668090105056762695e-01 -9.608860015869140625e-01 -2.419854402542114258e-01 -8.548407554626464844e-01 -9.151604771614074707e-01 1.202399283647537231e-01 -7.833910584449768066e-01
6.554638743400573730e-01 6.807307600975036621e-01 -2.274459749460220337e-01 -8.600474596023559570e-01 4.514043331146240234e-01 1.851282566785812378e-01 3.713926970958709717e-01 4.708680510520935059e-01 9.827190637588500977e-01 -8.235715627670288086e-01 -9.525834321975708008e-01 -3.678466081619262695e-01 -8.627414703369140625e-01 -9.302353858947753906e-01 2.843931913375854492e-01 -7.843914628028869629e-01
7.193655967712402344e-01 5.307947993278503418e-01 -1.624636352062225342e-02 -8.220320343971252441e-01 5.645449161529541016e-01 3.009434789419174194e-02 4.158772826194763184e-01 5.162361860275268555e-01 9.803804159164428711e-01 -7.514801621437072754e-01 -9.402744770050048828e-01 -4.723331034183502197e-01 -8.640046119689941406e-01 -9.405466318130493164e-01 4.250010251998901367e-01 -7.851521968841552734e-01
7.615545988082885742e-01 3.548402488231658936e-01 1.742606014013290405e-01 -7.572495341300964355e-01 6.593518853187561035e-01 -1.121386140584945679e-01 4.643615484237670898e-01 5.554461479187011719e-01 9.761036634445190430e-01 -6.424786448478698730e-01 -9.218059778213500977e-01 -5.584832429885864258e-01 -8.591722249984741211e-01 -9.475067853927612305e-01 5.383470058441162109e-01 -7.856870889663696289e-01
7.869800329208374023e-01 1.679999828338623047e-01 3.359197378158569336e-01 -6.643587946891784668e-01 7.363731265068054199e-01 -2.367481738328933716e-01 5.156431198120117188e-01 5.898890495300292969e-01 9.690869450569152832e-01 -4.940299689769744873e-01 -8.934257030487060547e-01 -6.295349001884460449e-01 -8.492217063903808594e-01 -9.520006775856018066e-01 6.264005899429321289e-01 -7.859438061714172363e-01
7.995936274528503418e-01 -1.731340587139129639e-02 4.676677882671356201e-01 -5.477223396301269531e-01 7.970991134643554688e-01 -3.422098159790039062e-01 5.682020187377929688e-01 6.205852031707763672e-01 9.578353166580200195e-01 -3.143559992313385010e-01 -8.489402532577514648e-01 -6.883233189582824707e-01 -8.351298570632934570e-01 -9.545792341232299805e-01 6.935690641403198242e-01 -7.857503294944763184e-01
8.021920323371887207e-01 -1.924454867839813232e-01 5.720854997634887695e-01 -4.155760407447814941e-01 8.434193134307861328e-01 -4.294038116931915283e-01 6.201248168945312500e-01 6.480839252471923828e-01 9.397919774055480957e-01 -1.221849322319030762e-01 -7.791506052017211914e-01 -7.370538711547851562e-01 -8.174729347229003906e-01 -9.555681943893432617e-01 7.442933917045593262e-01 -7.847008109092712402e-01
7.965264916419982910e-01 -3.513591885566711426e-01 6.531772613525390625e-01 -2.756493091583251953e-01 8.772082328796386719e-01 -5.005922913551330566e-01 6.689618825912475586e-01 6.723824739456176758e-01 9.108933210372924805e-01 6.051723286509513855e-02 -6.731525659561157227e-01 -7.773013114929199219e-01 -7.961735129356384277e-01 -9.551271200180053711e-01 7.822066545486450195e-01 -7.819341421127319336e-01
7.834321856498718262e-01 -4.900037646293640137e-01 7.151495218276977539e-01 -1.321341544389724731e-01 9.000245332717895508e-01 -5.585236549377441406e-01 7.120662927627563477e-01 6.928836107254028320e-01 8.650183677673339844e-01 2.176832258701324463e-01 -5.232606530189514160e-01 -8.101602792739868164e-01 -7.703620195388793945e-01 -9.532709717750549316e-01 8.101294040679931641e-01 -7.757244706153869629e-01
7.629846334457397461e-01 -6.063143610954284668e-01 7.618449330329895020e-01 1.350022852420806885e-02 9.128034114837646484e-01 -6.058252453804016113e-01 7.472720742225646973e-01 7.083892822265625000e-01 7.933936119079589844e-01 3.434889912605285645e-01 -3.325774669647216797e-01 -8.364484310150146484e-01 -7.383978366851806641e-01 -9.498692750930786133e-01 8.301872014999389648e-01 -7.627503275871276855e-01
7.348874807357788086e-01 -7.000278830528259277e-01 7.965537309646606445e-01 1.590555608272552490e-01 9.154624938964843750e-01 -6.447318792343139648e-01 7.732839584350585938e-01 7.171666026115417480e-01 6.849521398544311523e-01 4.407125711441040039e-01 -1.191777661442756653e-01 -8.568490743637084961e-01 -6.981499195098876953e-01 -9.446335434913635254e-01 8.437827825546264648e-01 -7.369074225425720215e-01
6.991555690765380859e-01 -7.720878720283508301e-01 8.219935894012451172e-01 2.994496524333953857e-01 9.064176082611083984e-01 -6.770523786544799805e-01 7.893946170806884766e-01 7.172064781188964844e-01 5.299344062805175781e-01 5.164742469787597656e-01 9.017161279916763306e-02 -8.719204664230346680e-01 -6.474099159240722656e-01 -9.370943903923034668e-01 8.514741659164428711e-01 -6.878685951232910156e-01
6.566993594169616699e-01 -8.240057229995727539e-01 8.403130769729614258e-01 4.284535050392150879e-01 8.820962905883789062e-01 -7.042173147201538086e-01 7.946319580078125000e-01 7.067030072212219238e-01 3.275500237941741943e-01 5.782454013824462891e-01 2.736244797706604004e-01 -8.819458484649658203e-01 -5.838860869407653809e-01 -9.265714883804321289e-01 8.529414534568786621e-01 -6.008145213127136230e-01
6.093150973320007324e-01 -8.574625253677368164e-01 8.530530333518981934e-01 5.418422222137451172e-01 8.369286060333251953e-01 -7.273198366165161133e-01 7.866287231445312500e-01 6.844722628593444824e-01 9.367841482162475586e-02 6.311955451965332031e-01 4.220726490020751953e-01 -8.866314888000488281e-01 -5.044049024581909180e-01 -9.121914505958557129e-01 8.472565412521362305e-01 -4.607982933521270752e-01
5.592586398124694824e-01 -8.742882013320922852e-01 8.610658049583435059e-01 6.381487250328063965e-01 7.651737332344055176e-01 -7.471486926078796387e-01 7.605932950973510742e-01 6.499969959259033203e-01 -1.394442021846771240e-01 6.772333979606628418e-01 5.368933677673339844e-01 -8.846956491470336914e-01 -4.043700993061065674e-01 -8.930476903915405273e-01 8.336519598960876465e-01 -2.643137276172637939e-01
5.089594125747680664e-01 -8.769330978393554688e-01 8.643969297409057617e-01 7.172821760177612305e-01 6.652030944824218750e-01 -7.642248272895812988e-01 7.094430327415466309e-01 6.031379103660583496e-01 -3.384405672550201416e-01 7.157816886901855469e-01 6.243458986282348633e-01 -8.734905123710632324e-01 -2.799484729766845703e-01 -8.684432506561279297e-01 8.127093315124511719e-01 -2.972270548343658447e-02
4.609107971191406250e-01 -8.688602447509765625e-01 8.621178865432739258e-01 7.795531749725341797e-01 5.419038534164428711e-01 -7.788456678390502930e-01 6.270048618316650391e-01 5.438379645347595215e-01 -4.879122376441955566e-01 7.457576990127563477e-01 6.914401650428771973e-01 -8.490208387374877930e-01 -1.333481967449188232e-01 -8.379005789756774902e-01 7.868762016296386719e-01 2.095818072557449341e-01
4.173140525817871094e-01 -8.537288904190063477e-01 8.520824909210205078e-01 8.259483575820922852e-01 4.027825593948364258e-01 -7.911327481269836426e-01 5.137752890586853027e-01 4.721404016017913818e-01 -5.918637514114379883e-01 7.670634984970092773e-01 7.438981533050537109e-01 -8.066453933715820312e-01 2.504169940948486328e-02 -8.008279204368591309e-01 7.592514753341674805e-01 4.239775538444519043e-01
3.794739544391632080e-01 -8.338394165039062500e-01 8.305832743644714355e-01 8.583768606185913086e-01 2.533446252346038818e-01 -8.010490536689758301e-01 3.796463608741760254e-01 3.884463310241699219e-01 -6.620918512344360352e-01 7.805548310279846191e-01 7.856703996658325195e-01 -7.420621514320373535e-01 1.819224208593368530e-01 -7.561842799186706543e-01 7.319471836090087891e-01 5.979301929473876953e-01
3.475564420223236084e-01 -8.092867732048034668e-01 7.921059131622314453e-01 8.791890740394592285e-01 9.718813002109527588e-02 -8.083608150482177734e-01 2.395048141479492188e-01 2.937124967575073242e-01 -7.096690535545349121e-01 7.873592972755432129e-01 8.192620873451232910e-01 -6.519047021865844727e-01 3.270767927169799805e-01 -7.023456692695617676e-01 7.055625319480895996e-01 7.286560535430908203e-01
3.208989500999450684e-01 -7.778515219688415527e-01 7.297833561897277832e-01 8.904758691787719727e-01 -6.165047362446784973e-02 -8.125473260879516602e-01 1.055800467729568481e-01 1.895327121019363403e-01 -7.425169348716735840e-01 7.883759737014770508e-01 8.462343811988830566e-01 -5.339347720146179199e-01 4.549610018730163574e-01 -6.370979547500610352e-01 6.794824004173278809e-01 8.208970427513122559e-01
2.984603345394134521e-01 -7.348884940147399902e-01 6.372563838958740234e-01 8.935810327529907227e-01 -2.174692302942276001e-01 -8.126522898674011230e-01 -1.708567515015602112e-02 7.816982269287109375e-02 -7.657504081726074219e-01 7.840628027915954590e-01 8.675946593284606934e-01 -3.874205648899078369e-01 5.637068152427673340e-01 -5.577041506767272949e-01 6.522834300994873047e-01 8.824422359466552734e-01
