1.940089464187622070e-02 -1.004847064614295959e-01 -4.679177328944206238e-02 7.430791854858398438e-02 -2.113483473658561707e-02 -4.587247595191001892e-02 -1.955300103873014450e-03 -1.210797131061553955e-01 1.801990089006721973e-03 -8.968139067292213440e-03 3.277197480201721191e-02 -1.960882730782032013e-02 4.623289778828620911e-02 -1.841515116393566132e-02 9.351094067096710205e-02 1.505444645881652832e-01
6.080913543701171875e-02 -1.614840626716613770e-01 -1.287908256053924561e-01 1.397117972373962402e-01 -7.934109121561050415e-02 -6.862443685531616211e-02 -2.289104275405406952e-02 -2.239335328340530396e-01 -1.324215903878211975e-02 -2.772799506783485413e-02 7.444402575492858887e-02 -3.279465250670909882e-03 1.378029137849807739e-01 2.401028200984001160e-02 1.665090024471282959e-01 2.778395414352416992e-01
1.030576229095458984e-01 -1.870686709880828857e-01 -2.340895235538482666e-01 1.771915555000305176e-01 -1.741558164358139038e-01 -6.128693372011184692e-02 -8.632248640060424805e-02 -3.206212520599365234e-01 -3.101310506463050842e-02 -5.606466159224510193e-02 1.149454116821289062e-01 6.193571165204048157e-02 2.516671717166900635e-01 1.049346849322319031e-01 2.198427468538284302e-01 3.853513002395629883e-01
1.377405673265457153e-01 -1.742586940526962280e-01 -3.540622293949127197e-01 1.693351715803146362e-01 -2.931140363216400146e-01 -1.726264506578445435e-02 -1.950402557849884033e-01 -4.161039292812347412e-01 -4.629898816347122192e-02 -9.212461113929748535e-02 1.418336033821105957e-01 1.862217932939529419e-01 3.650234937667846680e-01 2.002941966056823730e-01 2.544664740562438965e-01 4.723969697952270508e-01
1.638095676898956299e-01 -1.139498874545097351e-01 -4.808125495910644531e-01 1.014706641435623169e-01 -4.198796153068542480e-01 6.637169420719146729e-02 -3.338041901588439941e-01 -5.097427964210510254e-01 -5.769177526235580444e-02 -1.341557800769805908e-01 1.410568952560424805e-01 3.634556531906127930e-01 4.627467989921569824e-01 2.897604405879974365e-01 2.700756788253784180e-01 5.348105430603027344e-01
1.825327575206756592e-01 -4.720836877822875977e-04 -6.048415899276733398e-01 -2.554687857627868652e-02 -5.406796932220458984e-01 1.834123432636260986e-01 -4.783002138137817383e-01 -5.974222421646118164e-01 -6.472498178482055664e-02 -1.816322654485702515e-01 9.915654361248016357e-02 5.612943172454833984e-01 5.379856824874877930e-01 3.603515028953552246e-01 2.635855674743652344e-01 5.664585232734680176e-01
1.948316395282745361e-01 1.544050574302673340e-01 -7.151684761047363281e-01 -1.827512532472610474e-01 -6.463798284530639648e-01 3.182827830314636230e-01 -6.070369482040405273e-01 -6.743819713592529297e-01 -6.654561311006546021e-02 -2.349637746810913086e-01 1.225116848945617676e-02 7.347747683525085449e-01 5.889135599136352539e-01 4.057315289974212646e-01 2.292268276214599609e-01 5.617071390151977539e-01
2.001762241125106812e-01 3.250006437301635742e-01 -8.034436702728271484e-01 -3.344800472259521484e-01 -7.325433492660522461e-01 4.545810818672180176e-01 -7.088400721549987793e-01 -7.374594807624816895e-01 -6.156238913536071777e-02 -2.938783764839172363e-01 -1.062396839261054993e-01 8.553451299667358398e-01 6.156658530235290527e-01 4.240178465843200684e-01 1.620793044567108154e-01 5.179975032806396484e-01
1.963794678449630737e-01 4.875209331512451172e-01 -8.677425384521484375e-01 -4.640340209007263184e-01 -7.986781597137451172e-01 5.812068581581115723e-01 -7.822003364562988281e-01 -7.859572768211364746e-01 -4.769839346408843994e-02 -3.566613793373107910e-01 -2.363471686840057373e-01 9.234305620193481445e-01 6.183682084083557129e-01 4.163720905780792236e-01 6.186342239379882812e-02 4.370498955249786377e-01
1.796809583902359009e-01 6.278662681579589844e-01 -9.115715026855468750e-01 -5.696681737899780273e-01 -8.465924859046936035e-01 6.918128728866577148e-01 -8.304677605628967285e-01 -8.210620880126953125e-01 -2.289680577814579010e-02 -4.208208024501800537e-01 -3.644890189170837402e-01 9.559910297393798828e-01 5.961837768554687500e-01 3.855365514755249023e-01 -6.689877063035964966e-02 3.246188759803771973e-01
1.447721868753433228e-01 7.408159971237182617e-01 -9.403300285339355469e-01 -6.544819474220275879e-01 -8.788404464721679688e-01 7.831237912178039551e-01 -8.579766750335693359e-01 -8.446706533432006836e-01 1.468625105917453766e-02 -4.839056432247161865e-01 -4.839169383049011230e-01 9.697521924972534180e-01 5.474892258644104004e-01 3.344592154026031494e-01 -2.159907966852188110e-01 1.900295168161392212e-01
8.525761216878890991e-02 8.266676664352416992e-01 -9.588648080825805664e-01 -7.221529483795166016e-01 -8.978079557418823242e-01 8.542568683624267578e-01 -8.680011630058288574e-01 -8.585027456283569336e-01 6.695136427879333496e-02 -5.439354777336120605e-01 -5.913451910018920898e-01 9.748393297195434570e-01 4.713476598262786865e-01 2.659826278686523438e-01 -3.740485906600952148e-01 4.524558782577514648e-02
-4.429936408996582031e-03 8.885685801506042480e-01 -9.707416296005249023e-01 -7.759196162223815918e-01 -9.052008986473083496e-01 9.064160585403442383e-01 -8.619040250778198242e-01 -8.636116981506347656e-01 1.360015124082565308e-01 -5.995230078697204590e-01 -6.849931478500366211e-01 9.759504795074462891e-01 3.699075877666473389e-01 1.833235323429107666e-01 -5.276162624359130859e-01 -9.760920703411102295e-02
-1.246506795287132263e-01 9.309497475624084473e-01 -9.783666133880615234e-01 -8.184843063354492188e-01 -9.017739295959472656e-01 9.423767328262329102e-01 -8.390337824821472168e-01 -8.601235151290893555e-01 2.235505729913711548e-01 -6.498786211013793945e-01 -7.639635801315307617e-01 9.749082922935485840e-01 2.498993873596191406e-01 9.034606069326400757e-02 -6.637074351310729980e-01 -2.292301058769226074e-01
-2.643202543258666992e-01 9.585418701171875000e-01 -9.832951426506042480e-01 -8.520953655242919922e-01 -8.872417211532592773e-01 9.657022953033447266e-01 -7.973170280456542969e-01 -8.471171855926513672e-01 3.293964862823486328e-01 -6.947880983352661133e-01 -8.281761407852172852e-01 9.722371101379394531e-01 1.212829202413558960e-01 -9.119708091020584106e-03 -7.731829285621643066e-01 -3.444005250930786133e-01
-3.982830047607421875e-01 9.756747484207153320e-01 -9.864919781684875488e-01 -8.786330819129943848e-01 -8.602097034454345703e-01 9.799475669860839844e-01 -7.347987294197082520e-01 -8.227236270904541016e-01 4.494522511959075928e-01 -7.345632314682006836e-01 -8.783608675003051758e-01 9.677423238754272461e-01 -6.190329790115356445e-03 -1.127977296710014343e-01 -8.529424071311950684e-01 -4.411721825599670410e-01
-4.969968497753143311e-01 9.858614802360534668e-01 -9.885147809982299805e-01 -8.996642827987670898e-01 -8.179009556770324707e-01 9.881070852279663086e-01 -6.519911885261535645e-01 -7.846364974975585938e-01 5.747867226600646973e-01 -7.699286341667175293e-01 -9.159448146820068359e-01 9.605014920234680176e-01 -1.257459968328475952e-01 -2.209562957286834717e-01 -9.055083990097045898e-01 -5.194289684295654297e-01
-5.445202589035034180e-01 9.916783571243286133e-01 -9.896473884582519531e-01 -9.164632558822631836e-01 -7.558569312095642090e-01 9.923850297927856445e-01 -5.533191561698913574e-01 -7.309700250625610352e-01 6.933486461639404297e-01 -8.017556071281433105e-01 -9.428621530532836914e-01 9.485743045806884766e-01 -2.341907918453216553e-01 -3.349167406558990479e-01 -9.366024732589721680e-01 -5.802060365676879883e-01
-5.437370538711547852e-01 9.948581457138061523e-01 -9.899934530258178711e-01 -9.300193786621093750e-01 -6.685571074485778809e-01 9.941958785057067871e-01 -4.456671774387359619e-01 -6.609294414520263672e-01 7.941311597824096680e-01 -8.306372761726379395e-01 -9.612994194030761719e-01 9.285867214202880859e-01 -3.309223651885986328e-01 -4.532921910285949707e-01 -9.524940252304077148e-01 -6.256840229034423828e-01
-5.046460032463073730e-01 9.964793920516967773e-01 -9.895064830780029297e-01 -9.410599470138549805e-01 -5.518236756324768066e-01 9.942545890808105469e-01 -3.354983627796173096e-01 -5.752160549163818359e-01 8.709342479705810547e-01 -8.565929532051086426e-01 -9.733786582946777344e-01 8.951143026351928711e-01 -4.166622757911682129e-01 -5.699164867401123047e-01 -9.583129882812500000e-01 -6.588871479034423828e-01
-4.342013299465179443e-01 9.971603155136108398e-01 -9.879392981529235840e-01 -9.500933885574340820e-01 -4.060711264610290527e-01 9.926325082778930664e-01 -2.274141758680343628e-01 -4.766315817832946777e-01 9.234055280685424805e-01 -8.791719675064086914e-01 -9.808824062347412109e-01 8.398150205612182617e-01 -4.925934970378875732e-01 -6.762436628341674805e-01 -9.573822021484375000e-01 -6.829390525817871094e-01
-3.356313705444335938e-01 9.972056150436401367e-01 -9.847050905227661133e-01 -9.574497938156127930e-01 -2.376934885978698730e-01 9.886575937271118164e-01 -1.240270584821701050e-01 -3.703471422195434570e-01 9.556114673614501953e-01 -8.978273868560791016e-01 -9.851113557815551758e-01 7.509775161743164062e-01 -5.598349571228027344e-01 -7.655252218246459961e-01 -9.510719776153564453e-01 -7.004729509353637695e-01
-2.117496132850646973e-01 9.966810941696166992e-01 -9.786058664321899414e-01 -9.632939696311950684e-01 -5.727659910917282104e-02 9.805001020431518555e-01 -2.599788084626197815e-02 -2.628964483737945557e-01 9.735473394393920898e-01 -9.122852087020874023e-01 -9.868595600128173828e-01 6.155972480773925781e-01 -6.191465854644775391e-01 -8.349982500076293945e-01 -9.386948347091674805e-01 -7.134482860565185547e-01
-6.761254370212554932e-02 9.953993558883666992e-01 -9.673464298248291016e-01 -9.675838351249694824e-01 1.234208941459655762e-01 9.641976356506347656e-01 6.761334836483001709e-02 -1.603057980537414551e-01 9.828691482543945312e-01 -9.227312803268432617e-01 -9.864374399185180664e-01 4.276418089866638184e-01 -6.708828210830688477e-01 -8.855487108230590820e-01 -9.171189665794372559e-01 -7.232260704040527344e-01
8.732475340366363525e-02 9.927811622619628906e-01 -9.468824863433837891e-01 -9.699482321739196777e-01 2.933723032474517822e-01 9.319619536399841309e-01 1.580410152673721313e-01 -6.663064658641815186e-02 9.876214265823364258e-01 -9.296572208404541016e-01 -9.837149381637573242e-01 2.022307664155960083e-01 -7.151227593421936035e-01 -9.202685356140136719e-01 -8.801789283752441406e-01 -7.307199835777282715e-01
2.374888211488723755e-01 9.875360727310180664e-01 -9.112440347671508789e-01 -9.695063233375549316e-01 4.432296752929687500e-01 8.709136247634887695e-01 2.449803352355957031e-01 1.645998656749725342e-02 9.900521039962768555e-01 -9.332535266876220703e-01 -9.782881736755371094e-01 -2.271202206611633301e-02 -7.517891526222229004e-01 -9.430751800537109375e-01 -8.193202018737792969e-01 -7.365395426750183105e-01
3.656073212623596191e-01 9.770514965057373047e-01 -8.540897369384765625e-01 -9.647735953330993652e-01 5.670075416564941406e-01 7.664251923561096191e-01 3.263749480247497559e-01 8.913830667734146118e-02 9.911154508590698242e-01 -9.327265024185180664e-01 -9.699264764785766602e-01 -2.136085331439971924e-01 -7.805825471878051758e-01 -9.577208757400512695e-01 -7.275770902633666992e-01 -7.411025762557983398e-01
4.624906480312347412e-01 9.561808109283447266e-01 -7.717466354370117188e-01 -9.537011384963989258e-01 6.637940406799316406e-01 6.124442815780639648e-01 4.004222154617309570e-01 1.523935496807098389e-01 9.911243319511413574e-01 -9.263092875480651855e-01 -9.589776396751403809e-01 -3.614038228988647461e-01 -8.007792234420776367e-01 -9.671483039855957031e-01 -6.037883758544921875e-01 -7.446947693824768066e-01
5.282202363014221191e-01 9.153702259063720703e-01 -6.653726100921630859e-01 -9.336460232734680176e-01 7.368614673614501953e-01 4.201928675174713135e-01 4.666860997676849365e-01 2.073866128921508789e-01 9.901444911956787109e-01 -9.117251634597778320e-01 -9.461321830749511719e-01 -4.725433290004730225e-01 -8.111876845359802246e-01 -9.733269214630126953e-01 -4.525340497493743896e-01 -7.474826574325561523e-01
5.657724142074584961e-01 8.401230573654174805e-01 -5.409233570098876953e-01 -9.013743400573730469e-01 7.911033630371093750e-01 2.142870128154754639e-01 5.254068970680236816e-01 2.553891241550445557e-01 9.881012439727783203e-01 -8.862429261207580566e-01 -9.318304657936096191e-01 -5.563222169876098633e-01 -8.106315135955810547e-01 -9.774565696716308594e-01 -2.838611006736755371e-01 -7.495313882827758789e-01
5.774809718132019043e-01 7.169334292411804199e-01 -4.069049358367919922e-01 -8.533987402915954590e-01 8.312233090400695801e-01 1.912750303745269775e-02 5.768277645111083984e-01 2.977786958217620850e-01 9.847670793533325195e-01 -8.464032411575317383e-01 -9.158596992492675781e-01 -6.202656626701354980e-01 -7.990877628326416016e-01 -9.802174568176269531e-01 -1.129522621631622314e-01 -7.508420944213867188e-01
5.651190280914306641e-01 5.464441180229187012e-01 -2.712602913379669189e-01 -7.865978479385375977e-01 8.610633611679077148e-01 -1.510248482227325439e-01 6.212907433509826660e-01 3.358802199363708496e-01 9.796965122222900391e-01 -7.879960536956787109e-01 -8.971655368804931641e-01 -6.697390079498291016e-01 -7.787179350852966309e-01 -9.819536805152893066e-01 4.503748565912246704e-02 -7.513747215270996094e-01
5.306565761566162109e-01 3.486074805259704590e-01 -1.397491991519927979e-01 -6.989369988441467285e-01 8.835105895996093750e-01 -2.923722267150878906e-01 6.596064567565917969e-01 3.708137273788452148e-01 9.721004366874694824e-01 -7.069565057754516602e-01 -8.737220764160156250e-01 -7.085129618644714355e-01 -7.535239458084106445e-01 -9.828016757965087891e-01 1.815494894981384277e-01 -7.510249614715576172e-01
4.767158031463623047e-01 1.496653854846954346e-01 -1.620100438594818115e-02 -5.901039838790893555e-01 9.006126523017883301e-01 -4.071860611438751221e-01 6.931000947952270508e-01 4.034437537193298340e-01 9.606271386146545410e-01 -6.014188528060913086e-01 -8.423316478729248047e-01 -7.392824292182922363e-01 -7.275766134262084961e-01 -9.827618002891540527e-01 2.959012091159820557e-01 -7.495556473731994629e-01
4.068265557289123535e-01 -3.207554668188095093e-02 9.685252606868743896e-02 -4.616735279560089111e-01 9.137567281723022461e-01 -4.998186230659484863e-01 7.232210636138916016e-01 4.343849122524261475e-01 9.429868459701538086e-01 -4.737902879714965820e-01 -7.982906103134155273e-01 -7.640008330345153809e-01 -7.033270597457885742e-01 -9.817116260528564453e-01 3.916746079921722412e-01 -7.464908361434936523e-01
3.254985213279724121e-01 -1.889231055974960327e-01 1.979197561740875244e-01 -3.168083727359771729e-01 9.238367080688476562e-01 -5.746072530746459961e-01 7.510046958923339844e-01 4.640107750892639160e-01 9.153587818145751953e-01 -3.312463164329528809e-01 -7.351016998291015625e-01 -7.840824723243713379e-01 -6.811588406562805176e-01 -9.793639183044433594e-01 4.729663729667663574e-01 -7.409628629684448242e-01
2.380430549383163452e-01 -3.201432824134826660e-01 2.864567637443542480e-01 -1.599671840667724609e-01 9.313662052154541016e-01 -6.352006196975708008e-01 7.767145633697509766e-01 4.924393296241760254e-01 8.715670108795166016e-01 -1.840450763702392578e-01 -6.448150277137756348e-01 -8.005331158638000488e-01 -6.598982810974121094e-01 -9.751635789871215820e-01 5.427418947219848633e-01 -7.314788699150085449e-01
1.501832008361816406e-01 -4.282590150833129883e-01 3.627282381057739258e-01 3.142841160297393799e-03 9.365138411521911621e-01 -6.845098733901977539e-01 7.998141050338745117e-01 5.194814205169677734e-01 8.021121025085449219e-01 -4.236774146556854248e-02 -5.200334787368774414e-01 -8.140472173690795898e-01 -6.375560760498046875e-01 -9.680812954902648926e-01 6.026875376701354980e-01 -7.155527472496032715e-01
6.772738695144653320e-02 -5.168851017951965332e-01 4.276180267333984375e-01 1.655941754579544067e-01 9.390293359756469727e-01 -7.248243689537048340e-01 8.192061185836791992e-01 5.445543527603149414e-01 6.937092542648315430e-01 8.663062006235122681e-02 -3.585122823715209961e-01 -8.250854015350341797e-01 -6.119607686996459961e-01 -9.562139511108398438e-01 6.535976529121398926e-01 -6.891342997550964355e-01
-3.461964428424835205e-03 -5.896792411804199219e-01 4.824377000331878662e-01 3.197907507419586182e-01 9.379969835281372070e-01 -7.579411268234252930e-01 8.335369825363159180e-01 5.666077136993408203e-01 5.319977402687072754e-01 2.000365108251571655e-01 -1.690442711114883423e-01 -8.339369893074035645e-01 -5.812050104141235352e-01 -9.360781908035278320e-01 6.958336830139160156e-01 -6.458240151405334473e-01
-5.759088322520256042e-02 -6.498290300369262695e-01 5.287255048751831055e-01 4.589194655418395996e-01 9.313304424285888672e-01 -7.852886915206909180e-01 8.413653969764709473e-01 5.841696858406066895e-01 3.126679956912994385e-01 2.982895374298095703e-01 2.745071053504943848e-02 -8.407668471336364746e-01 -5.436666607856750488e-01 -9.016636610031127930e-01 7.297607660293579102e-01 -5.763113498687744141e-01
-9.004081040620803833e-02 -6.997550725936889648e-01 5.679627656936645508e-01 5.786343216896057129e-01 9.150882959365844727e-01 -8.080366253852844238e-01 8.411586284637451172e-01 5.955761671066284180e-01 5.852992832660675049e-02 3.828817009925842285e-01 2.072983235120773315e-01 -8.456407785415649414e-01 -4.969900846481323242e-01 -8.442940711975097656e-01 7.562167644500732422e-01 -4.698507189750671387e-01
-9.928041696548461914e-02 -7.410173416137695312e-01 6.012324690818786621e-01 6.775374412536621094e-01 8.833988904953002930e-01 -8.271605372428894043e-01 8.312705159187316895e-01 5.991336107254028320e-01 -1.835597306489944458e-01 4.544129967689514160e-01 3.566546440124511719e-01 -8.485191464424133301e-01 -4.359716773033142090e-01 -7.561214566230773926e-01 7.768463492393493652e-01 -3.202514052391052246e-01
-8.774046599864959717e-02 -7.746281623840332031e-01 6.290333271026611328e-01 7.563908100128173828e-01 8.302069306373596191e-01 -8.434320688247680664e-01 8.098996281623840332e-01 5.929080843925476074e-01 -3.765200674533843994e-01 5.129196643829345703e-01 4.743711948394775391e-01 -8.492084145545959473e-01 -3.517402112483978271e-01 -6.372230648994445801e-01 7.937270402908325195e-01 -1.330290436744689941e-01
-6.095588207244873047e-02 -8.016164302825927734e-01 6.512460112571716309e-01 8.172717690467834473e-01 7.515846490859985352e-01 -8.573737144470214844e-01 7.747304439544677734e-01 5.744117498397827148e-01 -5.127596259117126465e-01 5.592379570007324219e-01 5.660706162452697754e-01 -8.472698330879211426e-01 -2.353603988885879517e-01 -4.970850944519042969e-01 8.083916902542114258e-01 7.503234595060348511e-02
-2.608526870608329773e-02 -8.232429623603820801e-01 6.670202016830444336e-01 8.629513978958129883e-01 6.458883285522460938e-01 -8.692706227302551270e-01 7.225068807601928711e-01 5.405570864677429199e-01 -6.027974486351013184e-01 5.950779914855957031e-01 6.383966207504272461e-01 -8.418850302696228027e-01 -8.523341268301010132e-02 -3.476898074150085449e-01 8.214187026023864746e-01 2.830774784088134766e-01
9.864298626780509949e-03 -8.408043384552001953e-01 6.745337247848510742e-01 8.963049054145812988e-01 5.132511258125305176e-01 -8.792452812194824219e-01 6.495087742805480957e-01 4.878601133823394775e-01 -6.605789661407470703e-01 6.222909092903137207e-01 6.966962218284606934e-01 -8.316229581832885742e-01 8.730845153331756592e-02 -1.982181966304779053e-01 8.328239917755126953e-01 4.729604125022888184e-01
4.198672249913215637e-02 -8.554003238677978516e-01 6.706880927085876465e-01 9.198946952819824219e-01 3.568967878818511963e-01 -8.873276710510253906e-01 5.535315871238708496e-01 4.130323827266693115e-01 -6.974712014198303223e-01 6.423565149307250977e-01 7.446958422660827637e-01 -8.139928579330444336e-01 2.616480290889739990e-01 -5.473630875349044800e-02 8.425318002700805664e-01 6.325384378433227539e-01
6.834733486175537109e-02 -8.678328394889831543e-01 6.508545279502868652e-01 9.357894062995910645e-01 1.843679547309875488e-01 -8.934749364852905273e-01 4.362125396728515625e-01 3.142547309398651123e-01 -7.213343977928161621e-01 6.562574505805969238e-01 7.847932577133178711e-01 -7.846543788909912109e-01 4.189996719360351562e-01 7.861297577619552612e-02 8.505736589431762695e-01 7.561674118041992188e-01
8.917471766471862793e-02 -8.785867691040039062e-01 6.089090108871459961e-01 9.454891681671142578e-01 5.971714854240417480e-03 -8.975269794464111328e-01 3.030518293380737305e-01 1.928264945745468140e-01 -7.371584773063659668e-01 6.645760536193847656e-01 8.184434771537780762e-01 -7.362377643585205078e-01 5.497832894325256348e-01 1.991042494773864746e-01 8.570839166641235352e-01 8.441160917282104492e-01
