2.288064919412136078e-02 8.377951569855213165e-03 -9.936469048261642456e-02 2.990533970296382904e-02 -7.781677693128585815e-02 8.652989566326141357e-02 7.777825742959976196e-02 -1.308211088180541992e-01 9.003016166388988495e-03 -6.190439686179161072e-02 4.956207051873207092e-02 3.424671292304992676e-02 7.171239703893661499e-02 8.717846125364303589e-02 2.139642648398876190e-02 8.928326517343521118e-02
4.076090082526206970e-02 3.716501593589782715e-02 -2.040075212717056274e-01 3.941103443503379822e-02 -1.545021086931228638e-01 1.583145707845687866e-01 7.176078110933303833e-02 -2.222491502761840820e-01 9.756769984960556030e-03 -1.351540982723236084e-01 7.900854945182800293e-02 9.591760486364364624e-02 1.392620205879211426e-01 1.728610247373580933e-01 3.157580271363258362e-02 1.333111822605133057e-01
4.839637130498886108e-02 8.337862044572830200e-02 -3.097380399703979492e-01 1.850575581192970276e-02 -2.285591363906860352e-01 2.304568588733673096e-01 1.334130018949508667e-02 -2.883136570453643799e-01 9.869532659649848938e-03 -2.136070430278778076e-01 8.649713546037673950e-02 1.756922304630279541e-01 1.970314085483551025e-01 2.441275417804718018e-01 2.692954242229461670e-02 1.445358991622924805e-01
4.480139166116714478e-02 1.440584957599639893e-01 -4.140594303607940674e-01 -3.644111379981040955e-02 -2.982671856880187988e-01 3.093874156475067139e-01 -7.233327627182006836e-02 -3.375154733657836914e-01 1.440586522221565247e-02 -2.932033836841583252e-01 6.827794015407562256e-02 2.648680806159973145e-01 2.408306747674942017e-01 2.917103171348571777e-01 5.969285964965820312e-03 1.292022168636322021e-01
3.129867091774940491e-02 2.155962586402893066e-01 -5.145199298858642578e-01 -1.226676180958747864e-01 -3.618894815444946289e-01 3.950454890727996826e-01 -1.662808805704116821e-01 -3.740995526313781738e-01 2.752241864800453186e-02 -3.715591430664062500e-01 2.057428285479545593e-02 3.552528917789459229e-01 2.671070396900177002e-01 3.091511726379394531e-01 -3.096130304038524628e-02 9.147761017084121704e-02
1.037148106843233109e-02 2.935782074928283691e-01 -6.081312894821166992e-01 -2.310469448566436768e-01 -4.174271225929260254e-01 4.832414984703063965e-01 -2.555651664733886719e-01 -3.991935253143310547e-01 5.329887568950653076e-02 -4.472773075103759766e-01 -5.791611596941947937e-02 4.398003220558166504e-01 2.725919783115386963e-01 2.924124598503112793e-01 -8.156768232583999634e-02 3.575119003653526306e-02
-1.500073820352554321e-02 3.732834458351135254e-01 -6.915521025657653809e-01 -3.487891256809234619e-01 -4.623938798904418945e-01 5.680040717124938965e-01 -3.323014974594116211e-01 -4.118673801422119141e-01 9.573257714509963989e-02 -5.192319154739379883e-01 -1.635277271270751953e-01 5.130870342254638672e-01 2.545643448829650879e-01 2.401984333992004395e-01 -1.418683230876922607e-01 -3.251009806990623474e-02
-4.167532920837402344e-02 4.504635035991668701e-01 -7.617870569229125977e-01 -4.638347923755645752e-01 -4.936544001102447510e-01 6.436717510223388672e-01 -3.920758366584777832e-01 -4.101991355419158936e-01 1.578992903232574463e-01 -5.861877202987670898e-01 -2.871673107147216797e-01 5.712882876396179199e-01 2.117508053779602051e-01 1.547996997833251953e-01 -2.070554792881011963e-01 -1.073151826858520508e-01
-6.639298051595687866e-02 5.219181180000305176e-01 -8.169968128204345703e-01 -5.678240656852722168e-01 -5.073025226593017578e-01 7.063379287719726562e-01 -4.323562383651733398e-01 -3.923837542533874512e-01 2.405830919742584229e-01 -6.468763351440429688e-01 -4.167180061340332031e-01 6.117746829986572266e-01 1.454019099473953247e-01 4.264911264181137085e-02 -2.724898457527160645e-01 -1.833989471197128296e-01
-8.562827110290527344e-02 5.856664180755615234e-01 -8.569269776344299316e-01 -6.565505862236022949e-01 -4.987129867076873779e-01 7.543029189109802246e-01 -4.514164924621582031e-01 -3.577012419700622559e-01 3.410618305206298828e-01 -7.003048658370971680e-01 -5.405143499374389648e-01 6.325753927230834961e-01 5.971877649426460266e-02 -8.627018332481384277e-02 -3.342384397983551025e-01 -2.570895552635192871e-01
-9.540024399757385254e-02 6.407992839813232422e-01 -8.826744556427001953e-01 -7.290080189704895020e-01 -4.631483554840087891e-01 7.876003980636596680e-01 -4.480535387992858887e-01 -3.070897459983825684e-01 4.528056681156158447e-01 -7.459982633590698242e-01 -6.498124599456787109e-01 6.318947076797485352e-01 -3.887648507952690125e-02 -2.203352749347686768e-01 -3.890586495399475098e-01 -3.263626396656036377e-01
-9.125334024429321289e-02 6.871817708015441895e-01 -8.958902955055236816e-01 -7.861689329147338867e-01 -3.972616195678710938e-01 8.070757985115051270e-01 -4.220603108406066895e-01 -2.431760132312774658e-01 5.665394663810729980e-01 -7.840425968170166016e-01 -7.397339940071105957e-01 6.078004837036132812e-01 -1.432866305112838745e-01 -3.488290309906005859e-01 -4.341105222702026367e-01 -3.903786242008209229e-01
-6.867045164108276367e-02 7.251214385032653809e-01 -8.977684974670410156e-01 -8.299655318260192871e-01 -3.010653555393218994e-01 8.135405778884887695e-01 -3.750153481960296631e-01 -1.697878241539001465e-01 6.725326776504516602e-01 -8.149739503860473633e-01 -8.090630173683166504e-01 5.581978559494018555e-01 -2.472282052040100098e-01 -4.640032649040222168e-01 -4.666530489921569824e-01 -4.489409327507019043e-01
-2.410452254116535187e-02 7.550489902496337891e-01 -8.881208896636962891e-01 -8.625661134719848633e-01 -1.789846271276473999e-01 8.073037266731262207e-01 -3.106106519699096680e-01 -9.118945151567459106e-02 7.632190585136413574e-01 -8.396086692810058594e-01 -8.593212366104125977e-01 4.812420010566711426e-01 -3.460314869880676270e-01 -5.618580579757690430e-01 -4.837952852249145508e-01 -5.021145939826965332e-01
4.356861114501953125e-02 7.772302031517028809e-01 -8.646308183670043945e-01 -8.859189748764038086e-01 -3.905029594898223877e-02 7.881454229354858398e-01 -2.339717000722885132e-01 -1.135843619704246521e-02 8.348683118820190430e-01 -8.588699102401733398e-01 -8.935042619705200195e-01 3.763418495655059814e-01 -4.367234110832214355e-01 -6.416647434234619141e-01 -4.822759926319122314e-01 -5.500448942184448242e-01
1.318749040365219116e-01 7.915047407150268555e-01 -8.223465085029602051e-01 -9.014981389045715332e-01 1.090358197689056396e-01 7.556488513946533203e-01 -1.503173857927322388e-01 6.651173532009124756e-02 8.876088261604309082e-01 -8.736171722412109375e-01 -9.148995876312255859e-01 2.456526756286621094e-01 -5.177168846130371094e-01 -7.048552036285400391e-01 -4.582862555980682373e-01 -5.929066538810729980e-01
2.346176803112030029e-01 7.970051765441894531e-01 -7.539063692092895508e-01 -9.101772904396057129e-01 2.556315660476684570e-01 7.097365856170654297e-01 -6.388700008392333984e-02 1.402478814125061035e-01 9.241720438003540039e-01 -8.844754695892333984e-01 -9.263016581535339355e-01 9.533911198377609253e-02 -5.883923768997192383e-01 -7.538999915122985840e-01 -4.074980616569519043e-01 -6.308962106704711914e-01
3.430811166763305664e-01 7.917631864547729492e-01 -6.517487764358520508e-01 -9.121623039245605469e-01 3.922742605209350586e-01 6.512458324432373047e-01 2.235914021730422974e-02 2.086936831474304199e-01 9.483013749122619629e-01 -8.916941881179809570e-01 -9.296873807907104492e-01 -6.466055661439895630e-02 -6.486871838569641113e-01 -7.915037870407104492e-01 -3.256736099720001221e-01 -6.642099618911743164e-01
4.481647610664367676e-01 7.721410393714904785e-01 -5.131733417510986328e-01 -9.069338440895080566e-01 5.125376582145690918e-01 5.823156237602233887e-01 1.064721867442131042e-01 2.715183794498443604e-01 9.635629057884216309e-01 -8.951034545898437500e-01 -9.262112975120544434e-01 -2.229508161544799805e-01 -6.987050771713256836e-01 -8.201496005058288574e-01 -2.104130387306213379e-01 -6.929900646209716797e-01
5.425076484680175781e-01 7.323141098022460938e-01 -3.455679714679718018e-01 -8.932049274444580078e-01 6.127492785453796387e-01 5.062512755393981934e-01 1.870942115783691406e-01 3.289127051830291748e-01 9.727781414985656738e-01 -8.942141532897949219e-01 -9.163355827331542969e-01 -3.697476983070373535e-01 -7.383658885955810547e-01 -8.418942689895629883e-01 -6.433504819869995117e-02 -7.172436118125915527e-01
6.216387748718261719e-01 6.647806763648986816e-01 -1.657332628965377808e-01 -8.690013885498046875e-01 6.922202110290527344e-01 4.267038106918334961e-01 2.631340622901916504e-01 3.812511563301086426e-01 9.779298305511474609e-01 -8.883945941925048828e-01 -8.999730348587036133e-01 -4.986910223960876465e-01 -7.672127485275268555e-01 -8.583350777626037598e-01 1.017548739910125732e-01 -7.367719411849975586e-01
6.839222311973571777e-01 5.634458661079406738e-01 7.795944809913635254e-03 -8.320425748825073242e-01 7.527344822883605957e-01 3.465887904167175293e-01 3.336486220359802246e-01 4.288171231746673584e-01 9.802978038787841797e-01 -8.769624233245849609e-01 -8.766170144081115723e-01 -6.069107055664062500e-01 -7.845371961593627930e-01 -8.706898689270019531e-01 2.698436379432678223e-01 -7.511629462242126465e-01
7.298394441604614258e-01 4.288149178028106689e-01 1.622632294893264771e-01 -7.804463505744934082e-01 7.975084185600280762e-01 2.675529718399047852e-01 3.979217410087585449e-01 4.717060923576354980e-01 9.806467890739440918e-01 -8.591414690017700195e-01 -8.454903364181518555e-01 -6.942330002784729004e-01 -7.897993326187133789e-01 -8.799051642417907715e-01 4.218502342700958252e-01 -7.598450183868408203e-01
7.611814737319946289e-01 2.705165147781372070e-01 2.925219535827636719e-01 -7.134714722633361816e-01 8.300898671150207520e-01 1.903094947338104248e-01 4.556005895137786865e-01 5.099169611930847168e-01 9.793874025344848633e-01 -8.340687751770019531e-01 -8.057421445846557617e-01 -7.623167037963867188e-01 -7.830041646957397461e-01 -8.867180347442626953e-01 5.471372604370117188e-01 -7.621384263038635254e-01
7.803142070770263672e-01 1.035691499710083008e-01 3.987461328506469727e-01 -6.318806409835815430e-01 8.536041975021362305e-01 1.153049170970916748e-01 5.067316293716430664e-01 5.434748530387878418e-01 9.766899347305297852e-01 -8.010128736495971680e-01 -7.566478252410888672e-01 -8.138871788978576660e-01 -7.646970748901367188e-01 -8.916717767715454102e-01 6.439108252525329590e-01 -7.572724819183349609e-01
7.895606756210327148e-01 -5.795624852180480957e-02 4.836111664772033691e-01 -5.377221107482910156e-01 8.704583644866943359e-01 4.306371137499809265e-02 5.516556501388549805e-01 5.724560022354125977e-01 9.725474119186401367e-01 -7.596729993820190430e-01 -6.976888179779052734e-01 -8.520485162734985352e-01 -7.356121540069580078e-01 -8.951253890991210938e-01 7.157768011093139648e-01 -7.443936467170715332e-01
7.908190488815307617e-01 -2.046533823013305664e-01 5.505002140998840332e-01 -4.337096214294433594e-01 8.823567628860473633e-01 -2.585771493613719940e-02 5.908390879631042480e-01 5.969322919845581055e-01 9.667905569076538086e-01 -7.103326320648193359e-01 -6.284681558609008789e-01 -8.797534704208374023e-01 -6.962602734565734863e-01 -8.972779512405395508e-01 7.680027484893798828e-01 -7.225787639617919922e-01
7.854455709457397461e-01 -3.320789933204650879e-01 6.026566624641418457e-01 -3.226069808006286621e-01 8.904356360435485840e-01 -9.102351963520050049e-02 6.247336864471435547e-01 6.169040799140930176e-01 9.590625762939453125e-01 -6.538051366806030273e-01 -5.485855340957641602e-01 -8.995013236999511719e-01 -6.466553807258605957e-01 -8.982040882110595703e-01 8.054814934730529785e-01 -6.908431053161621094e-01
7.743126153945922852e-01 -4.394106864929199219e-01 6.428658366203308105e-01 -2.069166004657745361e-01 8.954027891159057617e-01 -1.521934866905212402e-01 6.536914110183715820e-01 6.322547197341918945e-01 9.487626552581787109e-01 -5.912530422210693359e-01 -4.576533436775207520e-01 -9.132385849952697754e-01 -5.862315893173217773e-01 -8.978857398033142090e-01 8.320854902267456055e-01 -6.481490135192871094e-01
7.579394578933715820e-01 -5.279234647750854492e-01 6.733832359313964844e-01 -8.890178054571151733e-02 8.976426124572753906e-01 -2.093067914247512817e-01 6.779181957244873047e-01 6.427288055419921875e-01 9.349606037139892578e-01 -5.239771604537963867e-01 -3.555561006069183350e-01 -9.223822355270385742e-01 -5.139526128768920898e-01 -8.962323665618896484e-01 8.506637811660766602e-01 -5.934464931488037109e-01
7.366432547569274902e-01 -5.998451113700866699e-01 6.959689259529113770e-01 2.921397238969802856e-02 8.972798585891723633e-01 -2.624196708202362061e-01 6.974422335624694824e-01 6.479310393333435059e-01 9.162842631340026855e-01 -4.532308578491210938e-01 -2.429328113794326782e-01 -9.278931021690368652e-01 -4.286360442638397217e-01 -8.930889368057250977e-01 8.632233738899230957e-01 -5.257872343063354492e-01
7.106950283050537109e-01 -6.576446890830993652e-01 7.119615077972412109e-01 1.450710147619247437e-01 8.942089676856994629e-01 -3.116372227668762207e-01 7.120836973190307617e-01 6.473493576049804688e-01 8.907930850982666016e-01 -3.800927996635437012e-01 -1.217206865549087524e-01 -9.303508996963500977e-01 -3.295307159423828125e-01 -8.882319927215576172e-01 8.711115121841430664e-01 -4.445413649082183838e-01
6.804721951484680176e-01 -7.036451697349548340e-01 7.223624587059020996e-01 2.561715841293334961e-01 8.880904912948608398e-01 -3.570608794689178467e-01 7.214197516441345215e-01 6.404123306274414062e-01 8.558829426765441895e-01 -3.054280877113342285e-01 4.538744688034057617e-03 -9.300099611282348633e-01 -2.171081304550170898e-01 -8.813557028770446777e-01 8.751491308212280273e-01 -3.497065007686614990e-01
6.465805172920227051e-01 -7.398365736007690430e-01 7.279165983200073242e-01 3.600940704345703125e-01 8.783174157142639160e-01 -3.987620174884796143e-01 7.247486710548400879e-01 6.265835762023925781e-01 8.083195686340332031e-01 -2.299582660198211670e-01 1.309553980827331543e-01 -9.268230199813842773e-01 -9.382020682096481323e-02 -8.720466494560241699e-01 8.757154941558837891e-01 -2.422415763139724731e-01
6.098908185958862305e-01 -7.677990794181823730e-01 7.291823625564575195e-01 4.548298418521881104e-01 8.639481067657470703e-01 -4.367817044258117676e-01 7.210645079612731934e-01 6.054729223251342773e-01 7.445650100708007812e-01 -1.544215679168701172e-01 2.521850168704986572e-01 -9.204294681549072266e-01 3.566503152251243591e-02 -8.597463965415954590e-01 8.727952241897583008e-01 -1.243132054805755615e-01
5.714502334594726562e-01 -7.886816859245300293e-01 7.265852093696594238e-01 5.390614271163940430e-01 8.436070680618286133e-01 -4.711450040340423584e-01 7.090629339218139648e-01 5.769177675247192383e-01 6.615943908691406250e-01 -7.974376529455184937e-02 3.636070787906646729e-01 -9.101020693778991699e-01 1.651650518178939819e-01 -8.437054753303527832e-01 8.660036325454711914e-01 6.494671106338500977e-04
5.322836041450500488e-01 -8.032104969024658203e-01 7.204426527023315430e-01 6.122436523437500000e-01 8.153832554817199707e-01 -5.018720626831054688e-01 6.872150897979736328e-01 5.409836173057556152e-01 5.582844614982604980e-01 -7.114350795745849609e-03 4.622060060501098633e-01 -8.946557044982910156e-01 2.884556651115417480e-01 -8.229429125785827637e-01 8.546093106269836426e-01 1.281353533267974854e-01
4.931674003601074219e-01 -8.117221593856811523e-01 7.109449505805969238e-01 6.744815707206726074e-01 7.768158912658691406e-01 -5.289723873138427734e-01 6.539610028266906738e-01 4.978750646114349365e-01 4.369893968105316162e-01 6.208349391818046570e-02 5.468113422393798828e-01 -8.723338842391967773e-01 4.007291197776794434e-01 -7.962443232536315918e-01 8.375921249389648438e-01 2.529766559600830078e-01
4.544658660888671875e-01 -8.142272830009460449e-01 6.980801224708557129e-01 7.263038158416748047e-01 7.251455187797546387e-01 -5.524223446846008301e-01 6.080684661865234375e-01 4.478002786636352539e-01 3.041638135910034180e-01 1.264586001634597778e-01 6.177784204483032227e-01 -8.407175540924072266e-01 4.993052482604980469e-01 -7.622429728507995605e-01 8.137935400009155273e-01 3.700298964977264404e-01
4.160801768302917480e-01 -8.105028867721557617e-01 6.815130114555358887e-01 7.684453725814819336e-01 6.579821109771728516e-01 -5.721352696418762207e-01 5.490952134132385254e-01 3.908646106719970703e-01 1.688714325428009033e-01 1.848496496677398682e-01 6.764168739318847656e-01 -7.967260479927062988e-01 5.834920406341552734e-01 -7.196067571640014648e-01 7.821812629699707031e-01 4.750328660011291504e-01
3.775144815444946289e-01 -8.001729249954223633e-01 6.604587435722351074e-01 8.016983270645141602e-01 5.742225646972656250e-01 -5.879350900650024414e-01 4.776580929756164551e-01 3.270582258701324463e-01 3.971856087446212769e-02 2.365379929542541504e-01 7.244343161582946777e-01 -7.367678880691528320e-01 6.539852023124694824e-01 -6.672805547714233398e-01 7.421128749847412109e-01 5.653280615806579590e-01
3.380143344402313232e-01 -7.826936841011047363e-01 6.335927248001098633e-01 8.268198966979980469e-01 4.746467173099517822e-01 -5.995329022407531738e-01 3.951669633388519287e-01 2.563556432723999023e-01 -7.756768912076950073e-02 2.813410162925720215e-01 7.635302543640136719e-01 -6.570708751678466797e-01 7.122244238853454590e-01 -6.046734452247619629e-01 6.933799982070922852e-01 6.400732994079589844e-01
2.966950237751007080e-01 -7.571859359741210938e-01 5.990129113197326660e-01 8.444485068321228027e-01 3.617687821388244629e-01 -6.064938306808471680e-01 3.030785322189331055e-01 1.788821667432785034e-01 -1.805780529975891113e-01 3.195455074310302734e-01 7.951706647872924805e-01 -5.542456507682800293e-01 7.599129080772399902e-01 -5.317245721817016602e-01 6.359304189682006836e-01 6.998851299285888672e-01
2.525967955589294434e-01 -7.221348285675048828e-01 5.542616844177246094e-01 8.549893498420715332e-01 2.391770929098129272e-01 -6.081798076629638672e-01 2.021941393613815308e-01 9.507033228874206543e-02 -2.693005800247192383e-01 3.517409265041351318e-01 8.205046057701110840e-01 -4.262163639068603516e-01 7.987246513366699219e-01 -4.488818347454071045e-01 5.694162845611572266e-01 7.462192773818969727e-01
2.046822309494018555e-01 -6.750341653823852539e-01 4.964567124843597412e-01 8.584597110748291016e-01 1.108993589878082275e-01 -6.036669611930847168e-01 9.253911674022674561e-02 5.757428705692291260e-03 -3.449786603450775146e-01 3.786455392837524414e-01 8.403531908988952637e-01 -2.736164927482604980e-01 8.301512598991394043e-01 -3.570706546306610107e-01 4.928273856639862061e-01 7.808052301406860352e-01
1.518599539995193481e-01 -6.121153831481933594e-01 4.226374626159667969e-01 8.542922139167785645e-01 -1.896524429321289062e-02 -5.916548967361450195e-01 -2.597216144204139709e-02 -8.776828646659851074e-02 -4.092980325222015381e-01 4.009698629379272461e-01 8.552041649818420410e-01 -1.013669893145561218e-01 8.554391860961914062e-01 -2.577071189880371094e-01 4.044484496116638184e-01 8.052644133567810059e-01
9.312599897384643555e-02 -5.284935235977172852e-01 3.304447829723358154e-01 8.411067724227905273e-01 -1.464675664901733398e-01 -5.704072713851928711e-01 -1.522869467735290527e-01 -1.837408840656280518e-01 -4.639471471309661865e-01 4.193165898323059082e-01 8.651587963104248047e-01 8.061292022466659546e-02 8.755797147750854492e-01 -1.527695655822753906e-01 3.023658394813537598e-01 8.208944201469421387e-01
2.785641327500343323e-02 -4.193714261054992676e-01 2.191209197044372559e-01 8.164989948272705078e-01 -2.680634260177612305e-01 -5.377933382987976074e-01 -2.830145359039306641e-01 -2.799021005630493164e-01 -5.104360580444335938e-01 4.341017603874206543e-01 8.697834014892578125e-01 2.589930593967437744e-01 8.913318514823913574e-01 -4.489006102085113525e-02 1.856724321842193604e-01 8.285568952560424805e-01
-4.381706565618515015e-02 -2.828658521175384521e-01 9.050792455673217773e-02 7.769722938537597656e-01 -3.808996677398681641e-01 -4.915102720260620117e-01 -4.121795296669006348e-01 -3.735344409942626953e-01 -5.500642061233520508e-01 4.454917311668395996e-01 8.678117990493774414e-01 4.209696650505065918e-01 9.032577276229858398e-01 6.262874603271484375e-02 5.609945952892303467e-02 8.286018967628479004e-01
-1.206926703453063965e-01 -1.235215216875076294e-01 -5.055512487888336182e-02 7.182193398475646973e-01 -4.829678237438201904e-01 -4.295249879360198975e-01 -5.324130654335021973e-01 -4.615913629531860352e-01 -5.839563608169555664e-01 4.533555209636688232e-01 8.566607236862182617e-01 5.581879019737243652e-01 9.117436408996582031e-01 1.659587323665618896e-01 -8.094848692417144775e-02 8.207770586013793945e-01
