0.000000000000000000e+00 1.000000000000000000e+00
1.278771616845059966e-01 9.917900138232461638e-01
2.536545839095073474e-01 9.672948630390294511e-01
3.752670048793740887e-01 9.269167573460217469e-01
4.907175520039378513e-01 8.713187041233894092e-01
5.981105304912158749e-01 8.014136218679567270e-01
6.956825506034863826e-01 7.183493500977276014e-01
7.818314824680298036e-01 6.234898018587335944e-01
8.551427630053460849e-01 5.183925683105251592e-01
9.144126230158123869e-01 4.047833431223940015e-01
9.586678530366605777e-01 2.845275866310326696e-01
9.871817834144501758e-01 1.595998950333793187e-01
9.994862162006878936e-01 3.205157757165533194e-02
9.953791129491982304e-01 -9.602302590768153900e-02
9.749279121818236193e-01 -2.225209339563143374e-01
9.384684220497604423e-01 -3.453650544213074935e-01
8.865993063730001067e-01 -4.625382902408350927e-01
8.201722545969560851e-01 -5.721166601221694403e-01
7.402779970753157190e-01 -6.723008902613165638e-01
6.482283953077887517e-01 -7.614459583691342015e-01
5.455349012105490392e-01 -8.380881048918403797e-01
4.338837391175582314e-01 -9.009688679024190350e-01
3.151082180236208785e-01 -9.490557470106686377e-01
1.911586287013725405e-01 -9.815591569910653291e-01
6.407021998071323055e-02 -9.979453927503363353e-01
-6.407021998071255053e-02 -9.979453927503363353e-01
-1.911586287013718743e-01 -9.815591569910654401e-01
-3.151082180236202124e-01 -9.490557470106688598e-01
-4.338837391175580094e-01 -9.009688679024191460e-01
-5.455349012105484841e-01 -8.380881048918408238e-01
-6.482283953077881966e-01 -7.614459583691346456e-01
-7.402779970753152750e-01 -6.723008902613170079e-01
-8.201722545969556410e-01 -5.721166601221699954e-01
-8.865993063729999957e-01 -4.625382902408353147e-01
-9.384684220497602203e-01 -3.453650544213081597e-01
-9.749279121818236193e-01 -2.225209339563145872e-01
-9.953791129491981193e-01 -9.602302590768244106e-02
-9.994862162006878936e-01 3.205157757165486010e-02
-9.871817834144502868e-01 1.595998950333784028e-01
-9.586678530366607998e-01 2.845275866310320034e-01
-9.144126230158128310e-01 4.047833431223929468e-01
-8.551427630053464179e-01 5.183925683105244930e-01
-7.818314824680299147e-01 6.234898018587333723e-01
-6.956825506034869377e-01 7.183493500977270463e-01
-5.981105304912162079e-01 8.014136218679565049e-01
-4.907175520039386285e-01 8.713187041233889651e-01
-3.752670048793745883e-01 9.269167573460216358e-01
-2.536545839095083466e-01 9.672948630390291180e-01
-1.278771616845066350e-01 9.917900138232460527e-01
-2.449293598294706414e-16 1.000000000000000000e+00
