4.457328841090202332e-02 3.184175118803977966e-03 -1.393974572420120239e-01 2.037340402603149414e-02 -1.586737036705017090e-01 6.418321281671524048e-02 4.050008580088615417e-02 -1.849429011344909668e-01 3.288971632719039917e-02 -6.351657956838607788e-02 3.545687347650527954e-02 4.116286337375640869e-02 5.341672897338867188e-02 1.311387270689010620e-01 7.248306274414062500e-02 1.276441812515258789e-01
7.714082300662994385e-02 4.668169096112251282e-02 -2.837271690368652344e-01 2.902279607951641083e-03 -2.852237820625305176e-01 1.341687142848968506e-01 -2.758156880736351013e-02 -3.267901539802551270e-01 5.245107412338256836e-02 -1.388808786869049072e-01 3.304828703403472900e-02 1.528645753860473633e-01 1.286617368459701538e-01 2.386962324380874634e-01 1.158411353826522827e-01 2.155660092830657959e-01
9.567393362522125244e-02 1.396622508764266968e-01 -4.244897961616516113e-01 -6.626285612583160400e-02 -3.901578783988952637e-01 2.279288768768310547e-01 -1.635236591100692749e-01 -4.350146353244781494e-01 6.822977960109710693e-02 -2.174304723739624023e-01 -1.207686401903629303e-02 3.127640187740325928e-01 2.017691433429718018e-01 3.068625628948211670e-01 1.251650750637054443e-01 2.602971196174621582e-01
9.799117594957351685e-02 2.821014225482940674e-01 -5.535569190979003906e-01 -1.805951893329620361e-01 -4.775364398956298828e-01 3.502238988876342773e-01 -3.221179246902465820e-01 -5.174196958541870117e-01 8.724538981914520264e-02 -2.950560152530670166e-01 -1.012862771749496460e-01 4.879190325736999512e-01 2.558043003082275391e-01 3.277095556259155273e-01 9.120588004589080811e-02 2.573201656341552734e-01
7.864685356616973877e-02 4.545761644840240479e-01 -6.640141010284423828e-01 -3.120588660240173340e-01 -5.485654473304748535e-01 4.904035925865173340e-01 -4.703606367111206055e-01 -5.786957740783691406e-01 1.157598197460174561e-01 -3.708846271038055420e-01 -2.228661775588989258e-01 6.456020474433898926e-01 2.786456942558288574e-01 2.958008348941802979e-01 1.931957900524139404e-03 2.051550298929214478e-01
2.714416757225990295e-02 6.247555017471313477e-01 -7.524960041046142578e-01 -4.347328841686248779e-01 -6.024007797241210938e-01 6.290152072906494141e-01 -5.916334986686706543e-01 -6.209164857864379883e-01 1.599636375904083252e-01 -4.440834820270538330e-01 -3.563355803489685059e-01 7.658122777938842773e-01 2.617326378822326660e-01 2.099010944366455078e-01 -1.456016600131988525e-01 1.119112893939018250e-01
-6.957880407571792603e-02 7.650318741798400879e-01 -8.198708295822143555e-01 -5.385259985923767090e-01 -6.362524032592773438e-01 7.485467195510864258e-01 -6.800423860549926758e-01 -6.443696618080139160e-01 2.253915667533874512e-01 -5.123022198677062988e-01 -4.858501553535461426e-01 8.450878858566284180e-01 2.020845711231231689e-01 7.923158258199691772e-02 -3.346679508686065674e-01 -2.913095057010650635e-03
-2.184845507144927979e-01 8.640584945678710938e-01 -8.695334196090698242e-01 -6.232185959815979004e-01 -6.452379226684570312e-01 8.397569656372070312e-01 -7.335906028747558594e-01 -6.478279829025268555e-01 3.153193891048431396e-01 -5.725924968719482422e-01 -6.032819151878356934e-01 8.907422423362731934e-01 1.060908287763595581e-01 -7.567659020423889160e-02 -5.320675373077392578e-01 -1.174767389893531799e-01
-4.048963785171508789e-01 9.256489872932434082e-01 -9.053272604942321777e-01 -6.914764642715454102e-01 -6.234366297721862793e-01 9.021686911582946777e-01 -7.497666478157043457e-01 -6.286352872848510742e-01 4.279890060424804688e-01 -6.230637431144714355e-01 -7.045830488204956055e-01 9.127435088157653809e-01 -1.126026362180709839e-02 -2.313927412033081055e-01 -7.031264305114746094e-01 -2.182888984680175781e-01
-5.814846754074096680e-01 9.604902267456054688e-01 -9.304952621459960938e-01 -7.462146282196044922e-01 -5.672025084495544434e-01 9.408485889434814453e-01 -7.239901423454284668e-01 -5.834844112396240234e-01 5.538313388824462891e-01 -6.639153957366943359e-01 -7.875581383705139160e-01 9.185608625411987305e-01 -1.341222822666168213e-01 -3.722839355468750000e-01 -8.276624679565429688e-01 -3.012226521968841553e-01
-6.921966671943664551e-01 9.789586663246154785e-01 -9.475166797637939453e-01 -7.901170849800109863e-01 -4.781070351600646973e-01 9.624434709548950195e-01 -6.527926325798034668e-01 -5.111269354820251465e-01 6.767985820770263672e-01 -6.976082324981689453e-01 -8.516291975975036621e-01 9.110627174377441406e-01 -2.524131834506988525e-01 -4.942338764667510986e-01 -9.047682881355285645e-01 -3.666840493679046631e-01
-7.172064781188964844e-01 9.883276224136352539e-01 -9.582673311233520508e-01 -8.255487084388732910e-01 -3.623953759670257568e-01 9.725914001464843750e-01 -5.408784747123718262e-01 -4.153534770011901855e-01 7.815021872520446777e-01 -7.279926538467407227e-01 -8.981286287307739258e-01 8.879561424255371094e-01 -3.620239198207855225e-01 -5.995402336120605469e-01 -9.453455209732055664e-01 -4.165219068527221680e-01
-6.695894002914428711e-01 9.928945302963256836e-01 -9.641530513763427734e-01 -8.544118404388427734e-01 -2.286222428083419800e-01 9.749234914779663086e-01 -4.022566378116607666e-01 -3.041070103645324707e-01 8.601013422012329102e-01 -7.583471536636352539e-01 -9.300142526626586914e-01 8.421190977096557617e-01 -4.615809321403503418e-01 -6.897132992744445801e-01 -9.622784852981567383e-01 -4.534631967544555664e-01
-5.622434020042419434e-01 9.949473142623901367e-01 -9.660693407058715820e-01 -8.781138062477111816e-01 -8.540233224630355835e-02 9.709530472755432129e-01 -2.532368302345275879e-01 -1.869456917047500610e-01 9.130991101264953613e-01 -7.900642752647399902e-01 -9.507920742034912109e-01 7.625890970230102539e-01 -5.501352548599243164e-01 -7.639341950416564941e-01 -9.649109840393066406e-01 -4.806046485900878906e-01
-4.003437459468841553e-01 9.955978393554687500e-01 -9.642587900161743164e-01 -8.976384997367858887e-01 6.026782467961311340e-02 9.601763486862182617e-01 -1.063496172428131104e-01 -7.348503917455673218e-02 9.459378719329833984e-01 -8.229118585586547852e-01 -9.634428620338439941e-01 6.369912028312683105e-01 -6.267096996307373047e-01 -8.217009305953979492e-01 -9.574655294418334961e-01 -5.006539821624755859e-01
-1.916835159063339233e-01 9.952819943428039551e-01 -9.581733942031860352e-01 -9.135745167732238770e-01 2.033606022596359253e-01 9.399204254150390625e-01 3.172223269939422607e-02 2.862707898020744324e-02 9.652643203735351562e-01 -8.556655645370483398e-01 -9.699099659919738770e-01 4.585465192794799805e-01 -6.904422640800476074e-01 -8.642555475234985352e-01 -9.389489889144897461e-01 -5.156334638595581055e-01
4.413791373372077942e-02 9.939837455749511719e-01 -9.464042186737060547e-01 -9.260406494140625000e-01 3.397207260131835938e-01 9.049184322357177734e-01 1.588985174894332886e-01 1.155013963580131531e-01 9.765197038650512695e-01 -8.863419294357299805e-01 -9.710333943367004395e-01 2.383893132209777832e-01 -7.406832575798034668e-01 -8.940528631210327148e-01 -9.029369950294494629e-01 -5.269729495048522949e-01
2.748895585536956787e-01 9.912788271903991699e-01 -9.269353151321411133e-01 -9.345529079437255859e-01 4.645481109619140625e-01 8.477673530578613281e-01 2.746809720993041992e-01 1.871605515480041504e-01 9.831444621086120605e-01 -9.123578071594238281e-01 -9.668261408805847168e-01 9.397730231285095215e-03 -7.770697474479675293e-01 -9.139847159385681152e-01 -8.384244441986083984e-01 -5.356932282447814941e-01
4.691298305988311768e-01 9.862684011459350586e-01 -8.980368971824645996e-01 -9.380280375480651855e-01 5.725522637367248535e-01 7.624486684799194336e-01 3.781147599220275879e-01 2.461438477039337158e-01 9.869663715362548828e-01 -9.313435554504394531e-01 -9.572402238845825195e-01 -1.944432854652404785e-01 -7.995150685310363770e-01 -9.269654154777526855e-01 -7.360322475433349609e-01 -5.425454974174499512e-01
6.137027144432067871e-01 9.773820638656616211e-01 -8.592456579208374023e-01 -9.350757002830505371e-01 6.603999137878417969e-01 6.495758891105651855e-01 4.681500196456909180e-01 2.955399453639984131e-01 9.889440536499023438e-01 -9.424401521682739258e-01 -9.430079460144042969e-01 -3.588379025459289551e-01 -8.079861402511596680e-01 -9.355016946792602539e-01 -5.969287753105163574e-01 -5.480809211730957031e-01
7.132459282875061035e-01 9.620271921157836914e-01 -8.114418387413024902e-01 -9.243519902229309082e-01 7.283458113670349121e-01 5.174223184585571289e-01 5.445107221603393555e-01 3.377557992935180664e-01 9.896447658538818359e-01 -9.465568065643310547e-01 -9.255604743957519531e-01 -4.858305752277374268e-01 -8.023271560668945312e-01 -9.413909912109375000e-01 -4.328853189945220947e-01 -5.526769757270812988e-01
7.788063287734985352e-01 9.362728595733642578e-01 -7.562904357910156250e-01 -9.047373533248901367e-01 7.792410850524902344e-01 3.777565360069274902e-01 6.076635718345642090e-01 3.744027614593505859e-01 9.894177913665771484e-01 -9.452772140502929688e-01 -9.062644243240356445e-01 -5.828397274017333984e-01 -7.824928164482116699e-01 -9.457501769065856934e-01 -2.596526145935058594e-01 -5.565676093101501465e-01
8.206867575645446777e-01 8.949323296546936035e-01 -6.957181692123413086e-01 -8.753799200057983398e-01 8.167348504066467285e-01 2.410631030797958374e-01 6.584780216217041016e-01 4.065803587436676025e-01 9.884599447250366211e-01 -9.398048520088195801e-01 -8.858949542045593262e-01 -6.571108698844909668e-01 -7.490713000297546387e-01 -9.491798877716064453e-01 -9.184649586677551270e-02 -5.598817467689514160e-01
8.464686274528503418e-01 8.324952721595764160e-01 -6.315645575523376465e-01 -8.356636762619018555e-01 8.441581130027770996e-01 1.141796708106994629e-01 6.980596780776977539e-01 4.350787401199340820e-01 9.868619441986083984e-01 -9.306262135505676270e-01 -8.645235300064086914e-01 -7.143617868423461914e-01 -7.036634683609008789e-01 -9.519316554069519043e-01 6.004215776920318604e-02 -5.626727342605590820e-01
8.612140417098999023e-01 7.451381683349609375e-01 -5.653885602951049805e-01 -7.851181626319885254e-01 8.641332387924194336e-01 3.011226654052734375e-04 7.277120351791381836e-01 4.604736566543579102e-01 9.846354722976684570e-01 -9.176172614097595215e-01 -8.415932655334472656e-01 -7.588465809822082520e-01 -6.487879753112792969e-01 -9.540399312973022461e-01 1.909159570932388306e-01 -5.649306774139404297e-01
8.681747913360595703e-01 6.331682205200195312e-01 -4.984359443187713623e-01 -7.233389616012573242e-01 8.785568475723266602e-01 -9.993546456098556519e-02 7.488907575607299805e-01 4.831737875938415527e-01 9.817212820053100586e-01 -9.002639651298522949e-01 -8.160039782524108887e-01 -7.936878204345703125e-01 -5.873262286186218262e-01 -9.554178118705749512e-01 3.004313707351684570e-01 -5.665766596794128418e-01
8.694427013397216797e-01 5.022156834602355957e-01 -4.317356050014495850e-01 -6.500214338302612305e-01 8.887134790420532227e-01 -1.873145848512649536e-01 7.630974650382995605e-01 5.034484863281250000e-01 9.779869914054870605e-01 -8.778917193412780762e-01 -7.861430644989013672e-01 -8.211768865585327148e-01 -5.218285322189331055e-01 -9.559192657470703125e-01 3.911863565444946289e-01 -5.674414634704589844e-01
8.664184808731079102e-01 3.618163168430328369e-01 -3.662419319152832031e-01 -5.651319622993469238e-01 8.954045176506042480e-01 -2.632435262203216553e-01 7.717329859733581543e-01 5.214385986328125000e-01 9.732219576835632324e-01 -8.499003648757934570e-01 -7.498663663864135742e-01 -8.430010080337524414e-01 -4.540016651153564453e-01 -9.553675055503845215e-01 4.668775200843811035e-01 -5.672290921211242676e-01
8.601146936416625977e-01 2.221257686614990234e-01 -3.029339909553527832e-01 -4.691191613674163818e-01 8.990444540977478027e-01 -3.292874097824096680e-01 7.759563326835632324e-01 5.371481776237487793e-01 9.671300649642944336e-01 -8.159893155097961426e-01 -7.044715285301208496e-01 -8.604076504707336426e-01 -3.845007121562957764e-01 -9.535489678382873535e-01 5.310555100440979004e-01 -5.654661655426025391e-01
8.513399362564086914e-01 9.101874381303787231e-02 -2.428287267684936523e-01 -3.630400002002716064e-01 8.997089862823486328e-01 -3.869307637214660645e-01 7.765796184539794922e-01 5.504150390625000000e-01 9.593170881271362305e-01 -7.763155698776245117e-01 -6.467238664627075195e-01 -8.743197321891784668e-01 -3.130019307136535645e-01 -9.501778483390808105e-01 5.865429043769836426e-01 -5.614368319511413574e-01
8.408105373382568359e-01 -2.701796591281890869e-02 -1.869278699159622192e-01 -2.485666722059249878e-01 8.971268534660339355e-01 -4.374772310256958008e-01 7.739962339401245117e-01 5.608593821525573730e-01 9.492696523666381836e-01 -7.315276265144348145e-01 -5.730375051498413086e-01 -8.854140043258666992e-01 -2.384655475616455078e-01 -9.448390007019042969e-01 6.353198289871215820e-01 -5.541049242019653320e-01
8.292201757431030273e-01 -1.304644793272018433e-01 -1.361490786075592041e-01 -1.279418766498565674e-01 8.906080722808837891e-01 -4.820240736007690430e-01 7.681229114532470703e-01 5.678088068962097168e-01 9.363327622413635254e-01 -6.826683282852172852e-01 -4.799909889698028564e-01 -8.941724896430969238e-01 -1.594884395599365234e-01 -9.369130134582519531e-01 6.786472797393798828e-01 -5.420299172401428223e-01
8.172754049301147461e-01 -2.197527438402175903e-01 -9.128139913082122803e-02 -3.965601325035095215e-03 8.789008855819702148e-01 -5.214672088623046875e-01 7.583383321762084961e-01 5.702040791511535645e-01 9.197092056274414062e-01 -6.309787034988403320e-01 -3.654066920280456543e-01 -9.009141325950622559e-01 -7.469434291124343872e-02 -9.254904389381408691e-01 7.172595262527465820e-01 -5.232940316200256348e-01
8.056979179382324219e-01 -2.963191568851470947e-01 -5.297948420047760010e-02 1.199791952967643738e-01 8.599902391433715820e-01 -5.565111637115478516e-01 7.434172034263610840e-01 5.665102601051330566e-01 8.985278010368347168e-01 -5.776619911193847656e-01 -2.300261706113815308e-01 -9.058114290237426758e-01 1.682843267917633057e-02 -9.092926979064941406e-01 7.515391111373901367e-01 -4.954783618450164795e-01
7.951868772506713867e-01 -3.619511425495147705e-01 -2.179583348333835602e-02 2.399823367595672607e-01 8.309290409088134766e-01 -5.876795649528503418e-01 7.214781045913696289e-01 5.547044873237609863e-01 8.720456361770629883e-01 -5.236911773681640625e-01 -7.909695804119110107e-02 -9.088931083679199219e-01 1.150284633040428162e-01 -8.866561651229858398e-01 7.816593647003173828e-01 -4.557519555091857910e-01
7.863342165946960449e-01 -4.184131324291229248e-01 1.755367964506149292e-03 3.519542217254638672e-01 7.879559993743896484e-01 -6.153382062911987305e-01 6.899787783622741699e-01 5.324560999870300293e-01 8.400026559829711914e-01 -4.697548151016235352e-01 7.769707590341567993e-02 -9.100274443626403809e-01 2.184392213821411133e-01 -8.556729555130004883e-01 8.077108860015869141e-01 -4.011464715003967285e-01
7.795085310935974121e-01 -4.672723114490509033e-01 1.711012609302997589e-02 4.523256719112396240e-01 7.272763252258300781e-01 -6.397422552108764648e-01 6.457958817481994629e-01 4.975734651088714600e-01 8.029913902282714844e-01 -4.163942933082580566e-01 2.289779782295227051e-01 -9.088733196258544922e-01 3.240489661693572998e-01 -8.145523071289062500e-01 8.298193812370300293e-01 -3.290550708770751953e-01
7.747685909271240234e-01 -5.098468065261840820e-01 2.356434985995292664e-02 5.387656688690185547e-01 6.465868949890136719e-01 -6.610960960388183594e-01 5.854321718215942383e-01 4.486066699028015137e-01 7.625590562820434570e-01 -3.642519116401672363e-01 3.655431270599365234e-01 -9.047757387161254883e-01 4.277350902557373047e-01 -7.621377706527709961e-01 8.482274413108825684e-01 -2.379143536090850830e-01
7.718759775161743164e-01 -5.472201108932495117e-01 2.022304944694042206e-02 6.104298830032348633e-01 5.466041564941406250e-01 -6.795965433120727539e-01 5.054747462272644043e-01 3.853409588336944580e-01 7.208964228630065918e-01 -3.142376542091369629e-01 4.825118184089660645e-01 -8.965804576873779297e-01 5.251718759536743164e-01 -6.984140872955322266e-01 8.633061051368713379e-01 -1.279598474502563477e-01
7.704094648361206055e-01 -5.802805423736572266e-01 6.030249409377574921e-03 6.676365137100219727e-01 4.314039945602416992e-01 -6.954398155212402344e-01 4.035106301307678223e-01 3.089951872825622559e-01 6.802885532379150391e-01 -2.674994170665740967e-01 5.789481997489929199e-01 -8.823520541191101074e-01 6.128024458885192871e-01 -6.248551607131958008e-01 8.755041360855102539e-01 -1.878045499324798584e-03
7.699083089828491211e-01 -6.097650527954101562e-01 -2.011020481586456299e-02 7.112745046615600586e-01 3.072343468666076660e-01 -7.087969183921813965e-01 2.795294523239135742e-01 2.221035361289978027e-01 6.426136493682861328e-01 -2.252598702907562256e-01 6.563084125518798828e-01 -8.590052723884582520e-01 6.884709000587463379e-01 -5.444526076316833496e-01 8.852783441543579102e-01 1.349410414695739746e-01
7.699760198593139648e-01 -6.362941265106201172e-01 -5.914477258920669556e-02 7.422442436218261719e-01 1.806986033916473389e-01 -7.197739481925964355e-01 1.372423768043518066e-01 1.281084120273590088e-01 6.090478897094726562e-01 -1.886444687843322754e-01 7.170215845108032227e-01 -8.219245076179504395e-01 7.515463829040527344e-01 -4.612439870834350586e-01 8.930391073226928711e-01 2.749041020870208740e-01
7.703247070312500000e-01 -6.603823304176330566e-01 -1.116483807563781738e-01 7.610230445861816406e-01 5.737581104040145874e-02 -7.283708453178405762e-01 -1.579031348228454590e-02 3.073011338710784912e-02 5.800109505653381348e-01 -1.585628986358642578e-01 7.636117339134216309e-01 -7.647796869277954102e-01 8.026348352432250977e-01 -3.794147670269012451e-01 8.991198539733886719e-01 4.095748364925384521e-01
7.707726359367370605e-01 -6.824065446853637695e-01 -1.776082068681716919e-01 7.672942876815795898e-01 -5.878034979104995728e-02 -7.344367504119873047e-01 -1.698733866214752197e-01 -6.669644266366958618e-02 5.553094148635864258e-01 -1.356443166732788086e-01 7.982626557350158691e-01 -6.799274682998657227e-01 8.431059718132019043e-01 -3.024461865425109863e-01 9.037622213363647461e-01 5.314861536026000977e-01
7.712185978889465332e-01 -7.024936079978942871e-01 -2.562335431575775146e-01 7.595348358154296875e-01 -1.654669344425201416e-01 -7.376059889793395996e-01 -3.159271180629730225e-01 -1.616541445255279541e-01 5.343779921531677246e-01 -1.202127933502197266e-01 8.226372599601745605e-01 -5.598723292350769043e-01 8.746377229690551758e-01 -2.327748090028762817e-01 9.071050882339477539e-01 6.356244087219238281e-01
7.716124057769775391e-01 -7.202342152595520020e-01 -3.457581996917724609e-01 7.345045208930969238e-01 -2.617442607879638672e-01 -7.371958494186401367e-01 -4.475762248039245605e-01 -2.524952888488769531e-01 5.165094733238220215e-01 -1.123156026005744934e-01 8.377988934516906738e-01 -4.000646173954010010e-01 8.988827466964721680e-01 -1.719707399606704712e-01 9.091656208038330078e-01 7.199864387512207031e-01
7.719323039054870605e-01 -7.340053319931030273e-01 -4.431585073471069336e-01 6.868144273757934570e-01 -3.475928306579589844e-01 -7.320598959922790527e-01 -5.616085529327392578e-01 -3.381794095039367676e-01 5.010094642639160156e-01 -1.118381395936012268e-01 8.441316485404968262e-01 -2.026650607585906982e-01 9.172764420509338379e-01 -1.210909262299537659e-01 9.098027348518371582e-01 7.851837873458862305e-01
7.721713781356811523e-01 -7.394971251487731934e-01 -5.438108444213867188e-01 6.093538999557495117e-01 -4.234465360641479492e-01 -7.204301953315734863e-01 -6.572085022926330566e-01 -4.179050922393798828e-01 4.872735738754272461e-01 -1.187317296862602234e-01 8.411906361579895020e-01 2.034786343574523926e-02 9.309594631195068359e-01 -8.092906326055526733e-02 9.086502790451049805e-01 8.335149884223937988e-01
7.723295688629150391e-01 -7.271462678909301758e-01 -6.414531469345092773e-01 4.961572289466857910e-01 -4.898577332496643066e-01 -6.998432874679565430e-01 -7.349977493286132812e-01 -4.908545017242431641e-01 4.748147726058959961e-01 -1.333260387182235718e-01 8.274237513542175293e-01 2.476523965597152710e-01 9.407773017883300781e-01 -5.216254293918609619e-02 9.050104618072509766e-01 8.679908514022827148e-01
7.724050283432006836e-01 -6.798135638236999512e-01 -7.291187047958374023e-01 3.482387363910675049e-01 -5.474171638488769531e-01 -6.672708988189697266e-01 -7.965307235717773438e-01 -5.562011599540710449e-01 4.632731080055236816e-01 -1.565983295440673828e-01 7.996822595596313477e-01 4.545841217041015625e-01 9.473290443420410156e-01 -3.559090569615364075e-02 8.976873159408569336e-01 8.916049599647521973e-01
