-7.071067811865474617e-01 7.071067811865475727e-01
-5.204558279155115930e-01 8.821470606595226416e-01
-3.252590043388808305e-01 1.042702509784739995e+00
-1.247214369032761949e-01 1.186136812526358941e+00
7.786405307816990362e-02 1.310094781598817093e+00
2.791710174607404671e-01 1.412541030576947687e+00
4.758940014547050623e-01 1.491793394884809887e+00
6.648028191015831201e-01 1.546550552891517771e+00
8.427955928382789841e-01 1.575913393576444665e+00
1.006949686240912190e+00 1.579399779907323831e+00
1.154569693634096561e+00 1.556952465516988404e+00
1.283231698577611102e+00 1.508940034687138221e+00
1.390823074507336443e+00 1.436150850204624296e+00
1.475577174005030079e+00 1.339780108466283703e+00
1.536102337100094584e+00 1.221410214387146809e+00
1.571404742287816569e+00 1.082984798355481448e+00
1.580904725051001769e+00 9.267768018755495607e-01
1.564446295935319586e+00 7.553511559309489254e-01
1.522299701891831836e+00 5.715226648887719030e-01
1.455156988829527265e+00 3.783097874897183299e-01
1.364120638240627903e+00 1.788850738390220796e-01
1.250685464484967868e+00 -2.347692777856669188e-02
1.116714069979531043e+00 -2.254534388910855447e-01
9.644062613182570187e-01 -4.237280107700094889e-01
7.962629285085875974e-01 -6.150449804266830967e-01
6.150449804266838738e-01 -7.962629285085867092e-01
4.237280107700103771e-01 -9.644062613182562416e-01
2.254534388910864329e-01 -1.116714069979530155e+00
2.347692777856691393e-02 -1.250685464484967646e+00
-1.788850738390211914e-01 -1.364120638240627237e+00
-3.783097874897175528e-01 -1.455156988829526599e+00
-5.715226648887712368e-01 -1.522299701891831392e+00
-7.553511559309480372e-01 -1.564446295935319364e+00
-9.267768018755494497e-01 -1.580904725051001547e+00
-1.082984798355480560e+00 -1.571404742287816569e+00
-1.221410214387147031e+00 -1.536102337100094584e+00
-1.339780108466283259e+00 -1.475577174005030523e+00
-1.436150850204624296e+00 -1.390823074507336443e+00
-1.508940034687137999e+00 -1.283231698577611768e+00
-1.556952465516988404e+00 -1.154569693634097005e+00
-1.579399779907323831e+00 -1.006949686240913522e+00
-1.575913393576444665e+00 -8.427955928382796502e-01
-1.546550552891517771e+00 -6.648028191015833421e-01
-1.491793394884810331e+00 -4.758940014547059505e-01
-1.412541030576948131e+00 -2.791710174607408002e-01
-1.310094781598817981e+00 -7.786405307817112487e-02
-1.186136812526359385e+00 1.247214369032755288e-01
-1.042702509784741105e+00 3.252590043388793317e-01
-8.821470606595233077e-01 5.204558279155107048e-01
-7.071067811865477948e-01 7.071067811865472397e-01
