7.492111995816230774e-03 -1.011332497000694275e-01 -5.365307629108428955e-02 7.570584118366241455e-02 -4.112620651721954346e-02 -3.919585794210433960e-02 -6.396442651748657227e-03 -1.221201568841934204e-01 1.355109154246747494e-03 -7.799393031746149063e-03 3.284142166376113892e-02 -1.742209494113922119e-02 3.890908136963844299e-02 -8.298344910144805908e-03 8.622024953365325928e-02 1.676330417394638062e-01
3.527553007006645203e-02 -1.632855236530303955e-01 -1.427205651998519897e-01 1.418694257736206055e-01 -1.117072701454162598e-01 -6.158597022294998169e-02 -3.834696114063262939e-02 -2.306634187698364258e-01 -1.487644482403993607e-02 -2.405306510627269745e-02 7.258473336696624756e-02 6.997850723564624786e-03 1.185766309499740601e-01 4.101038724184036255e-02 1.553206145763397217e-01 3.152972459793090820e-01
6.495283544063568115e-02 -1.902231425046920776e-01 -2.549051046371459961e-01 1.797331571578979492e-01 -2.107306122779846191e-01 -5.800180137157440186e-02 -1.133517771959304810e-01 -3.351433575153350830e-01 -3.477477654814720154e-02 -4.793626070022583008e-02 1.094067394733428955e-01 8.487139642238616943e-02 2.183336913585662842e-01 1.241289898753166199e-01 2.045497000217437744e-01 4.426922798156738281e-01
8.865392208099365234e-02 -1.768361628055572510e-01 -3.807777166366577148e-01 1.724417656660079956e-01 -3.267845809459686279e-01 -1.979469694197177887e-02 -2.293923497200012207e-01 -4.383068084716796875e-01 -5.251634120941162109e-02 -7.776795327663421631e-02 1.316295862197875977e-01 2.205664962530136108e-01 3.184685707092285156e-01 2.184816449880599976e-01 2.324410825967788696e-01 5.457209348678588867e-01
1.047974526882171631e-01 -1.106602922081947327e-01 -5.108096003532409668e-01 1.067711561918258667e-01 -4.458802044391632080e-01 5.935007706284523010e-02 -3.688541650772094727e-01 -5.379225611686706543e-01 -6.616348028182983398e-02 -1.125215142965316772e-01 1.264573335647583008e-01 4.000002145767211914e-01 4.060631394386291504e-01 3.071248531341552734e-01 2.363713383674621582e-01 6.184461116790771484e-01
1.136698350310325623e-01 1.578719168901443481e-02 -6.337989568710327148e-01 -1.469507813453674316e-02 -5.570024847984313965e-01 1.780133843421936035e-01 -5.088551044464111328e-01 -6.293765902519226074e-01 -7.494112849235534668e-02 -1.525870263576507568e-01 8.210524916648864746e-02 5.888218879699707031e-01 4.748720526695251465e-01 3.802726268768310547e-01 2.107608318328857422e-01 6.549137234687805176e-01
1.148487925529479980e-01 1.885538399219512939e-01 -7.388782501220703125e-01 -1.638786643743515015e-01 -6.534250974655151367e-01 3.236136734485626221e-01 -6.319632530212402344e-01 -7.084258794784545898e-01 -7.780487835407257080e-02 -1.989515870809555054e-01 -4.123270511627197266e-03 7.492834329605102539e-01 5.223710536956787109e-01 4.332183003425598145e-01 1.486093997955322266e-01 6.494704484939575195e-01
1.061371117830276489e-01 3.775158226490020752e-01 -8.200473785400390625e-01 -3.080483973026275635e-01 -7.321869134902954102e-01 4.776750504970550537e-01 -7.303354144096374512e-01 -7.728149294853210449e-01 -7.292406260967254639e-02 -2.513968944549560547e-01 -1.193044483661651611e-01 8.610013723373413086e-01 5.472353696823120117e-01 4.641043543815612793e-01 4.747663438320159912e-02 5.960304737091064453e-01
8.357259631156921387e-02 5.544142723083496094e-01 -8.778794407844543457e-01 -4.319770932197570801e-01 -7.932448983192443848e-01 6.230454444885253906e-01 -8.034293651580810547e-01 -8.223964571952819824e-01 -5.778823047876358032e-02 -3.081315159797668457e-01 -2.451593875885009766e-01 9.261591434478759766e-01 5.478618144989013672e-01 4.735974669456481934e-01 -8.679987490177154541e-02 4.890593290328979492e-01
4.174455255270004272e-02 7.020736932754516602e-01 -9.169582128524780273e-01 -5.339908599853515625e-01 -8.382444381713867188e-01 7.468460798263549805e-01 -8.540006875991821289e-01 -8.583575487136840820e-01 -2.965968661010265350e-02 -3.668893575668334961e-01 -3.697433769702911377e-01 9.590060710906982422e-01 5.218284726142883301e-01 4.648523330688476562e-01 -2.421793341636657715e-01 3.284723460674285889e-01
-2.605793252587318420e-02 8.142939805984497070e-01 -9.426065683364868164e-01 -6.168764829635620117e-01 -8.694558143615722656e-01 8.420163393020629883e-01 -8.853083848953247070e-01 -8.823366761207580566e-01 1.412530615925788879e-02 -4.257696866989135742e-01 -4.873883128166198730e-01 9.737119674682617188e-01 4.666374325752258301e-01 4.426363706588745117e-01 -4.036150276660919189e-01 1.262106448411941528e-01
-1.267967522144317627e-01 8.923709392547607422e-01 -9.592088460922241211e-01 -6.839513778686523438e-01 -8.891844749450683594e-01 9.080700874328613281e-01 -8.994997739791870117e-01 -8.957687616348266602e-01 7.604537904262542725e-02 -4.833583533763885498e-01 -5.950804948806762695e-01 9.794360399246215820e-01 3.822805285453796387e-01 4.121943116188049316e-01 -5.558453202247619629e-01 -9.288243949413299561e-02
-2.635410726070404053e-01 9.419385790824890137e-01 -9.698972702026367188e-01 -7.381255626678466797e-01 -8.994203805923461914e-01 9.496765136718750000e-01 -8.967728614807128906e-01 -8.994585275650024414e-01 1.578561365604400635e-01 -5.385261774063110352e-01 -6.904641389846801758e-01 9.808664321899414062e-01 2.743337452411651611e-01 3.781283497810363770e-01 -6.865212917327880859e-01 -3.005915582180023193e-01
-4.274374842643737793e-01 9.705816507339477539e-01 -9.767718315124511719e-01 -7.818399667739868164e-01 -9.016119837760925293e-01 9.736821055412292480e-01 -8.753564953804016113e-01 -8.932808041572570801e-01 2.592457234859466553e-01 -5.903575420379638672e-01 -7.715929746627807617e-01 9.801084995269775391e-01 1.535149663686752319e-01 3.431089520454406738e-01 -7.889562845230102539e-01 -4.774164855480194092e-01
-5.916913747787475586e-01 9.857153296470642090e-01 -9.811830520629882812e-01 -8.171561956405639648e-01 -8.965264558792114258e-01 9.864929318428039551e-01 -8.327220082283020020e-01 -8.760178089141845703e-01 3.761968612670898438e-01 -6.383341550827026367e-01 -8.374180793762207031e-01 9.779739379882812500e-01 3.097420185804367065e-02 3.063631355762481689e-01 -8.627943992614746094e-01 -6.162946224212646484e-01
-7.209175825119018555e-01 9.930987358093261719e-01 -9.839484691619873047e-01 -8.458306193351745605e-01 -8.840591907501220703e-01 9.928463697433471680e-01 -7.682516574859619141e-01 -8.456081151962280273e-01 5.003979206085205078e-01 -6.825537681579589844e-01 -8.881442546844482422e-01 9.744690656661987305e-01 -8.578018099069595337e-02 2.622712254524230957e-01 -9.121786355972290039e-01 -7.188043594360351562e-01
-7.956079244613647461e-01 9.964474439620971680e-01 -9.855213761329650879e-01 -8.693379163742065430e-01 -8.629176020622253418e-01 9.957326650619506836e-01 -6.856435537338256836e-01 -7.998440265655517578e-01 6.209306716918945312e-01 -7.236340641975402832e-01 -9.252099394798278809e-01 9.688701033592224121e-01 -1.934530138969421387e-01 2.006034255027770996e-01 -9.429636597633361816e-01 -7.906445264816284180e-01
-8.221257925033569336e-01 9.978358149528503418e-01 -9.861450195312500000e-01 -8.888572454452514648e-01 -8.303020000457763672e-01 9.968146681785583496e-01 -5.913934707641601562e-01 -7.366436719894409180e-01 7.277814149856567383e-01 -7.621371150016784668e-01 -9.509516954421997070e-01 9.596923589706420898e-01 -2.912935018539428711e-01 1.102710962295532227e-01 -9.606872797012329102e-01 -8.389414548873901367e-01
-8.165771365165710449e-01 9.982986450195312500e-01 -9.859595894813537598e-01 -9.052770137786865234e-01 -7.817568778991699219e-01 9.968945980072021484e-01 -4.902031123638153076e-01 -6.536448001861572266e-01 8.147178888320922852e-01 -7.979747056961059570e-01 -9.680408239364624023e-01 9.444122314453125000e-01 -3.794373869895935059e-01 -1.459923759102821350e-02 -9.697344303131103516e-01 -8.705213665962219238e-01
-7.886903285980224609e-01 9.983010888099670410e-01 -9.850195050239562988e-01 -9.192407727241516113e-01 -7.115041017532348633e-01 9.962431788444519043e-01 -3.829658031463623047e-01 -5.488831996917724609e-01 8.799121379852294922e-01 -8.304190635681152344e-01 -9.789345264434814453e-01 9.185501933097839355e-01 -4.582974314689636230e-01 -1.699492782354354858e-01 -9.732092022895812988e-01 -8.908637166023254395e-01
-7.384842634201049805e-01 9.980131387710571289e-01 -9.832273721694946289e-01 -9.312038421630859375e-01 -6.140367984771728516e-01 9.947488307952880859e-01 -2.686803638935089111e-01 -4.234341382980346680e-01 9.250142574310302734e-01 -8.586034774780273438e-01 -9.855713844299316406e-01 8.739489316940307617e-01 -5.285545587539672852e-01 -3.410228490829467773e-01 -9.729989767074584961e-01 -9.039022922515869141e-01
-6.586732864379882812e-01 9.974318742752075195e-01 -9.802033305168151855e-01 -9.414763450622558594e-01 -4.873451292514801025e-01 9.918681383132934570e-01 -1.474450528621673584e-01 -2.840155363082885742e-01 9.538133144378662109e-01 -8.820187449455261230e-01 -9.893053770065307617e-01 7.967573404312133789e-01 -5.911256074905395508e-01 -5.070898532867431641e-01 -9.697744846343994141e-01 -9.123008251190185547e-01
-5.380132794380187988e-01 9.963929653167724609e-01 -9.750714302062988281e-01 -9.502457380294799805e-01 -3.355355560779571533e-01 9.863103628158569336e-01 -2.181170880794525146e-02 -1.423961520195007324e-01 9.709483385086059570e-01 -9.007828235626220703e-01 -9.909497499465942383e-01 6.676961183547973633e-01 -6.469404697418212891e-01 -6.501033306121826172e-01 -9.627526402473449707e-01 -9.177913665771484375e-01
-3.665368854999542236e-01 9.944602847099304199e-01 -9.660785198211669922e-01 -9.575594067573547363e-01 -1.676304042339324951e-01 9.752441644668579102e-01 1.044540405273437500e-01 -1.099893450736999512e-02 9.807729721069335938e-01 -9.156641364097595215e-01 -9.908171892166137695e-01 4.716110229492187500e-01 -6.966537833213806152e-01 -7.610166072845458984e-01 -9.489094614982604980e-01 -9.214488863945007324e-01
-1.457384824752807617e-01 9.906142950057983398e-01 -9.499893784523010254e-01 -9.632182717323303223e-01 5.745381116867065430e-03 9.526895284652709961e-01 2.278342545032501221e-01 1.018924415111541748e-01 9.865134954452514648e-01 -9.276779294013977051e-01 -9.887052774429321289e-01 2.219383567571640015e-01 -7.404935359954833984e-01 -8.399218320846557617e-01 -9.212901592254638672e-01 -9.239094257354736328e-01
9.695616364479064941e-02 9.826620817184448242e-01 -9.217230081558227539e-01 -9.665696620941162109e-01 1.736292690038681030e-01 9.076135158538818359e-01 3.439757227897644043e-01 1.940343081951141357e-01 9.899652004241943359e-01 -9.370277523994445801e-01 -9.839532375335693359e-01 -2.862507104873657227e-02 -7.782893776893615723e-01 -8.924958705902099609e-01 -8.680202960968017578e-01 -9.255447387695312500e-01
3.140736818313598633e-01 9.664272069931030273e-01 -8.755685091018676758e-01 -9.663968682289123535e-01 3.254128098487854004e-01 8.257160186767578125e-01 4.473991990089416504e-01 2.678875327110290527e-01 9.918605685234069824e-01 -9.422496557235717773e-01 -9.760006666183471680e-01 -2.331103384494781494e-01 -8.094749450683593750e-01 -9.261400103569030762e-01 -7.786184549331665039e-01 -9.265923500061035156e-01
4.767526090145111084e-01 9.344033002853393555e-01 -8.078515529632568359e-01 -9.610659480094909668e-01 4.541569948196411133e-01 6.984272003173828125e-01 5.349943637847900391e-01 3.275041878223419189e-01 9.925216436386108398e-01 -9.411379098892211914e-01 -9.652085900306701660e-01 -3.837032318115234375e-01 -8.330108523368835449e-01 -9.472928047180175781e-01 -6.550168991088867188e-01 -9.272164106369018555e-01
5.861515998840332031e-01 8.739364147186279297e-01 -7.184878587722778320e-01 -9.485864639282226562e-01 5.585736036300659180e-01 5.315001010894775391e-01 6.072111129760742188e-01 3.763180375099182129e-01 9.921602010726928711e-01 -9.320404529571533203e-01 -9.526091814041137695e-01 -4.924399256706237793e-01 -8.475573658943176270e-01 -9.606343507766723633e-01 -5.085748434066772461e-01 -9.275062680244445801e-01
6.539422869682312012e-01 7.685780525207519531e-01 -6.108472943305969238e-01 -9.264533519744873047e-01 6.412177681922912598e-01 3.436975181102752686e-01 6.661046743392944336e-01 4.168762862682342529e-01 9.908574819564819336e-01 -9.134357571601867676e-01 -9.389448165893554688e-01 -5.722417831420898438e-01 -8.520390987396240234e-01 -9.692159295082092285e-01 -3.510192632675170898e-01 -9.274792671203613281e-01
6.905525922775268555e-01 6.084569692611694336e-01 -4.905067384243011475e-01 -8.915678262710571289e-01 7.059726119041442871e-01 1.569663435220718384e-01 7.138426303863525391e-01 4.511745572090148926e-01 9.885143041610717773e-01 -8.829847574234008789e-01 -9.241665601730346680e-01 -6.323072314262390137e-01 -8.465048074722290039e-01 -9.748201370239257812e-01 -1.928708851337432861e-01 -9.270970821380615234e-01
7.030934095382690430e-01 4.049558341503143311e-01 -3.634977638721466064e-01 -8.405467271804809570e-01 7.566516995429992676e-01 -1.281732320785522461e-02 7.523499727249145508e-01 4.808205366134643555e-01 9.848299622535705566e-01 -8.374246358871459961e-01 -9.073714613914489746e-01 -6.786231994628906250e-01 -8.327586650848388672e-01 -9.784324169158935547e-01 -4.339885711669921875e-02 -9.262751936912536621e-01
6.960831284523010254e-01 1.882712841033935547e-01 -2.353309094905853271e-01 -7.706053853034973145e-01 7.964876294136047363e-01 -1.586201190948486328e-01 7.834183573722839355e-01 5.070790648460388184e-01 9.792891740798950195e-01 -7.735945582389831543e-01 -8.868576288223266602e-01 -7.150878906250000000e-01 -8.139590024948120117e-01 -9.806039929389953613e-01 9.147374331951141357e-02 -9.248768687248229980e-01
6.724582910537719727e-01 -1.312838494777679443e-02 -1.108630523085594177e-01 -6.805544495582580566e-01 8.280184864997863770e-01 -2.800393700599670410e-01 8.087493181228637695e-01 5.309062600135803223e-01 9.711213111877441406e-01 -6.901631951332092285e-01 -8.600991964340209961e-01 -7.443193793296813965e-01 -7.931813001632690430e-01 -9.816408157348632812e-01 2.103455662727355957e-01 -9.226886034011840820e-01
6.344237327575683594e-01 -1.849321126937866211e-01 5.919359624385833740e-03 -5.709836483001708984e-01 8.531336784362792969e-01 -3.798706531524658203e-01 8.298242688179016113e-01 5.529916286468505859e-01 9.591627120971679688e-01 -5.888516306877136230e-01 -8.235478401184082031e-01 -7.681372165679931641e-01 -7.721341252326965332e-01 -9.816708564758300781e-01 3.147782683372497559e-01 -9.193713068962097168e-01
5.840969085693359375e-01 -3.247528076171875000e-01 1.122535318136215210e-01 -4.436945617198944092e-01 8.731753826141357422e-01 -4.617162644863128662e-01 8.477449417114257812e-01 5.737994313240051270e-01 9.416036605834960938e-01 -4.744504392147064209e-01 -7.723319530487060547e-01 -7.878335118293762207e-01 -7.509251832962036133e-01 -9.806594848632812500e-01 4.069973826408386230e-01 -9.143801331520080566e-01
5.239218473434448242e-01 -4.360128343105316162e-01 2.066898196935653687e-01 -3.012472689151763916e-01 8.890320062637329102e-01 -5.289342403411865234e-01 8.631607294082641602e-01 5.935922265052795410e-01 9.156334400177001953e-01 -3.538002669811248779e-01 -7.001180052757263184e-01 -8.043277859687805176e-01 -7.285556197166442871e-01 -9.783880710601806641e-01 4.886914193630218506e-01 -9.068393707275390625e-01
4.568378329277038574e-01 -5.238491892814636230e-01 2.888790965080261230e-01 -1.470672190189361572e-01 9.011812210083007812e-01 -5.843517184257507324e-01 8.762933015823364258e-01 6.124163866043090820e-01 8.769565820693969727e-01 -2.341576516628265381e-01 -5.996700525283813477e-01 -8.182644844055175781e-01 -7.034863233566284180e-01 -9.743809103965759277e-01 5.608273744583129883e-01 -8.953441977500915527e-01
3.863210976123809814e-01 -5.932636260986328125e-01 3.592374324798583984e-01 1.402771472930908203e-02 9.096444845199584961e-01 -6.302599310874938965e-01 8.870241641998291016e-01 6.300320625305175781e-01 8.191772699356079102e-01 -1.215175539255142212e-01 -4.650023579597473145e-01 -8.300803303718566895e-01 -6.740087270736694336e-01 -9.677454829216003418e-01 6.238665580749511719e-01 -8.776469826698303223e-01
3.165385127067565918e-01 -6.485041975975036621e-01 4.186381995677947998e-01 1.753673851490020752e-01 9.137901663780212402e-01 -6.684812307357788086e-01 8.949951529502868652e-01 6.457766890525817871e-01 7.334467172622680664e-01 -1.947267726063728333e-02 -2.958664000034332275e-01 -8.400534987449645996e-01 -6.384570598602294922e-01 -9.568762779235839844e-01 6.780204176902770996e-01 -8.501826524734497070e-01
2.526736557483673096e-01 -6.929575204849243164e-01 4.681933224201202393e-01 3.288132548332214355e-01 9.118845462799072266e-01 -7.004492282867431641e-01 8.996749520301818848e-01 6.583823561668395996e-01 6.099561452865600586e-01 7.107165455818176270e-02 -1.029503196477890015e-01 -8.483378887176513672e-01 -5.953211188316345215e-01 -9.389777183532714844e-01 7.234501242637634277e-01 -8.074547052383422852e-01
2.008490264415740967e-01 -7.292041778564453125e-01 5.091087818145751953e-01 4.665907025337219238e-01 9.003050923347473145e-01 -7.272961735725402832e-01 9.003499150276184082e-01 6.658498644828796387e-01 4.439829885959625244e-01 1.512580811977386475e-01 9.242340922355651855e-02 -8.549796938896179199e-01 -5.431256890296936035e-01 -9.094891548156738281e-01 7.604612112045288086e-01 -7.416058778762817383e-01
1.666970402002334595e-01 -7.591077089309692383e-01 5.425211787223815918e-01 5.837557315826416016e-01 8.726624250411987305e-01 -7.499418258666992188e-01 8.960041999816894531e-01 6.655228137969970703e-01 2.452718317508697510e-01 2.228035926818847656e-01 2.682983279228210449e-01 -8.598991632461547852e-01 -4.796702265739440918e-01 -8.619349002838134766e-01 7.897529602050781250e-01 -6.431751847267150879e-01
1.529277861118316650e-01 -7.839313745498657227e-01 5.692052245140075684e-01 6.791777610778808594e-01 8.200132846832275391e-01 -7.691551446914672852e-01 8.850565552711486816e-01 6.542838811874389648e-01 3.971831500530242920e-02 2.864472568035125732e-01 4.129660129547119141e-01 -8.628121614456176758e-01 -4.006451368331909180e-01 -7.894414663314819336e-01 8.125742077827453613e-01 -5.043126344680786133e-01
1.579120457172393799e-01 -8.045254349708557129e-01 5.891649723052978516e-01 7.544698715209960938e-01 7.339267730712890625e-01 -7.855648398399353027e-01 8.649122714996337891e-01 6.285430788993835449e-01 -1.439681798219680786e-01 3.417317867279052734e-01 5.261292457580566406e-01 -8.630710840225219727e-01 -2.993577122688293457e-01 -6.886844038963317871e-01 8.305032849311828613e-01 -3.235724866390228271e-01
1.762943863868713379e-01 -8.215583562850952148e-01 6.011927723884582520e-01 8.124223947525024414e-01 6.114326715469360352e-01 -7.996388077735900879e-01 8.312942981719970703e-01 5.840460062026977539e-01 -2.893074750900268555e-01 3.880896568298339844e-01 6.133495569229125977e-01 -8.593963980674743652e-01 -1.702398657798767090e-01 -5.633864402770996094e-01 8.449307084083557129e-01 -1.086824238300323486e-01
2.009646147489547729e-01 -8.356673717498779297e-01 6.023750305175781250e-01 8.560066223144531250e-01 4.571689069271087646e-01 -8.116806745529174805e-01 7.776761054992675781e-01 5.161548852920532227e-01 -3.945621848106384277e-01 4.255593419075012207e-01 6.810874938964843750e-01 -8.494482040405273438e-01 -1.593780517578125000e-02 -4.230040609836578369e-01 8.567280173301696777e-01 1.240923032164573669e-01
2.255715727806091309e-01 -8.474712967872619629e-01 5.876243710517883301e-01 8.878901600837707520e-01 2.813124954700469971e-01 -8.218532204627990723e-01 6.960983276367187500e-01 4.212628602981567383e-01 -4.665309488773345947e-01 4.545212984085083008e-01 7.345665693283081055e-01 -8.291848897933959961e-01 1.489355713129043579e-01 -2.781853079795837402e-01 8.663336038589477539e-01 3.528234958648681641e-01
2.464427947998046875e-01 -8.575128912925720215e-01 5.497551560401916504e-01 9.102181196212768555e-01 9.634121507406234741e-02 -8.301934599876403809e-01 5.808137655258178711e-01 2.991243004798889160e-01 -5.143016576766967773e-01 4.752438664436340332e-01 7.774528861045837402e-01 -7.920088171958923340e-01 3.050391376018524170e-01 -1.376391649246215820e-01 8.740081191062927246e-01 5.551415085792541504e-01
2.626689672470092773e-01 -8.661844730377197266e-01 4.808001220226287842e-01 9.244967699050903320e-01 -8.585175126791000366e-02 -8.365857601165771484e-01 4.326763153076171875e-01 1.545205265283584595e-01 -5.458232164382934570e-01 4.878537058830261230e-01 8.121698498725891113e-01 -7.278587222099304199e-01 4.394362270832061768e-01 -7.229745388031005859e-03 8.799827098846435547e-01 7.150723934173583984e-01
