1.065656077116727829e-02 -1.019445508718490601e-01 -5.031351000070571899e-02 7.679905742406845093e-02 -2.984890714287757874e-02 -4.125034436583518982e-02 -7.319687865674495697e-03 -1.255411654710769653e-01 1.097006490454077721e-03 -7.396156899631023407e-03 3.431997820734977722e-02 -2.142613194882869720e-02 4.076819494366645813e-02 -1.163685414940118790e-02 8.794835209846496582e-02 1.613482385873794556e-01
4.328908026218414307e-02 -1.643310189247131348e-01 -1.357629001140594482e-01 1.451000720262527466e-01 -9.173603355884552002e-02 -6.412293761968612671e-02 -3.629707172513008118e-02 -2.339142411947250366e-01 -1.467400602996349335e-02 -2.356290072202682495e-02 7.672839611768722534e-02 -3.872703760862350464e-03 1.223273575305938721e-01 3.463500738143920898e-02 1.585162580013275146e-01 3.014115691184997559e-01
7.805445790290832520e-02 -1.912191659212112427e-01 -2.443722188472747803e-01 1.862009763717651367e-01 -1.850204765796661377e-01 -6.021149456501007080e-02 -1.056852862238883972e-01 -3.357773721218109131e-01 -3.348183259367942810e-02 -4.803914576768875122e-02 1.173208802938461304e-01 6.420145183801651001e-02 2.234522253274917603e-01 1.160929799079895020e-01 2.097913771867752075e-01 4.216306209564208984e-01
1.065149530768394470e-01 -1.785335987806320190e-01 -3.671287596225738525e-01 1.833750307559967041e-01 -2.983278930187225342e-01 -2.180017903447151184e-02 -2.153835296630859375e-01 -4.347694516181945801e-01 -4.990973696112632751e-02 -7.924954593181610107e-02 1.441501677036285400e-01 1.894682347774505615e-01 3.240981698036193848e-01 2.103797495365142822e-01 2.407764941453933716e-01 5.193870067596435547e-01
1.270196586847305298e-01 -1.154239475727081299e-01 -4.951660931110382080e-01 1.227333098649978638e-01 -4.172886312007904053e-01 5.632410570979118347e-02 -3.502054810523986816e-01 -5.294915437698364258e-01 -6.235838308930397034e-02 -1.159872934222221375e-01 1.440193057060241699e-01 3.625140190124511719e-01 4.115129709243774414e-01 2.994691133499145508e-01 2.493722140789031982e-01 5.894510149955749512e-01
1.400249451398849487e-01 5.037799477577209473e-03 -6.180279254913330078e-01 4.234157502651214600e-03 -5.302305221557617188e-01 1.719809621572494507e-01 -4.887621402740478516e-01 -6.160962581634521484e-01 -7.028464972972869873e-02 -1.582379043102264404e-01 1.041771620512008667e-01 5.524879097938537598e-01 4.800902605056762695e-01 3.716671466827392578e-01 2.304530292749404907e-01 6.255931854248046875e-01
1.453928649425506592e-01 1.707531213760375977e-01 -7.249705195426940918e-01 -1.463344544172286987e-01 -6.296176910400390625e-01 3.127701878547668457e-01 -6.132744550704956055e-01 -6.909903287887573242e-01 -7.281266152858734131e-02 -2.066362202167510986e-01 2.004781365394592285e-02 7.203930616378784180e-01 5.281715989112854004e-01 4.203289151191711426e-01 1.765091866254806519e-01 6.216454505920410156e-01
1.411439031362533569e-01 3.541342616081237793e-01 -8.091514110565185547e-01 -2.947878241539001465e-01 -7.116971015930175781e-01 4.613893628120422363e-01 -7.144483327865600586e-01 -7.523760795593261719e-01 -6.821651756763458252e-02 -2.608569264411926270e-01 -9.668551385402679443e-02 8.412878513336181641e-01 5.552864074707031250e-01 4.422458708286285400e-01 8.292980492115020752e-02 5.720335245132446289e-01
1.232539713382720947e-01 5.283881425857543945e-01 -8.700568675994873047e-01 -4.234691858291625977e-01 -7.758562564849853516e-01 6.024807691574096680e-01 -7.903338074684143066e-01 -8.003387451171875000e-01 -5.396751314401626587e-02 -3.190969228744506836e-01 -2.267823219299316406e-01 9.136447310447692871e-01 5.605282187461853027e-01 4.377657175064086914e-01 -4.711346328258514404e-02 4.731785058975219727e-01
8.599046617746353149e-02 6.765055060386657715e-01 -9.116696119308471680e-01 -5.296189188957214355e-01 -8.234187364578247070e-01 7.247838377952575684e-01 -8.427501320838928223e-01 -8.360625505447387695e-01 -2.715891599655151367e-02 -3.789986968040466309e-01 -3.565635085105895996e-01 9.507654905319213867e-01 5.419380068778991699e-01 4.107692837715148926e-01 -2.031914889812469482e-01 3.268432319164276123e-01
2.235699072480201721e-02 7.916516065597534180e-01 -9.392145872116088867e-01 -6.158076524734497070e-01 -8.564659357070922852e-01 8.217060565948486328e-01 -8.744490146636962891e-01 -8.609830141067504883e-01 1.512032188475131989e-02 -4.384951591491699219e-01 -4.791004359722137451e-01 9.675756096839904785e-01 4.970769882202148438e-01 3.673197627067565918e-01 -3.702449202537536621e-01 1.439698338508605957e-01
-7.454880326986312866e-02 8.741772174835205078e-01 -9.571971893310546875e-01 -6.854002475738525391e-01 -8.771909475326538086e-01 8.918157815933227539e-01 -8.873413801193237305e-01 -8.762388229370117188e-01 7.563532888889312744e-02 -4.960559904575347900e-01 -5.907037854194641113e-01 9.741953611373901367e-01 4.251642823219299316e-01 3.140932917594909668e-01 -5.314040184020996094e-01 -5.525181442499160767e-02
-2.074691802263259888e-01 9.286851286888122559e-01 -9.688994288444519043e-01 -7.414016723632812500e-01 -8.875629901885986328e-01 9.381728172302246094e-01 -8.814833164215087891e-01 -8.823610544204711914e-01 1.565310060977935791e-01 -5.506079792976379395e-01 -6.888008117675781250e-01 9.759010076522827148e-01 3.299094736576080322e-01 2.571305334568023682e-01 -6.717619895935058594e-01 -2.479900121688842773e-01
-3.676373362541198730e-01 9.618234634399414062e-01 -9.765354990959167480e-01 -7.863502502441406250e-01 -8.891131877899169922e-01 9.663385152816772461e-01 -8.549492359161376953e-01 -8.790798187255859375e-01 2.580016255378723145e-01 -6.014703512191772461e-01 -7.715405225753784180e-01 9.750394225120544434e-01 2.198413759469985962e-01 2.004959285259246826e-01 -7.822822332382202148e-01 -4.173472523689270020e-01
-5.292973518371582031e-01 9.804272055625915527e-01 -9.815338850021362305e-01 -8.224071860313415527e-01 -8.827478885650634766e-01 9.821728467941284180e-01 -8.051142692565917969e-01 -8.652343153953552246e-01 3.764433860778808594e-01 -6.484242081642150879e-01 -8.381258249282836914e-01 9.724608659744262695e-01 1.048232987523078918e-01 1.445935219526290894e-01 -8.614211082458496094e-01 -5.555695295333862305e-01
-6.578977108001708984e-01 9.901449680328369141e-01 -9.847705364227294922e-01 -8.514288067817687988e-01 -8.684538602828979492e-01 9.904420375823974609e-01 -7.316115498542785645e-01 -8.389760851860046387e-01 5.034732222557067871e-01 -6.917945146560668945e-01 -8.890547752380371094e-01 9.680862426757812500e-01 -7.757522165775299072e-03 8.468531072139739990e-02 -9.134128093719482422e-01 -6.618629693984985352e-01
-7.326169013977050781e-01 9.949013590812683105e-01 -9.867504239082336426e-01 -8.749837279319763184e-01 -8.448831439018249512e-01 9.944106340408325195e-01 -6.390229463577270508e-01 -7.983542084693908691e-01 6.273972392082214355e-01 -7.322942018508911133e-01 -9.260241985321044922e-01 9.609830975532531738e-01 -1.141194477677345276e-01 1.150949299335479736e-02 -9.449136257171630859e-01 -7.393923997879028320e-01
-7.572739124298095703e-01 9.970713853836059570e-01 -9.877575635910034180e-01 -8.943347334861755371e-01 -8.090473413467407227e-01 9.960314035415649414e-01 -5.353188514709472656e-01 -7.417500019073486328e-01 7.370257377624511719e-01 -7.704905271530151367e-01 -9.515510797500610352e-01 9.493060708045959473e-01 -2.129737585783004761e-01 -8.413231372833251953e-02 -9.623324275016784668e-01 -7.934379577636718750e-01
-7.466180324554443359e-01 9.979430437088012695e-01 -9.879487752914428711e-01 -9.104387760162353516e-01 -7.563966512680053711e-01 9.963151216506958008e-01 -4.269657731056213379e-01 -6.678683757781982422e-01 8.252164125442504883e-01 -8.062676191329956055e-01 -9.684085845947265625e-01 9.300304055213928223e-01 -3.040618598461151123e-01 -2.048470526933670044e-01 -9.706618785858154297e-01 -8.299334049224853516e-01
-7.105945944786071777e-01 9.981496334075927734e-01 -9.873650074005126953e-01 -9.239889979362487793e-01 -6.815917491912841797e-01 9.956429004669189453e-01 -3.167561888694763184e-01 -5.762785673141479492e-01 8.899366855621337891e-01 -8.388366103172302246e-01 -9.791007041931152344e-01 8.981543779373168945e-01 -3.874879479408264160e-01 -3.433679938316345215e-01 -9.733026027679443359e-01 -8.541871905326843262e-01
-6.506106257438659668e-01 9.979579448699951172e-01 -9.858720898628234863e-01 -9.354733228683471680e-01 -5.803746581077575684e-01 9.939262270927429199e-01 -2.054573148488998413e-01 -4.689694344997406006e-01 9.332973957061767578e-01 -8.672081232070922852e-01 -9.855801463127136230e-01 8.453754782676696777e-01 -4.636197090148925781e-01 -4.851388931274414062e-01 -9.722007513046264648e-01 -8.702819347381591797e-01
-5.622368454933166504e-01 9.974145889282226562e-01 -9.830462932586669922e-01 -9.452226758003234863e-01 -4.520942866802215576e-01 9.905652999877929688e-01 -9.376018494367599487e-02 -3.514962792396545410e-01 9.598660469055175781e-01 -8.906776905059814453e-01 -9.891990423202514648e-01 7.589422464370727539e-01 -5.330070257186889648e-01 -6.148492097854614258e-01 -9.679396748542785645e-01 -8.810756206512451172e-01
-4.387762248516082764e-01 9.963786005973815918e-01 -9.779702425003051758e-01 -9.534354209899902344e-01 -3.009173870086669922e-01 9.841179847717285156e-01 1.748996600508689880e-02 -2.320717871189117432e-01 9.749549627304077148e-01 -9.091155529022216797e-01 -9.907662868499755859e-01 6.228434443473815918e-01 -5.961582660675048828e-01 -7.223112583160400391e-01 -9.595919847488403320e-01 -8.884448409080505371e-01
-2.752786278724670410e-01 9.944290518760681152e-01 -9.688472747802734375e-01 -9.601556062698364258e-01 -1.345947682857513428e-01 9.714571237564086914e-01 1.279959529638290405e-01 -1.189040020108222961e-01 9.832233786582946777e-01 -9.230379462242126465e-01 -9.906046390533447266e-01 4.264022111892700195e-01 -6.533010601997375488e-01 -8.042755722999572754e-01 -9.440576434135437012e-01 -8.935632705688476562e-01
-7.549047470092773438e-02 9.905801415443420410e-01 -9.523978233337402344e-01 -9.651662111282348633e-01 3.732375800609588623e-02 9.460929632186889648e-01 2.374735623598098755e-01 -1.770698279142379761e-02 9.878829717636108398e-01 -9.333194494247436523e-01 -9.885632395744323730e-01 1.836067885160446167e-01 -7.042784094810485840e-01 -8.628017306327819824e-01 -9.146912097930908203e-01 -8.971421122550964355e-01
1.383280456066131592e-01 9.827281236648559570e-01 -9.234978556632995605e-01 -9.677961468696594238e-01 2.039978951215744019e-01 8.962630033493041992e-01 3.432317972183227539e-01 6.929472088813781738e-02 9.906190633773803711e-01 -9.403673410415649414e-01 -9.840935468673706055e-01 -5.926817655563354492e-02 -7.485733032226562500e-01 -9.026968479156494141e-01 -8.608034849166870117e-01 -8.996155858039855957e-01
3.297475576400756836e-01 9.668383598327636719e-01 -8.763109445571899414e-01 -9.668082594871520996e-01 3.545572161674499512e-01 8.068956136703491211e-01 4.398403167724609375e-01 1.427951902151107788e-01 9.920741319656372070e-01 -9.433018565177917480e-01 -9.767134189605712891e-01 -2.597639560699462891e-01 -7.852900028228759766e-01 -9.293246269226074219e-01 -7.731733918190002441e-01 -9.012750983238220215e-01
4.750693142414093018e-01 9.356535077095031738e-01 -8.069292902946472168e-01 -9.605169296264648438e-01 4.818896055221557617e-01 6.694515347480773926e-01 5.232636928558349609e-01 2.048304080963134766e-01 9.924751520156860352e-01 -9.403166770935058594e-01 -9.666768312454223633e-01 -4.089384675025939941e-01 -8.131071329116821289e-01 -9.470655918121337891e-01 -6.530752778053283691e-01 -9.023296833038330078e-01
5.732161998748779297e-01 8.771032094955444336e-01 -7.152050137519836426e-01 -9.468708038330078125e-01 5.846518278121948242e-01 4.917126297950744629e-01 5.930055379867553711e-01 2.574950456619262695e-01 9.919431805610656738e-01 -9.295582175254821777e-01 -9.548361301422119141e-01 -5.170889496803283691e-01 -8.305598497390747070e-01 -9.589625000953674316e-01 -5.105859637260437012e-01 -9.029025435447692871e-01
6.325538754463195801e-01 7.756912708282470703e-01 -6.048098802566528320e-01 -9.233891367912292480e-01 6.654258370399475098e-01 2.955136597156524658e-01 6.505045890808105469e-01 3.026471436023712158e-01 9.905028939247131348e-01 -9.090104103088378906e-01 -9.418545961380004883e-01 -5.963686704635620117e-01 -8.368107676506042480e-01 -9.670201539993286133e-01 -3.573918938636779785e-01 -9.030331373214721680e-01
6.613893508911132812e-01 6.218946576118469238e-01 -4.818542897701263428e-01 -8.871928453445434570e-01 7.281753420829772949e-01 1.043968498706817627e-01 6.975694894790649414e-01 3.419660031795501709e-01 9.880322217941284180e-01 -8.759024739265441895e-01 -9.276924133300781250e-01 -6.557430028915405273e-01 -8.326404094696044922e-01 -9.724845290184020996e-01 -2.044091224670410156e-01 -9.026978015899658203e-01
6.658167839050292969e-01 4.252121448516845703e-01 -3.528456687927246094e-01 -8.352991342544555664e-01 7.768105268478393555e-01 -6.634620577096939087e-02 7.359488010406494141e-01 3.769182860851287842e-01 9.842210412025451660e-01 -8.266772031784057617e-01 -9.114706516265869141e-01 -7.011711597442626953e-01 -8.208025693893432617e-01 -9.760910272598266602e-01 -6.046209484338760376e-02 -9.018214941024780273e-01
6.499960422515869141e-01 2.127897143363952637e-01 -2.234930098056793213e-01 -7.652478814125061035e-01 8.146414756774902344e-01 -2.111311554908752441e-01 7.673677206039428711e-01 4.086961746215820312e-01 9.785239100456237793e-01 -7.579929232597351074e-01 -8.914742469787597656e-01 -7.365995049476623535e-01 -8.050177097320556641e-01 -9.782685041427612305e-01 6.969820708036422729e-02 -9.002678394317626953e-01
6.168451309204101562e-01 1.186887919902801514e-02 -9.856648743152618408e-02 -6.757699251174926758e-01 8.442516922950744629e-01 -3.306818604469299316e-01 7.934929132461547852e-01 4.382086098194122314e-01 9.700785875320434570e-01 -6.684993505477905273e-01 -8.650972247123718262e-01 -7.647116184234619141e-01 -7.882274389266967773e-01 -9.792532920837402344e-01 1.855635344982147217e-01 -8.978055715560913086e-01
5.687952637672424316e-01 -1.623831391334533691e-01 1.815533638000488281e-02 -5.669282674789428711e-01 8.675500154495239258e-01 -4.283691644668579102e-01 8.157485723495483398e-01 4.661121666431427002e-01 9.575324058532714844e-01 -5.601824522018432617e-01 -8.286153078079223633e-01 -7.873804569244384766e-01 -7.715623378753662109e-01 -9.791276454925537109e-01 2.888792753219604492e-01 -8.940503597259521484e-01
5.084335803985595703e-01 -3.061581850051879883e-01 1.241000071167945862e-01 -4.398135542869567871e-01 8.858816027641296387e-01 -5.080296993255615234e-01 8.351286649703979492e-01 4.928445219993591309e-01 9.387426972389221191e-01 -4.383743405342102051e-01 -7.768375277519226074e-01 -8.059283494949340820e-01 -7.545106410980224609e-01 -9.778132438659667969e-01 3.815792500972747803e-01 -8.883743882179260254e-01
4.388547241687774658e-01 -4.217832386493682861e-01 2.179572880268096924e-01 -2.964116632938385010e-01 9.001274108886718750e-01 -5.731064081192016602e-01 8.521242141723632812e-01 5.186323523521423340e-01 9.103289842605590820e-01 -3.105333447456359863e-01 -7.029216289520263672e-01 -8.212838172912597656e-01 -7.356097698211669922e-01 -9.750289916992187500e-01 4.648802280426025391e-01 -8.797653317451477051e-01
3.637025952339172363e-01 -5.137665271759033203e-01 2.994859516620635986e-01 -1.399544477462768555e-01 9.107487201690673828e-01 -6.264533996582031250e-01 8.667731881141662598e-01 5.434501767158508301e-01 8.670220375061035156e-01 -1.843767017126083374e-01 -5.989888906478881836e-01 -8.340847492218017578e-01 -7.130038142204284668e-01 -9.701913595199584961e-01 5.392527580261230469e-01 -8.666025400161743164e-01
2.871218621730804443e-01 -5.868308544158935547e-01 3.692020773887634277e-01 2.442051470279693604e-02 9.177352786064147949e-01 -6.703664064407348633e-01 8.787783384323120117e-01 5.669129490852355957e-01 8.008232116699218750e-01 -6.607541441917419434e-02 -4.586344957351684570e-01 -8.447516560554504395e-01 -6.847366094589233398e-01 -9.622143507003784180e-01 6.047030091285705566e-01 -8.463028669357299805e-01
2.139296382665634155e-01 -6.451572775840759277e-01 4.280884563922882080e-01 1.892598569393157959e-01 9.203894734382629395e-01 -7.066619396209716797e-01 8.876233100891113281e-01 5.880951881408691406e-01 7.006253004074096680e-01 4.087353870272636414e-02 -2.822243869304656982e-01 -8.535403013229370117e-01 -6.489167809486389160e-01 -9.491472244262695312e-01 6.610630750656127930e-01 -8.147822022438049316e-01
1.499732732772827148e-01 -6.921728253364562988e-01 4.773882329463958740e-01 3.455134630203247070e-01 9.168328642845153809e-01 -7.367655634880065918e-01 8.926315307617187500e-01 6.053319573402404785e-01 5.548465251922607422e-01 1.357994377613067627e-01 -8.274593204259872437e-02 -8.605784773826599121e-01 -6.038497686386108398e-01 -9.276200532913208008e-01 7.082228660583496094e-01 -7.657745480537414551e-01
1.018271595239639282e-01 -7.305282354354858398e-01 5.184537768363952637e-01 4.848850071430206299e-01 9.031598567962646484e-01 -7.618090510368347168e-01 8.929322957992553711e-01 6.161782145500183105e-01 3.610330522060394287e-01 2.199593782424926758e-01 1.156475320458412170e-01 -8.658853173255920410e-01 -5.479059219360351562e-01 -8.923072218894958496e-01 7.463809251785278320e-01 -6.905080676078796387e-01
7.479038834571838379e-02 -7.621309161186218262e-01 5.525284409523010254e-01 6.024973392486572266e-01 8.726258277893066406e-01 -7.827260494232177734e-01 8.873214721679687500e-01 6.176864504814147949e-01 1.382701396942138672e-01 2.947320342063903809e-01 2.902275919914245605e-01 -8.693565130233764648e-01 -4.784601330757141113e-01 -8.363235592842102051e-01 7.763594388961791992e-01 -5.792564749717712402e-01
7.017289102077484131e-02 -7.882487773895263672e-01 5.803793668746948242e-01 6.975185871124267578e-01 8.164061903953552246e-01 -8.003066778182983398e-01 8.740212917327880859e-01 6.067194938659667969e-01 -7.693074643611907959e-02 3.601417839527130127e-01 4.310222268104553223e-01 -8.706942796707153320e-01 -3.900888562202453613e-01 -7.540858387947082520e-01 7.997150421142578125e-01 -4.262112975120544434e-01
8.446522057056427002e-02 -8.097531199455261230e-01 6.019064188003540039e-01 7.717753648757934570e-01 7.273902893066406250e-01 -8.151860237121582031e-01 8.502660393714904785e-01 5.798384547233581543e-01 -2.543827891349792480e-01 4.153800606727600098e-01 5.399631261825561523e-01 -8.692691922187805176e-01 -2.749988138675689697e-01 -6.457533836364746094e-01 8.182746171951293945e-01 -2.348139286041259766e-01
1.107974201440811157e-01 -8.274038434028625488e-01 6.158106923103332520e-01 8.282285928726196289e-01 6.043025255203247070e-01 -8.278121352195739746e-01 8.116636276245117188e-01 5.330576300621032715e-01 -3.846397399902343750e-01 4.602687954902648926e-01 6.238584518432617188e-01 -8.638954758644104004e-01 -1.288906633853912354e-01 -5.180277824401855469e-01 8.334319591522216797e-01 -1.809969544410705566e-02
1.413492858409881592e-01 -8.419659733772277832e-01 6.191979050636291504e-01 8.700500726699829102e-01 4.520488381385803223e-01 -8.384582400321960449e-01 7.518959641456604004e-01 4.622455537319183350e-01 -4.734634757041931152e-01 4.955287575721740723e-01 6.894273757934570312e-01 -8.524758219718933105e-01 4.064209759235382080e-02 -3.801387548446655273e-01 8.459286093711853027e-01 2.052855342626571655e-01
1.699305474758148193e-01 -8.541543483734130859e-01 6.071591377258300781e-01 9.001177549362182617e-01 2.798417806625366211e-01 -8.472673296928405762e-01 6.642169356346130371e-01 3.646098375320434570e-01 -5.316933393478393555e-01 5.220994949340820312e-01 7.416772246360778809e-01 -8.314405679702758789e-01 2.137257158756256104e-01 -2.403211593627929688e-01 8.561205863952636719e-01 4.156367778778076172e-01
1.935410648584365845e-01 -8.645480275154113770e-01 5.727754831314086914e-01 9.207785129547119141e-01 9.922966361045837402e-02 -8.542730212211608887e-01 5.452824234962463379e-01 2.409384250640869141e-01 -5.694335699081420898e-01 5.406555533409118652e-01 7.839441299438476562e-01 -7.949150204658508301e-01 3.700943589210510254e-01 -1.049516275525093079e-01 8.642687201499938965e-01 5.962684750556945801e-01
2.118747085332870483e-01 -8.735266923904418945e-01 5.081476569175720215e-01 9.337288141250610352e-01 -7.854781299829483032e-02 -8.593656420707702637e-01 3.980714678764343262e-01 9.704865515232086182e-02 -5.941270589828491211e-01 5.516327619552612305e-01 8.183674216270446777e-01 -7.337070703506469727e-01 4.994879364967346191e-01 2.144937217235565186e-02 8.706393241882324219e-01 7.371227741241455078e-01
