2.621600776910781860e-02 -2.854442689567804337e-03 -1.439865529537200928e-01 2.702268958091735840e-02 -1.914057731628417969e-01 4.948391020298004150e-02 3.573268651962280273e-02 -2.020293772220611572e-01 4.727915674448013306e-02 -6.395553052425384521e-02 4.466766864061355591e-02 6.955971568822860718e-02 6.078778207302093506e-02 1.439243406057357788e-01 6.776667386293411255e-02 1.529089659452438354e-01
4.377738386392593384e-02 3.815056756138801575e-02 -3.002768158912658691e-01 1.268605235964059830e-02 -3.324993252754211426e-01 1.115059256553649902e-01 -5.078415200114250183e-02 -3.642494678497314453e-01 7.129535824060440063e-02 -1.304974853992462158e-01 4.696813225746154785e-02 2.266320437192916870e-01 1.496802121400833130e-01 2.587383091449737549e-01 1.032241284847259521e-01 2.638993859291076660e-01
4.868461936712265015e-02 1.431634575128555298e-01 -4.569634199142456055e-01 -6.214869022369384766e-02 -4.435856342315673828e-01 2.093775868415832520e-01 -2.061452567577362061e-01 -4.912058115005493164e-01 8.549638092517852783e-02 -1.914652287960052490e-01 2.397373318672180176e-03 4.280452132225036621e-01 2.358417510986328125e-01 3.280926346778869629e-01 9.557136893272399902e-02 3.255562186241149902e-01
3.729988634586334229e-02 3.116464614868164062e-01 -5.994676947593688965e-01 -1.873545348644256592e-01 -5.328030586242675781e-01 3.466468751430511475e-01 -3.731182515621185303e-01 -5.882607698440551758e-01 1.000715643167495728e-01 -2.449305951595306396e-01 -8.777332305908203125e-02 6.219029426574707031e-01 2.973207831382751465e-01 3.480885624885559082e-01 2.983839064836502075e-02 3.302805125713348389e-01
2.946998924016952515e-03 5.080191493034362793e-01 -7.158010005950927734e-01 -3.255190253257751465e-01 -6.036472916603088379e-01 5.041832923889160156e-01 -5.186362266540527344e-01 -6.598706245422363281e-01 1.233533248305320740e-01 -2.927563190460205078e-01 -2.048761993646621704e-01 7.725476026535034180e-01 3.180082440376281738e-01 3.180904984474182129e-01 -1.039699390530586243e-01 2.739897370338439941e-01
-6.570913642644882202e-02 6.865255832672119141e-01 -8.026649951934814453e-01 -4.497156739234924316e-01 -6.568319201469421387e-01 6.548334360122680664e-01 -6.327829360961914062e-01 -7.091387510299682617e-01 1.626596450805664062e-01 -3.363472819328308105e-01 -3.261136412620544434e-01 8.709577322006225586e-01 2.863345146179199219e-01 2.408819049596786499e-01 -2.924707531929016113e-01 1.667503416538238525e-01
-1.814266443252563477e-01 8.195781707763671875e-01 -8.640381097793579102e-01 -5.528517961502075195e-01 -6.900984644889831543e-01 7.781244516372680664e-01 -7.158081531524658203e-01 -7.369413375854492188e-01 2.242431044578552246e-01 -3.749953210353851318e-01 -4.403823912143707275e-01 9.266802668571472168e-01 1.991520226001739502e-01 1.273681074380874634e-01 -4.996877014636993408e-01 3.700204193592071533e-02
-3.486872911453247070e-01 9.040029048919677734e-01 -9.062311053276062012e-01 -6.362326741218566895e-01 -6.970145106315612793e-01 8.660789728164672852e-01 -7.693706750869750977e-01 -7.412117719650268555e-01 3.120501935482025146e-01 -4.063588082790374756e-01 -5.444387793540954590e-01 9.544572830200195312e-01 6.741865724325180054e-02 -4.236526787281036377e-03 -6.845915317535400391e-01 -8.616656810045242310e-02
-5.460543632507324219e-01 9.513540267944335938e-01 -9.348199963569641113e-01 -7.028455734252929688e-01 -6.672133207321166992e-01 9.218283295631408691e-01 -7.924357652664184570e-01 -7.166203260421752930e-01 4.245705604553222656e-01 -4.279364943504333496e-01 -6.368910074234008789e-01 9.660837054252624512e-01 -8.721148222684860229e-02 -1.361508369445800781e-01 -8.211630582809448242e-01 -1.893238276243209839e-01
-7.196462154388427734e-01 9.757690429687500000e-01 -9.538739919662475586e-01 -7.556684017181396484e-01 -5.906258821487426758e-01 9.537643194198608398e-01 -7.789808511734008789e-01 -6.554471850395202637e-01 5.516362190246582031e-01 -4.393105804920196533e-01 -7.164887189865112305e-01 9.682018160820007324e-01 -2.443968355655670166e-01 -2.595897316932678223e-01 -9.065166711807250977e-01 -2.711181640625000000e-01
-8.201011419296264648e-01 9.877307415008544922e-01 -9.661752581596374512e-01 -7.974808216094970703e-01 -4.642563164234161377e-01 9.700764417648315430e-01 -7.187536954879760742e-01 -5.524132251739501953e-01 6.762584447860717773e-01 -4.443938136100769043e-01 -7.822678685188293457e-01 9.624934196472167969e-01 -3.918314576148986816e-01 -3.763640522956848145e-01 -9.524893760681152344e-01 -3.338757157325744629e-01
-8.426359891891479492e-01 9.934093356132507324e-01 -9.736195802688598633e-01 -8.307275772094726562e-01 -2.962461113929748535e-01 9.762524962425231934e-01 -6.048655509948730469e-01 -4.108142852783203125e-01 7.825679779052734375e-01 -4.511494040489196777e-01 -8.341757059097290039e-01 9.454926252365112305e-01 -5.237446427345275879e-01 -4.918676018714904785e-01 -9.734594225883483887e-01 -3.804280459880828857e-01
-8.026705980300903320e-01 9.960054159164428711e-01 -9.775185585021972656e-01 -8.573546409606933594e-01 -1.040510535240173340e-01 9.745697379112243652e-01 -4.444344937801361084e-01 -2.427695095539093018e-01 8.625270128250122070e-01 -4.680240154266357422e-01 -8.734282255172729492e-01 9.066270589828491211e-01 -6.370692253112792969e-01 -6.061996221542358398e-01 -9.801876544952392578e-01 -4.140467047691345215e-01
-6.987937092781066895e-01 9.970468282699584961e-01 -9.786917567253112793e-01 -8.788270354270935059e-01 9.212595969438552856e-02 9.639198780059814453e-01 -2.600598037242889404e-01 -6.713712960481643677e-02 9.162774085998535156e-01 -5.012927055358886719e-01 -9.020510315895080566e-01 8.248021006584167480e-01 -7.297264933586120605e-01 -7.121547460556030273e-01 -9.786272048950195312e-01 -4.380829334259033203e-01
-5.141969323158264160e-01 9.971756339073181152e-01 -9.773638844490051270e-01 -8.962087035179138184e-01 2.762438952922821045e-01 9.390087127685546875e-01 -7.652460038661956787e-02 9.514094889163970947e-02 9.491842985153198242e-01 -5.549830198287963867e-01 -9.220110774040222168e-01 6.705890297889709473e-01 -8.008909225463867188e-01 -8.002554178237915039e-01 -9.700170159339904785e-01 -4.553430080413818359e-01
-2.433792948722839355e-01 9.964960813522338867e-01 -9.729301929473876953e-01 -9.100912809371948242e-01 4.394633173942565918e-01 8.882207870483398438e-01 9.234315156936645508e-02 2.294591963291168213e-01 9.683660268783569336e-01 -6.302866935729980469e-01 -9.344478249549865723e-01 4.306461513042449951e-01 -8.512170314788818359e-01 -8.647902011871337891e-01 -9.496591091156005859e-01 -4.678804874420166016e-01
7.779683172702789307e-02 9.945918917655944824e-01 -9.637390375137329102e-01 -9.202489256858825684e-01 5.778818130493164062e-01 7.920424342155456543e-01 2.431768178939819336e-01 3.318332433700561523e-01 9.795707464218139648e-01 -7.204707860946655273e-01 -9.391361474990844727e-01 1.466016769409179688e-01 -8.822307586669921875e-01 -9.063091278076171875e-01 -9.028231501579284668e-01 -4.771135449409484863e-01
3.735459446907043457e-01 9.903041720390319824e-01 -9.475404024124145508e-01 -9.251993894577026367e-01 6.885412931442260742e-01 6.355296373367309570e-01 3.760388791561126709e-01 4.068945646286010742e-01 9.860363602638244629e-01 -8.062318563461303711e-01 -9.349346160888671875e-01 -1.103327199816703796e-01 -8.951533436775207520e-01 -9.302825927734375000e-01 -8.046005964279174805e-01 -4.840343594551086426e-01
5.923252701759338379e-01 9.811773300170898438e-01 -9.229555726051330566e-01 -9.222851395606994629e-01 7.702494263648986816e-01 4.344310164451599121e-01 4.907019138336181641e-01 4.626864790916442871e-01 9.894773960113525391e-01 -8.678681254386901855e-01 -9.219191670417785645e-01 -3.095538020133972168e-01 -8.897814750671386719e-01 -9.432210922241210938e-01 -6.394590139389038086e-01 -4.893844425678253174e-01
7.350096106529235840e-01 9.622645378112792969e-01 -8.901673555374145508e-01 -9.084311127662658691e-01 8.261735439300537109e-01 2.267102599143981934e-01 5.865070223808288574e-01 5.060591101646423340e-01 9.910186529159545898e-01 -9.024523496627807617e-01 -9.021193981170654297e-01 -4.569500088691711426e-01 -8.646146059036254883e-01 -9.500258564949035645e-01 -4.178944230079650879e-01 -4.936808049678802490e-01
8.222979903221130371e-01 9.250001907348632812e-01 -8.502785563468933105e-01 -8.811439871788024902e-01 8.622575402259826660e-01 4.104360193014144897e-02 6.628977060317993164e-01 5.414457321166992188e-01 9.913755655288696289e-01 -9.187296032905578613e-01 -8.778866529464721680e-01 -5.657787322998046875e-01 -8.187993764877319336e-01 -9.538023471832275391e-01 -1.704378426074981689e-01 -4.972115755081176758e-01
8.740160465240478516e-01 8.583160042762756348e-01 -8.045407533645629883e-01 -8.391376733779907227e-01 8.845260143280029297e-01 -1.124225705862045288e-01 7.201762199401855469e-01 5.714510679244995117e-01 9.909425973892211914e-01 -9.248715639114379883e-01 -8.508069515228271484e-01 -6.469024419784545898e-01 -7.546312808990478516e-01 -9.562234282493591309e-01 6.489537656307220459e-02 -5.000962018966674805e-01
9.040143489837646484e-01 7.545659542083740234e-01 -7.538287043571472168e-01 -7.822819948196411133e-01 8.978402018547058105e-01 -2.349412143230438232e-01 7.599445581436157227e-01 5.975725650787353516e-01 9.899155497550964355e-01 -9.248235225677490234e-01 -8.215659856796264648e-01 -7.080689668655395508e-01 -6.786385178565979004e-01 -9.580417275428771973e-01 2.600331604480743408e-01 -5.023574829101562500e-01
9.208514094352722168e-01 6.170431971549987793e-01 -6.985174417495727539e-01 -7.111839652061462402e-01 9.056626558303833008e-01 -3.318083286285400391e-01 7.849777936935424805e-01 6.207088828086853027e-01 9.883673787117004395e-01 -9.197140336036682129e-01 -7.901248931884765625e-01 -7.546908855438232422e-01 -5.998031497001647949e-01 -9.594695568084716797e-01 4.070169329643249512e-01 -5.039668083190917969e-01
9.295552968978881836e-01 4.597806930541992188e-01 -6.387546658515930176e-01 -6.269456744194030762e-01 9.101897478103637695e-01 -4.087013900279998779e-01 7.986274957656860352e-01 6.414344310760498047e-01 9.862813949584960938e-01 -9.096266627311706543e-01 -7.558885216712951660e-01 -7.905645370483398438e-01 -5.257574319839477539e-01 -9.604411721229553223e-01 5.127736330032348633e-01 -5.048450231552124023e-01
9.329968690872192383e-01 2.994468808174133301e-01 -5.748676657676696777e-01 -5.312054753303527832e-01 9.126436710357666016e-01 -4.704322814941406250e-01 8.041054606437683105e-01 6.601230502128601074e-01 9.835709333419799805e-01 -8.944751024246215820e-01 -7.178071737289428711e-01 -8.183909654617309570e-01 -4.603187143802642822e-01 -9.607975482940673828e-01 5.887503027915954590e-01 -5.048297643661499023e-01
9.327676296234130859e-01 1.485038101673126221e-01 -5.076237916946411133e-01 -4.261292517185211182e-01 9.135966897010803223e-01 -5.207200646400451660e-01 8.040299415588378906e-01 6.770018339157104492e-01 9.800929427146911621e-01 -8.742637038230895996e-01 -6.744402050971984863e-01 -8.401305079460144043e-01 -4.037001729011535645e-01 -9.603655338287353516e-01 6.448734998703002930e-01 -5.036333203315734863e-01
9.297226667404174805e-01 1.355301588773727417e-02 -4.382585585117340088e-01 -3.142102360725402832e-01 9.132195115089416504e-01 -5.623176693916320801e-01 8.003081083297729492e-01 6.921685338020324707e-01 9.756522178649902344e-01 -8.491484522819519043e-01 -6.240139603614807129e-01 -8.572282195091247559e-01 -3.539729416370391846e-01 -9.589573144912719727e-01 6.880766153335571289e-01 -5.007967352867126465e-01
9.243153333663940430e-01 -1.033308878540992737e-01 -3.683349788188934326e-01 -1.980202198028564453e-01 9.114239811897277832e-01 -5.972319245338439941e-01 7.941970825195312500e-01 7.055866718292236328e-01 9.699951410293579102e-01 -8.194747567176818848e-01 -5.645033717155456543e-01 -8.707546591758728027e-01 -3.083649873733520508e-01 -9.563348889350891113e-01 7.227774858474731445e-01 -4.956366419792175293e-01
9.168081283569335938e-01 -2.027442157268524170e-01 -2.995360493659973145e-01 -8.005005121231079102e-02 9.079182744026184082e-01 -6.269319653511047363e-01 7.863956689834594727e-01 7.170591354370117188e-01 9.627953171730041504e-01 -7.858001589775085449e-01 -4.937817752361297607e-01 -8.814980983734130859e-01 -2.639884054660797119e-01 -9.521647691726684570e-01 7.516957521438598633e-01 -4.871822297573089600e-01
9.074158072471618652e-01 -2.865490317344665527e-01 -2.334717363119125366e-01 3.733863681554794312e-02 9.021991491317749023e-01 -6.525107026100158691e-01 7.771054506301879883e-01 7.261790633201599121e-01 9.536359906196594238e-01 -7.488774657249450684e-01 -4.099105000495910645e-01 -8.900291323661804199e-01 -2.181272655725479126e-01 -9.459639191627502441e-01 7.764956355094909668e-01 -4.741080403327941895e-01
8.964098095893859863e-01 -3.570212721824645996e-01 -1.715493202209472656e-01 1.518991142511367798e-01 8.934949636459350586e-01 -6.747978329658508301e-01 7.660542726516723633e-01 7.322523593902587891e-01 9.419996142387390137e-01 -7.095774412155151367e-01 -3.116384446620941162e-01 -8.967459201812744141e-01 -1.683055013418197632e-01 -9.370376467704772949e-01 7.981994748115539551e-01 -4.546794593334197998e-01
8.841938972473144531e-01 -4.164025783538818359e-01 -1.149222850799560547e-01 2.614833712577819824e-01 8.806675672531127930e-01 -6.944331526756286621e-01 7.524914741516113281e-01 7.341927289962768555e-01 9.272821545600891113e-01 -6.687618494033813477e-01 -1.991062462329864502e-01 -9.019046425819396973e-01 -1.123021915555000305e-01 -9.244130253791809082e-01 8.174350857734680176e-01 -4.267448186874389648e-01
8.713431358337402344e-01 -4.666981697082519531e-01 -6.451092660427093506e-02 3.640787005424499512e-01 8.620882034301757812e-01 -7.119119167327880859e-01 7.351664900779724121e-01 7.304075956344604492e-01 9.088618159294128418e-01 -6.271480321884155273e-01 -7.455949485301971436e-02 -9.056354761123657227e-01 -4.822713136672973633e-02 -9.067931771278381348e-01 8.345822095870971680e-01 -3.878224492073059082e-01
8.585865497589111328e-01 -5.096094608306884766e-01 -2.107705548405647278e-02 4.579276442527770996e-01 8.355313539505004883e-01 -7.276123166084289551e-01 7.122920751571655273e-01 7.187339663505554199e-01 8.862524628639221191e-01 -5.852243304252624512e-01 5.736658349633216858e-02 -9.079422354698181152e-01 2.526569552719593048e-02 -8.825771212577819824e-01 8.498634696006774902e-01 -3.353359699249267578e-01
8.467156887054443359e-01 -5.465366244316101074e-01 1.466635242104530334e-02 5.417113304138183594e-01 7.981829643249511719e-01 -7.418141365051269531e-01 6.814943552017211914e-01 6.965362429618835449e-01 8.593387007713317871e-01 -5.432714223861694336e-01 1.902470141649246216e-01 -9.086809158325195312e-01 1.085950732231140137e-01 -8.500125408172607422e-01 8.634091019630432129e-01 -2.670211493968963623e-01
8.364276885986328125e-01 -5.786146521568298340e-01 4.192828014492988586e-02 6.147077679634094238e-01 7.469134330749511719e-01 -7.547141313552856445e-01 6.397712230682373047e-01 6.610877513885498047e-01 8.286135792732238770e-01 -5.015023350715637207e-01 3.173269033432006836e-01 -9.075048565864562988e-01 2.007673084735870361e-01 -8.075227141380310059e-01 8.753070831298828125e-01 -1.814666390419006348e-01
8.281608223915100098e-01 -6.067619919776916504e-01 5.971555784344673157e-02 6.768210530281066895e-01 6.789494752883911133e-01 -7.664396762847900391e-01 5.835473537445068359e-01 6.102480888366699219e-01 7.952710986137390137e-01 -4.602723717689514160e-01 4.331294894218444824e-01 -9.037572145462036133e-01 2.990171313285827637e-01 -7.541865110397338867e-01 8.856396079063415527e-01 -7.869418710470199585e-02
8.220046162605285645e-01 -6.317293047904968262e-01 6.674207001924514771e-02 7.284493446350097656e-01 5.928928852081298828e-01 -7.770575284957885742e-01 5.090155601501464844e-01 5.432296395301818848e-01 7.610399723052978516e-01 -4.202559888362884521e-01 5.343744754791259766e-01 -8.962814807891845703e-01 3.989363908767700195e-01 -6.902655363082885742e-01 8.945028781890869141e-01 3.933743387460708618e-02
8.177344202995300293e-01 -6.541408896446228027e-01 6.141790002584457397e-02 7.702540159225463867e-01 4.896770119667053223e-01 -7.865772247314453125e-01 4.129981994628906250e-01 4.610998630523681641e-01 7.277927994728088379e-01 -3.824828267097473145e-01 6.199629306793212891e-01 -8.831173777580261230e-01 4.953284263610839844e-01 -6.176097393035888672e-01 9.020107388496398926e-01 1.684383451938629150e-01
8.149427771568298340e-01 -6.745261549949645996e-01 4.196686297655105591e-02 8.029161691665649414e-01 3.728169202804565430e-01 -7.949492931365966797e-01 2.943637669086456299e-01 3.667504787445068359e-01 6.971046924591064453e-01 -3.481812775135040283e-01 6.903824806213378906e-01 -8.610632419586181641e-01 5.835365056991577148e-01 -5.397144556045532227e-01 9.082888960838317871e-01 3.023002743721008301e-01
8.131884336471557617e-01 -6.933414340019226074e-01 6.683509796857833862e-03 8.269183635711669922e-01 2.476487457752227783e-01 -8.020586967468261719e-01 1.554866433143615723e-01 2.643125951290130615e-01 6.699553132057189941e-01 -3.184855878353118896e-01 7.469968795776367188e-01 -8.251496553421020508e-01 6.605430841445922852e-01 -4.612146019935607910e-01 9.134642481803894043e-01 4.332509636878967285e-01
8.120965957641601562e-01 -7.109771370887756348e-01 -4.572897031903266907e-02 8.423248529434204102e-01 1.199963167309761047e-01 -8.077078461647033691e-01 2.711392939090728760e-03 1.582364737987518311e-01 6.466652154922485352e-01 -2.941547036170959473e-01 7.914825677871704102e-01 -7.682215571403503418e-01 7.252945303916931152e-01 -3.868775963783264160e-01 9.176514148712158203e-01 5.536857247352600098e-01
8.113943338394165039e-01 -7.277374267578125000e-01 -1.158429682254791260e-01 8.484799861907958984e-01 -4.982009530067443848e-03 -8.115782737731933594e-01 -1.549231559038162231e-01 5.239161103963851929e-02 6.270313858985900879e-01 -2.754377722740173340e-01 8.254664540290832520e-01 -6.810873746871948242e-01 7.783119082450866699e-01 -3.205979168415069580e-01 9.209356904029846191e-01 6.577396392822265625e-01
8.109015226364135742e-01 -7.437539100646972656e-01 -2.032517194747924805e-01 8.434950709342956543e-01 -1.233835890889167786e-01 -8.131480216979980469e-01 -3.081286847591400146e-01 -5.046765506267547607e-02 6.105467081069946289e-01 -2.621164619922637939e-01 8.503237366676330566e-01 -5.539987683296203613e-01 8.210135102272033691e-01 -2.649618685245513916e-01 9.233499765396118164e-01 7.424274086952209473e-01
8.105056285858154297e-01 -7.587185502052307129e-01 -3.062416017055511475e-01 8.233702182769775391e-01 -2.326593548059463501e-01 -8.115351796150207520e-01 -4.494022130966186523e-01 -1.487248539924621582e-01 5.965989232063293457e-01 -2.536710798740386963e-01 8.670662641525268555e-01 -3.802943825721740723e-01 8.551096320152282715e-01 -2.214209586381912231e-01 9.248398542404174805e-01 8.077396750450134277e-01
8.101372718811035156e-01 -7.711070775985717773e-01 -4.211373627185821533e-01 7.807984352111816406e-01 -3.314315080642700195e-01 -8.052526712417602539e-01 -5.736575126647949219e-01 -2.415276169776916504e-01 5.845980644226074219e-01 -2.495275437831878662e-01 8.762537837028503418e-01 -1.621240675449371338e-01 8.822050094604492188e-01 -1.906338036060333252e-01 9.252040386199951172e-01 8.558468818664550781e-01
8.097539544105529785e-01 -7.760981917381286621e-01 -5.413590669631958008e-01 7.047721743583679199e-01 -4.192118644714355469e-01 -7.919483780860900879e-01 -6.779251694679260254e-01 -3.282708525657653809e-01 5.740366578102111816e-01 -2.493780106306076050e-01 8.778634071350097656e-01 8.461053669452667236e-02 9.035992622375488281e-01 -1.726416051387786865e-01 9.239912033081054688e-01 8.899775743484497070e-01
8.093282580375671387e-01 -7.611500024795532227e-01 -6.571916341781616211e-01 5.845127105712890625e-01 -4.961593747138977051e-01 -7.684036493301391602e-01 -7.612029314041137695e-01 -4.082008302211761475e-01 5.645074248313903809e-01 -2.535306513309478760e-01 8.710160255432128906e-01 3.316927254199981689e-01 9.202324151992797852e-01 -1.670061945915222168e-01 9.203307032585144043e-01 9.134709239006042480e-01
8.088320493698120117e-01 -7.013721466064453125e-01 -7.579185962677001953e-01 4.202025234699249268e-01 -5.629401803016662598e-01 -7.310950756072998047e-01 -8.246731758117675781e-01 -4.803862273693084717e-01 5.557106733322143555e-01 -2.631588280200958252e-01 8.533405661582946777e-01 5.486453175544738770e-01 9.327361583709716797e-01 -1.732666790485382080e-01 9.126518368721008301e-01 9.292156696319580078e-01
