-4.186053946614265442e-02 -5.031832680106163025e-02 -1.865128055214881897e-02 6.659869849681854248e-02 7.473601028323173523e-03 -3.584627993404865265e-03 1.197725348174571991e-02 -1.000873669981956482e-01 -1.195992063730955124e-02 2.571180928498506546e-03 3.131827339529991150e-02 -1.839901815401390195e-04 6.008600071072578430e-02 -3.017318621277809143e-02 2.823652699589729309e-02 1.435278952121734619e-01
-5.363916605710983276e-02 -7.238940894603729248e-02 -7.301712036132812500e-02 1.280402839183807373e-01 -2.242494001984596252e-02 5.462199449539184570e-03 1.890440098941326141e-02 -1.789015233516693115e-01 -4.475905001163482666e-02 -6.282669492065906525e-03 7.114297151565551758e-02 3.066161647439002991e-02 1.331658363342285156e-01 -9.277829900383949280e-03 3.368559852242469788e-02 2.450916469097137451e-01
-5.195193737745285034e-02 -6.745714694261550903e-02 -1.503231078386306763e-01 1.726311594247817993e-01 -8.455581963062286377e-02 3.268767893314361572e-02 2.553249709308147430e-03 -2.497157752513885498e-01 -8.417449891567230225e-02 -2.682851813733577728e-02 1.137627512216567993e-01 9.113824367523193359e-02 2.102261036634445190e-01 5.329640954732894897e-02 2.054127492010593414e-02 3.178247809410095215e-01
-5.030379071831703186e-02 -3.707096725702285767e-02 -2.418874949216842651e-01 1.925752460956573486e-01 -1.697444617748260498e-01 8.265186846256256104e-02 -4.458570852875709534e-02 -3.201861977577209473e-01 -1.230069994926452637e-01 -5.788967758417129517e-02 1.525877714157104492e-01 1.778173744678497314e-01 2.843936085700988770e-01 1.460182219743728638e-01 -8.800990879535675049e-03 3.676642775535583496e-01
-5.725864320993423462e-02 1.640719920396804810e-02 -3.416502475738525391e-01 1.822968572378158569e-01 -2.676544189453125000e-01 1.576846241950988770e-01 -1.205140352249145508e-01 -3.938369750976562500e-01 -1.578763425350189209e-01 -9.746509790420532227e-02 1.815971434116363525e-01 2.835368514060974121e-01 3.508682548999786377e-01 2.552073597908020020e-01 -5.311067774891853333e-02 3.969612717628479004e-01
-7.689480483531951904e-02 8.915749937295913696e-02 -4.447706937789916992e-01 1.382636427879333496e-01 -3.688799738883972168e-01 2.561724483966827393e-01 -2.161492705345153809e-01 -4.704422354698181152e-01 -1.872421205043792725e-01 -1.434117108583450317e-01 1.953960955142974854e-01 3.977401256561279297e-01 4.066959917545318604e-01 3.664979934692382812e-01 -1.109819784760475159e-01 4.061701595783233643e-01
-1.095746755599975586e-01 1.754813194274902344e-01 -5.466952323913574219e-01 6.054867804050445557e-02 -4.661928415298461914e-01 3.715053200721740723e-01 -3.189353346824645996e-01 -5.466969609260559082e-01 -2.102354764938354492e-01 -1.939431279897689819e-01 1.890225410461425781e-01 5.092909336090087891e-01 4.501528739929199219e-01 4.668762683868408203e-01 -1.795425415039062500e-01 3.948640227317810059e-01
-1.527525186538696289e-01 2.684137523174285889e-01 -6.428676247596740723e-01 -4.516624659299850464e-02 -5.549203157424926758e-01 4.930383861064910889e-01 -4.170834422111511230e-01 -6.176874637603759766e-01 -2.259946465492248535e-01 -2.477724999189376831e-01 1.583712100982666016e-01 6.097487807273864746e-01 4.801108837127685547e-01 5.467171669006347656e-01 -2.541027367115020752e-01 3.627872467041015625e-01
-2.020875960588455200e-01 3.613005578517913818e-01 -7.290885448455810547e-01 -1.679122745990753174e-01 -6.326284408569335938e-01 6.090652942657470703e-01 -5.026409626007080078e-01 -6.787925958633422852e-01 -2.333154380321502686e-01 -3.039507567882537842e-01 1.015432104468345642e-01 6.947561502456665039e-01 4.956010580062866211e-01 6.011646986007690430e-01 -3.292000889778137207e-01 3.110905289649963379e-01
-2.527452707290649414e-01 4.491729438304901123e-01 -8.022242784500122070e-01 -2.950291931629180908e-01 -6.984858512878417969e-01 7.102020382881164551e-01 -5.721438527107238770e-01 -7.271147370338439941e-01 -2.305556982755661011e-01 -3.616359233856201172e-01 2.026753127574920654e-02 7.633608579635620117e-01 4.956296086311340332e-01 6.301417350769042969e-01 -4.002532958984375000e-01 2.431198060512542725e-01
-3.004797995090484619e-01 5.291206836700439453e-01 -8.607823252677917480e-01 -4.161819219589233398e-01 -7.526543140411376953e-01 7.914396524429321289e-01 -6.254026293754577637e-01 -7.618393898010253906e-01 -2.157974094152450562e-01 -4.199771285057067871e-01 -8.011461049318313599e-02 8.166044354438781738e-01 4.792641401290893555e-01 6.367945671081542969e-01 -4.645171463489532471e-01 1.639587134122848511e-01
-3.422757983207702637e-01 5.999035835266113281e-01 -9.050087332725524902e-01 -5.250199437141418457e-01 -7.958348989486694336e-01 8.521968126296997070e-01 -6.638349890708923340e-01 -7.836663722991943359e-01 -1.872100532054901123e-01 -4.781112074851989746e-01 -1.922828853130340576e-01 8.563804626464843750e-01 4.459384977817535400e-01 6.251373291015625000e-01 -5.209639072418212891e-01 7.900135219097137451e-02
-3.765541017055511475e-01 6.613655686378479004e-01 -9.365025758743286133e-01 -6.187268495559692383e-01 -8.289378881454467773e-01 8.949307203292846680e-01 -6.892637610435485840e-01 -7.938919663429260254e-01 -1.434455662965774536e-01 -5.351838469505310059e-01 -3.088255524635314941e-01 8.847730159759521484e-01 3.958134651184082031e-01 5.981373190879821777e-01 -5.696511268615722656e-01 -7.292717695236206055e-03
-4.030267894268035889e-01 7.139551639556884766e-01 -9.575952291488647461e-01 -6.968938112258911133e-01 -8.528165817260742188e-01 9.233933687210083008e-01 -7.033233642578125000e-01 -7.936339378356933594e-01 -8.389747142791748047e-02 -5.903477668762207031e-01 -4.233669638633728027e-01 9.037178754806518555e-01 3.300150334835052490e-01 5.569114685058593750e-01 -6.111299991607666016e-01 -9.183677285909652710e-02
-4.223166406154632568e-01 7.584090828895568848e-01 -9.707612395286560059e-01 -7.605213522911071777e-01 -8.680220246315002441e-01 9.413150548934936523e-01 -7.072664499282836914e-01 -7.833777666091918945e-01 -8.798867464065551758e-03 -6.427438259124755859e-01 -5.309517979621887207e-01 9.148207902908325195e-01 2.506659626960754395e-01 5.008270740509033203e-01 -6.460715532302856445e-01 -1.727571487426757812e-01
-4.354710280895233154e-01 7.955631017684936523e-01 -9.782061576843261719e-01 -8.113181591033935547e-01 -8.745419383049011230e-01 9.517208337783813477e-01 -7.019522190093994141e-01 -7.627913951873779297e-01 8.074811846017837524e-02 -6.914888024330139160e-01 -6.280636787414550781e-01 9.192414283752441406e-01 1.607185602188110352e-01 4.279985427856445312e-01 -6.750768423080444336e-01 -2.490416169166564941e-01
-4.434797167778015137e-01 8.262443542480468750e-01 -9.816508293151855469e-01 -8.512471318244934082e-01 -8.714741468429565430e-01 9.567260742187500000e-01 -6.878827810287475586e-01 -7.307023406028747559e-01 1.827175766229629517e-01 -7.356872558593750000e-01 -7.125252485275268555e-01 9.175976514816284180e-01 6.363839656114578247e-02 3.359200358390808105e-01 -6.985954046249389648e-01 -3.202217817306518555e-01
-4.468513131141662598e-01 8.512120246887207031e-01 -9.822649955749511719e-01 -8.822458386421203613e-01 -8.565751314163208008e-01 9.575762748718261719e-01 -6.652256250381469727e-01 -6.851969957351684570e-01 2.940589487552642822e-01 -7.744746804237365723e-01 -7.833576798439025879e-01 9.098486900329589844e-01 -3.699116036295890808e-02 2.223300635814666748e-01 -7.168960571289062500e-01 -3.861497938632965088e-01
-4.452495574951171875e-01 8.711220026016235352e-01 -9.806777238845825195e-01 -9.060658216476440430e-01 -8.256691098213195801e-01 9.547482728958129883e-01 -6.338147521018981934e-01 -6.239185333251953125e-01 4.106012880802154541e-01 -8.070871829986572266e-01 -8.406059741973876953e-01 8.951123952865600586e-01 -1.378588974475860596e-01 8.657290041446685791e-02 -7.300515174865722656e-01 -4.468619823455810547e-01
-4.371595978736877441e-01 8.865032196044921875e-01 -9.769816994667053223e-01 -9.241912961006164551e-01 -7.721549272537231445e-01 9.480018615722656250e-01 -5.931836366653442383e-01 -5.447568297386169434e-01 5.270675420761108398e-01 -8.329381942749023438e-01 -8.851255178451538086e-01 8.713738918304443359e-01 -2.362256944179534912e-01 -6.846811622381210327e-02 -7.379127740859985352e-01 -5.025095343589782715e-01
-4.195807576179504395e-01 8.977329134941101074e-01 -9.706256389617919922e-01 -9.378070831298828125e-01 -6.874916553497314453e-01 9.363180398941040039e-01 -5.427458286285400391e-01 -4.471008181571960449e-01 6.373568773269653320e-01 -8.516718149185180664e-01 -9.183412790298461914e-01 8.351077437400817871e-01 -3.300756812095642090e-01 -2.346045374870300293e-01 -7.400530576705932617e-01 -5.533329844474792480e-01
-3.878898620605468750e-01 9.050025343894958496e-01 -9.600273370742797852e-01 -9.477942585945129395e-01 -5.641888976097106934e-01 9.176915884017944336e-01 -4.822309017181396484e-01 -3.333823978900909424e-01 7.352938055992126465e-01 -8.631629943847656250e-01 -9.419987201690673828e-01 7.810093164443969727e-01 -4.180951714515686035e-01 -3.986049890518188477e-01 -7.356606125831604004e-01 -5.996494889259338379e-01
-3.363386392593383789e-01 9.082438945770263672e-01 -9.416344165802001953e-01 -9.547361731529235840e-01 -4.012978672981262207e-01 8.888230323791503906e-01 -4.122679829597473145e-01 -2.097959220409393311e-01 8.159273862838745117e-01 -8.674710988998413086e-01 -9.579255580902099609e-01 7.023562788963317871e-01 -4.994900226593017578e-01 -5.459830760955810547e-01 -7.233274579048156738e-01 -6.418145895004272461e-01
-2.598374187946319580e-01 9.069520235061645508e-01 -9.080332517623901367e-01 -9.589187502861022949e-01 -2.079807519912719727e-01 8.449871540069580078e-01 -3.346049785614013672e-01 -8.497393131256103516e-02 8.769735097885131836e-01 -8.647916316986083984e-01 -9.678103923797607422e-01 5.927231907844543457e-01 -5.737227797508239746e-01 -6.666067838668823242e-01 -7.006143927574157715e-01 -6.801434755325317383e-01
-1.568824052810668945e-01 8.997904658317565918e-01 -8.449598550796508789e-01 -9.602912068367004395e-01 -8.230358362197875977e-04 7.806715965270996094e-01 -2.514528930187225342e-01 3.289664536714553833e-02 9.194405078887939453e-01 -8.553680181503295898e-01 -9.730063676834106445e-01 4.492513239383697510e-01 -6.403416991233825684e-01 -7.577928304672241211e-01 -6.632497310638427734e-01 -7.148280143737792969e-01
-3.196547180414199829e-02 8.837649226188659668e-01 -7.295153141021728516e-01 -9.583271145820617676e-01 2.022413015365600586e-01 6.915356516838073730e-01 -1.643452197313308716e-01 1.384176760911941528e-01 9.468128681182861328e-01 -8.391007184982299805e-01 -9.743833541870117188e-01 2.761886119842529297e-01 -6.989855766296386719e-01 -8.229125738143920898e-01 -6.039354801177978516e-01 -7.458974719047546387e-01
1.044366508722305298e-01 8.524867892265319824e-01 -5.390610694885253906e-01 -9.516785144805908203e-01 3.863448798656463623e-01 5.773198008537292480e-01 -7.360878586769104004e-02 2.295438498258590698e-01 9.633508920669555664e-01 -8.145256042480468750e-01 -9.722325205802917480e-01 8.579201251268386841e-02 -7.493847608566284180e-01 -8.678681254386901855e-01 -5.111196637153625488e-01 -7.732029557228088379e-01
2.390068471431732178e-01 7.930381894111633301e-01 -2.792522013187408447e-01 -9.374934434890747070e-01 5.416603684425354004e-01 4.437218010425567627e-01 2.091200277209281921e-02 3.068916499614715576e-01 9.726597070693969727e-01 -7.775633335113525391e-01 -9.661636948585510254e-01 -1.055797114968299866e-01 -7.910585403442382812e-01 -8.983813524246215820e-01 -3.700156509876251221e-01 -7.963207364082336426e-01
3.606992363929748535e-01 6.840813755989074707e-01 1.103177666664123535e-03 -9.106374979019165039e-01 6.640648245811462402e-01 3.007598519325256348e-01 1.181195974349975586e-01 3.726651668548583984e-01 9.771170616149902344e-01 -7.220342755317687988e-01 -9.549104571342468262e-01 -2.837908565998077393e-01 -8.226835131645202637e-01 -9.188876152038574219e-01 -1.727796196937561035e-01 -8.142899870872497559e-01
4.637600183486938477e-01 5.066897273063659668e-01 2.479886710643768311e-01 -8.641299605369567871e-01 7.547845840454101562e-01 1.584094315767288208e-01 2.146276235580444336e-01 4.293955564498901367e-01 9.779462814331054688e-01 -6.431924104690551758e-01 -9.360131025314331055e-01 -4.405907690525054932e-01 -8.417869806289672852e-01 -9.325039982795715332e-01 6.185059994459152222e-02 -8.253906369209289551e-01
5.456381440162658691e-01 2.703509926795959473e-01 4.391828179359436035e-01 -7.919610738754272461e-01 8.188563585281372070e-01 2.386499196290969849e-02 3.061192929744720459e-01 4.787853360176086426e-01 9.755016565322875977e-01 -5.404105186462402344e-01 -9.055736064910888672e-01 -5.727026462554931641e-01 -8.454957008361816406e-01 -9.413989186286926270e-01 2.897489964962005615e-01 -8.273442387580871582e-01
6.048340797424316406e-01 1.553300023078918457e-02 5.782620906829833984e-01 -6.927494406700134277e-01 8.627138137817382812e-01 -9.838192164897918701e-02 3.894880414009094238e-01 5.216711759567260742e-01 9.695481061935424805e-01 -4.165669381618499756e-01 -8.588445782661437988e-01 -6.793915629386901855e-01 -8.319858312606811523e-01 -9.471041560173034668e-01 4.754631221294403076e-01 -8.179290294647216797e-01
6.420390009880065918e-01 -2.180591523647308350e-01 6.769679784774780273e-01 -5.708631277084350586e-01 8.921134471893310547e-01 -2.061259746551513672e-01 4.635013341903686523e-01 5.587260127067565918e-01 9.593651890754699707e-01 -2.776324450969696045e-01 -7.916365861892700195e-01 -7.617393732070922852e-01 -8.012453913688659668e-01 -9.506517052650451660e-01 6.109249591827392578e-01 -7.956043481826782227e-01
6.600044965744018555e-01 -4.107631146907806396e-01 7.465202808380126953e-01 -4.336818158626556396e-01 9.113004207611083984e-01 -2.991289794445037842e-01 5.280505418777465820e-01 5.906549692153930664e-01 9.435266256332397461e-01 -1.325586736202239990e-01 -7.009326219558715820e-01 -8.226113319396972656e-01 -7.541594505310058594e-01 -9.526606798171997070e-01 7.042243480682373047e-01 -7.595957517623901367e-01
6.617718935012817383e-01 -5.595071315765380859e-01 7.955361008644104004e-01 -2.879865467548370361e-01 9.230888485908508301e-01 -3.784262537956237793e-01 5.832734107971191406e-01 6.179915666580200195e-01 9.195140600204467773e-01 8.775360882282257080e-03 -5.847638845443725586e-01 -8.658906221389770508e-01 -6.909996867179870605e-01 -9.534552693367004395e-01 7.664015293121337891e-01 -7.093238830566406250e-01
6.496210098266601562e-01 -6.693505048751831055e-01 8.301466107368469238e-01 -1.385730206966400146e-01 9.291875362396240234e-01 -4.456337690353393555e-01 6.291406154632568359e-01 6.409440040588378906e-01 8.832750320434570312e-01 1.385532915592193604e-01 -4.428558349609375000e-01 -8.954776525497436523e-01 -6.107391119003295898e-01 -9.531660676002502441e-01 8.064914941787719727e-01 -6.436442136764526367e-01
6.250568032264709473e-01 -7.478549480438232422e-01 8.545778393745422363e-01 1.094463467597961426e-02 9.304481744766235352e-01 -5.024983286857604980e-01 6.653555631637573242e-01 6.593434810638427734e-01 8.286665678024291992e-01 2.527544200420379639e-01 -2.783301472663879395e-01 -9.146481752395629883e-01 -5.114616155624389648e-01 -9.517837166786193848e-01 8.308684825897216797e-01 -5.603811144828796387e-01
5.893418192863464355e-01 -8.023204803466796875e-01 8.717144727706909180e-01 1.568260788917541504e-01 9.269636869430541992e-01 -5.506582260131835938e-01 6.912970542907714844e-01 6.726446151733398438e-01 7.470094561576843262e-01 3.510036170482635498e-01 -9.930158406496047974e-02 -9.257886409759521484e-01 -3.917360901832580566e-01 -9.491695761680603027e-01 8.436028957366943359e-01 -4.564260840415954590e-01
5.441898107528686523e-01 -8.386737108230590820e-01 8.835384249687194824e-01 2.948037981986999512e-01 9.180042147636413574e-01 -5.915453433990478516e-01 7.058184742927551270e-01 6.799795031547546387e-01 6.278111934661865234e-01 4.352244138717651367e-01 8.151315152645111084e-02 -9.303215742111206055e-01 -2.526890039443969727e-01 -9.450311064720153809e-01 8.467827439308166504e-01 -3.285928964614868164e-01
4.922023415565490723e-01 -8.611562848091125488e-01 8.914381265640258789e-01 4.208387136459350586e-01 9.017755389213562012e-01 -6.263701319694519043e-01 7.068445086479187012e-01 6.802824735641479492e-01 4.628064632415771484e-01 5.079682469367980957e-01 2.502543628215789795e-01 -9.286519289016723633e-01 -9.970780462026596069e-02 -9.388616681098937988e-01 8.406429290771484375e-01 -1.755245774984359741e-01
4.365972578525543213e-01 -8.723627328872680664e-01 8.963996767997741699e-01 5.321079492568969727e-01 8.750561475753784180e-01 -6.561378240585327148e-01 6.909719705581665039e-01 6.724350452423095703e-01 2.548677325248718262e-01 5.710432529449462891e-01 3.966331779956817627e-01 -9.200261831283569336e-01 5.794601514935493469e-02 -9.298545122146606445e-01 8.236634731292724609e-01 -9.071379899978637695e-04
3.802506029605865479e-01 -8.735307455062866211e-01 8.990817070007324219e-01 6.272382736206054688e-01 8.331829905509948730e-01 -6.816579699516296387e-01 6.539135575294494629e-01 6.553024053573608398e-01 2.627885341644287109e-02 6.249548196792602539e-01 5.164893865585327148e-01 -9.023405313491821289e-01 2.099612504243850708e-01 -9.168478846549987793e-01 7.931259274482727051e-01 1.833496391773223877e-01
3.247853219509124756e-01 -8.652343750000000000e-01 8.997839093208312988e-01 7.058975696563720703e-01 7.714728116989135742e-01 -7.035391926765441895e-01 5.931321382522583008e-01 6.275928020477294922e-01 -1.887740939855575562e-01 6.694592237472534180e-01 6.110918521881103516e-01 -8.722131848335266113e-01 3.481989502906799316e-01 -8.984092473983764648e-01 7.468088865280151367e-01 3.588685989379882812e-01
2.704896628856658936e-01 -8.482652306556701660e-01 8.983629941940307617e-01 7.685447335243225098e-01 6.879847645759582520e-01 -7.221874594688415527e-01 5.118064284324645996e-01 5.876893997192382812e-01 -3.662459552288055420e-01 7.046920061111450195e-01 6.846319437026977539e-01 -8.256671428680419922e-01 4.682134985923767090e-01 -8.730506896972656250e-01 6.851643323898315430e-01 5.096629858016967773e-01
2.170303165912628174e-01 -8.237793445587158203e-01 8.941282033920288086e-01 8.164868354797363281e-01 5.844507813453674316e-01 -7.378191947937011719e-01 4.191951453685760498e-01 5.337629318237304688e-01 -5.014868378639221191e-01 7.316543459892272949e-01 7.417529225349426270e-01 -7.590780258178710938e-01 5.689608454704284668e-01 -8.393349051475524902e-01 6.114593148231506348e-01 6.291143298149108887e-01
1.641174554824829102e-01 -7.925565242767333984e-01 8.856585621833801270e-01 8.517186641693115234e-01 4.642072618007659912e-01 -7.504603862762451172e-01 3.257073163986206055e-01 4.642587900161743164e-01 -6.010757684707641602e-01 7.518250942230224609e-01 7.862679362297058105e-01 -6.697285175323486328e-01 6.516737937927246094e-01 -7.957913279533386230e-01 5.297415852546691895e-01 7.187349796295166016e-01
1.115975677967071533e-01 -7.542932629585266113e-01 8.704741597175598145e-01 8.764591813087463379e-01 3.303900361061096191e-01 -7.599020004272460938e-01 2.376416921615600586e-01 3.784492611885070801e-01 -6.739171743392944336e-01 7.666569352149963379e-01 8.209888935089111328e-01 -5.559841394424438477e-01 7.186837196350097656e-01 -7.408449649810791016e-01 4.430922865867614746e-01 7.836943268775939941e-01
5.921608954668045044e-02 -7.073135375976562500e-01 8.446195125579833984e-01 8.926966786384582520e-01 1.861014962196350098e-01 -7.656113505363464355e-01 1.553762704133987427e-01 2.767539322376251221e-01 -7.275487184524536133e-01 7.773420214653015137e-01 8.479672670364379883e-01 -4.175252318382263184e-01 7.725728154182434082e-01 -6.728916764259338379e-01 3.530219197273254395e-01 8.296958804130554199e-01
6.421606987714767456e-03 -6.484557390213012695e-01 8.025014400482177734e-01 9.018970727920532227e-01 3.543338179588317871e-02 -7.665992975234985352e-01 7.461107522249221802e-02 1.608223915100097656e-01 -7.675005197525024414e-01 7.847778201103210449e-01 8.687191009521484375e-01 -2.560481131076812744e-01 8.157181739807128906e-01 -5.904942750930786133e-01 2.594840526580810547e-01 8.616281151771545410e-01
-4.765309765934944153e-02 -5.730077028274536133e-01 7.376922965049743652e-01 9.048395156860351562e-01 -1.160672008991241455e-01 -7.612320780754089355e-01 -1.111117377877235413e-02 3.351734578609466553e-02 -7.976250648498535156e-01 7.896043658256530762e-01 8.843451142311096191e-01 -7.652094960212707520e-02 8.501186370849609375e-01 -4.926280081272125244e-01 1.612050533294677734e-01 8.832188844680786133e-01
